14
bta-mir-345   100.000000 96.666667 91.250000 100.000000 96.703297 92.307692 92.307692 88.636364 85.714286 92.307692 92.307692 85.714286 100.000000 100.000000
cfa-mir-345   96.666667 100.000000 90.000000 96.666667 96.666667 95.000000 95.000000 88.333333 86.666667 95.000000 95.000000 86.666667 96.666667 96.666667
cgr-mir-345   91.250000 90.000000 100.000000 91.250000 91.250000 83.750000 83.750000 80.000000 96.250000 83.750000 83.750000 96.250000 90.000000 91.025641
chi-mir-345   100.000000 96.666667 91.250000 100.000000 95.833333 91.089109 89.795918 88.636364 84.375000 90.816327 90.721649 84.375000 100.000000 100.000000
eca-mir-345   96.703297 96.666667 91.250000 95.833333 100.000000 93.750000 92.708333 89.772727 82.291667 93.750000 92.708333 82.291667 95.000000 96.153846
ggo-mir-345   92.307692 95.000000 83.750000 91.089109 93.750000 100.000000 98.979592 95.454545 75.000000 100.000000 98.969072 75.000000 92.500000 93.589744
hsa-mir-345   92.307692 95.000000 83.750000 89.795918 92.708333 98.979592 100.000000 95.454545 76.041667 98.979592 100.000000 76.041667 92.500000 93.589744
mml-mir-345   88.636364 88.333333 80.000000 88.636364 89.772727 95.454545 95.454545 100.000000 75.000000 95.454545 95.454545 75.000000 87.500000 88.461538
mmu-mir-345   85.714286 86.666667 96.250000 84.375000 82.291667 75.000000 76.041667 75.000000 100.000000 75.000000 76.041667 100.000000 88.750000 89.743590
ppy-mir-345   92.307692 95.000000 83.750000 90.816327 93.750000 100.000000 98.979592 95.454545 75.000000 100.000000 98.969072 75.000000 92.500000 93.589744
ptr-mir-345   92.307692 95.000000 83.750000 90.721649 92.708333 98.969072 100.000000 95.454545 76.041667 98.969072 100.000000 76.041667 92.500000 93.589744
rno-mir-345   85.714286 86.666667 96.250000 84.375000 82.291667 75.000000 76.041667 75.000000 100.000000 75.000000 76.041667 100.000000 88.750000 89.743590
ssc-mir-345-1 100.000000 96.666667 90.000000 100.000000 95.000000 92.500000 92.500000 87.500000 88.750000 92.500000 92.500000 88.750000 100.000000 100.000000
ssc-mir-345-2 100.000000 96.666667 91.025641 100.000000 96.153846 93.589744 93.589744 88.461538 89.743590 93.589744 93.589744 89.743590 100.000000 100.000000
