13
bta-mir-432 100.000000 97.701149 100.000000 96.629213 93.333333 90.000000 91.111111 57.333333 100.000000 90.000000 88.888889 95.000000 95.652174
cfa-mir-432 97.701149 100.000000 97.701149 96.551724 93.103448 93.103448 93.103448 57.333333 97.701149 93.103448 91.954023 95.000000 95.652174
chi-mir-432 100.000000 97.701149 100.000000 96.629213 93.333333 90.000000 91.111111 57.333333 100.000000 90.000000 88.888889 95.000000 95.652174
eca-mir-432 96.629213 96.551724 96.629213 100.000000 95.505618 92.134831 92.134831 57.333333 96.629213 92.134831 91.011236 96.250000 95.652174
ggo-mir-432 93.333333 93.103448 93.333333 95.505618 100.000000 100.000000 97.872340 78.666667 93.333333 100.000000 100.000000 95.000000 95.652174
hsa-mir-432 90.000000 93.103448 90.000000 92.134831 100.000000 100.000000 97.872340 68.000000 90.000000 100.000000 100.000000 95.000000 95.652174
mml-mir-432 91.111111 93.103448 91.111111 92.134831 97.872340 97.872340 100.000000 70.666667 91.111111 97.872340 97.849462 95.000000 97.101449
mmu-mir-432 57.333333 57.333333 57.333333 57.333333 78.666667 68.000000 70.666667 100.000000 57.333333 68.000000 68.000000 58.666667 56.521739
oar-mir-432 100.000000 97.701149 100.000000 96.629213 93.333333 90.000000 91.111111 57.333333 100.000000 90.000000 88.888889 95.000000 95.652174
ppy-mir-432 90.000000 93.103448 90.000000 92.134831 100.000000 100.000000 97.872340 68.000000 90.000000 100.000000 100.000000 95.000000 95.652174
ptr-mir-432 88.888889 91.954023 88.888889 91.011236 100.000000 100.000000 97.849462 68.000000 88.888889 100.000000 100.000000 95.000000 95.652174
ssc-mir-432 95.000000 95.000000 95.000000 96.250000 95.000000 95.000000 95.000000 58.666667 95.000000 95.000000 95.000000 100.000000 94.202899
tch-mir-432 95.652174 95.652174 95.652174 95.652174 95.652174 95.652174 97.101449 56.521739 95.652174 95.652174 95.652174 94.202899 100.000000
