47
aca-mir-146a 100.000000 43.529412 47.058824 61.176471 51.724138 63.934426 51.250000 64.556962 45.882353 63.529412 36.470588 46.250000 52.307692 68.918919 65.000000 55.294118 67.058824 55.294118 48.235294 62.352941 48.235294 65.753425 43.529412 69.117647 48.235294 68.918919 61.538462 60.000000 48.235294 60.000000 91.764706 35.294118 49.333333 48.235294 70.270270 48.235294 65.277778 51.764706 56.470588 50.000000 57.647059 50.000000 55.294118 70.833333 52.777778 44.705882 51.764706
aca-mir-146b 43.529412 100.000000 34.831461 37.078652 37.931034 32.786885 37.500000 36.708861 34.831461 37.078652 31.460674 48.750000 46.153846 33.783784 37.500000 42.696629 35.955056 71.910112 37.078652 30.337079 34.831461 35.616438 38.202247 35.294118 32.584270 32.432432 41.538462 35.955056 38.202247 33.707865 35.955056 34.831461 36.000000 33.707865 33.783784 32.584270 33.333333 31.460674 34.090909 41.025641 33.707865 37.931034 68.539326 37.500000 48.611111 42.696629 59.550562
bta-mir-146a 47.058824 34.831461 100.000000 39.393939 94.827586 52.459016 92.500000 45.569620 97.979798 39.393939 37.373737 51.250000 93.846154 48.648649 45.000000 68.686869 43.434343 44.444444 91.919192 39.393939 90.909091 46.575342 83.516484 51.470588 90.909091 47.297297 86.153846 41.414141 64.646465 42.424242 46.464646 36.363636 44.000000 89.898990 47.297297 90.816327 47.222222 87.368421 42.045455 93.589744 39.393939 91.379310 48.484848 51.388889 61.111111 64.444444 42.424242
bta-mir-146b 61.176471 37.078652 39.393939 100.000000 51.724138 91.803279 47.500000 98.734177 39.393939 99.056604 51.886792 56.250000 53.846154 98.648649 100.000000 45.454545 52.380952 44.339623 37.735849 84.905660 40.404040 89.041096 45.054945 89.705882 39.393939 97.297297 49.230769 94.339623 42.452830 54.716981 49.056604 35.849057 56.000000 40.404040 95.945946 40.816327 88.888889 36.842105 95.454545 47.435897 93.939394 51.724138 46.226415 77.777778 51.388889 46.666667 39.000000
cfa-mir-146a 51.724138 37.931034 94.827586 51.724138 100.000000 51.724138 98.275862 51.724138 94.827586 51.724138 48.275862 56.896552 98.275862 51.724138 51.724138 72.413793 51.724138 48.275862 98.275862 50.000000 96.551724 50.000000 86.206897 56.896552 98.275862 51.724138 91.379310 51.724138 70.689655 56.896552 55.172414 44.827586 50.000000 96.551724 51.724138 98.275862 50.000000 89.655172 51.724138 96.551724 51.724138 96.551724 60.344828 55.172414 67.241379 63.793103 58.620690
cfa-mir-146b 63.934426 32.786885 52.459016 91.803279 51.724138 100.000000 52.459016 91.803279 52.459016 91.803279 67.213115 54.098361 45.901639 91.803279 91.803279 54.098361 62.295082 47.540984 50.819672 78.688525 49.180328 78.688525 49.180328 81.967213 49.180328 90.163934 40.983607 91.803279 54.098361 68.852459 63.934426 55.737705 65.573770 49.180328 88.524590 49.180328 78.688525 45.901639 86.885246 54.098361 90.163934 46.551724 47.540984 70.491803 57.377049 50.819672 47.540984
cgr-mir-146a 51.250000 37.500000 92.500000 47.500000 98.275862 52.459016 100.000000 48.101266 92.500000 47.500000 45.000000 52.500000 95.384615 51.351351 47.500000 75.000000 48.750000 53.750000 95.000000 45.000000 93.750000 49.315068 81.250000 54.411765 95.000000 50.000000 93.846154 47.500000 73.750000 50.000000 53.750000 41.250000 41.333333 93.750000 50.000000 95.000000 50.000000 93.750000 46.250000 91.025641 47.500000 94.827586 57.500000 54.166667 63.888889 61.250000 52.500000
cgr-mir-146b 64.556962 36.708861 45.569620 98.734177 51.724138 91.803279 48.101266 100.000000 45.569620 97.468354 55.696203 56.962025 53.846154 98.648649 98.734177 54.430380 60.759494 51.898734 46.835443 86.075949 46.835443 89.041096 45.569620 89.705882 46.835443 97.297297 49.230769 94.936709 53.164557 70.886076 60.759494 44.303797 56.000000 48.101266 95.945946 46.835443 88.888889 41.772152 93.670886 47.435897 97.468354 51.724138 54.430380 77.777778 51.388889 50.632911 48.101266
chi-mir-146a 45.882353 34.831461 97.979798 39.393939 94.827586 52.459016 92.500000 45.569620 100.000000 39.393939 37.373737 51.250000 93.846154 48.648649 45.000000 69.696970 41.414141 44.444444 92.929293 39.393939 91.919192 46.575342 84.615385 51.470588 92.929293 47.297297 86.153846 39.393939 65.656566 42.424242 44.444444 36.363636 45.333333 90.909091 47.297297 91.836735 47.222222 86.315789 42.045455 93.589744 39.393939 91.379310 48.484848 51.388889 61.111111 65.555556 42.424242
chi-mir-146b 63.529412 37.078652 39.393939 99.056604 51.724138 91.803279 47.500000 97.468354 39.393939 100.000000 49.541284 57.500000 53.846154 98.648649 98.750000 45.454545 54.285714 44.036697 36.697248 83.486239 40.404040 89.041096 45.054945 89.705882 39.393939 97.297297 49.230769 90.825688 41.284404 53.211009 51.401869 34.905660 56.000000 40.404040 95.945946 40.816327 88.888889 37.894737 94.318182 47.435897 92.929293 51.724138 45.871560 77.777778 51.388889 46.666667 39.000000
dre-mir-146a 36.470588 31.460674 37.373737 51.886792 48.275862 67.213115 45.000000 55.696203 37.373737 49.541284 100.000000 41.250000 41.538462 52.702703 57.500000 40.404040 39.047619 34.210526 33.944954 40.909091 35.353535 46.575342 36.263736 50.000000 34.343434 54.054054 43.076923 52.293578 32.456140 34.862385 33.644860 53.773585 40.000000 34.343434 52.702703 35.714286 47.222222 35.789474 59.090909 42.307692 50.505051 44.827586 32.456140 56.944444 43.055556 38.888889 35.000000
dre-mir-146b 46.250000 48.750000 51.250000 56.250000 56.896552 54.098361 52.500000 56.962025 51.250000 57.500000 41.250000 100.000000 56.923077 55.405405 56.250000 57.500000 57.500000 60.000000 52.500000 45.000000 52.500000 49.315068 51.250000 61.764706 52.500000 54.054054 52.307692 56.250000 51.250000 50.000000 51.250000 41.250000 41.333333 52.500000 54.054054 52.500000 50.000000 55.000000 55.000000 56.410256 57.500000 55.172414 57.500000 51.388889 54.166667 53.750000 53.750000
eca-mir-146a 52.307692 46.153846 93.846154 53.846154 98.275862 45.901639 95.384615 53.846154 93.846154 53.846154 41.538462 56.923077 100.000000 53.846154 53.846154 73.846154 52.307692 60.000000 96.923077 52.307692 95.384615 52.307692 84.615385 55.384615 96.923077 52.307692 89.230769 53.846154 73.846154 56.923077 55.384615 43.076923 49.230769 93.846154 52.307692 96.923077 52.307692 87.692308 52.307692 95.384615 53.846154 98.275862 60.000000 55.384615 66.153846 67.692308 53.846154
eca-mir-146b 68.918919 33.783784 48.648649 98.648649 51.724138 91.803279 51.351351 98.648649 48.648649 98.648649 52.702703 55.405405 53.846154 100.000000 98.648649 55.405405 64.864865 52.702703 50.000000 86.486486 50.000000 87.671233 48.648649 89.705882 50.000000 95.945946 49.230769 94.594595 54.054054 75.675676 64.864865 47.297297 56.756757 50.000000 94.594595 50.000000 87.500000 43.243243 93.243243 47.297297 97.297297 51.724138 55.405405 75.000000 51.388889 54.054054 51.351351
efu-mir-146  65.000000 37.500000 45.000000 100.000000 51.724138 91.803279 47.500000 98.734177 45.000000 98.750000 57.500000 56.250000 53.846154 98.648649 100.000000 53.750000 61.250000 52.500000 46.250000 87.500000 46.250000 89.041096 45.000000 89.705882 46.250000 97.297297 52.307692 96.250000 52.500000 72.500000 61.250000 43.750000 56.000000 47.500000 95.945946 46.250000 88.888889 41.250000 95.000000 47.435897 98.750000 51.724138 55.000000 77.777778 51.388889 50.000000 47.500000
gga-mir-146a 55.294118 42.696629 68.686869 45.454545 72.413793 54.098361 75.000000 54.430380 69.696970 45.454545 40.404040 57.500000 73.846154 55.405405 53.750000 100.000000 43.434343 53.535354 73.737374 41.414141 73.737374 53.424658 80.219780 54.411765 73.737374 55.405405 73.846154 45.454545 75.757576 41.414141 49.494949 40.404040 44.000000 75.757576 55.405405 74.489796 54.166667 72.631579 52.272727 73.076923 44.444444 70.689655 54.545455 61.111111 93.055556 64.444444 39.393939
gga-mir-146b 67.058824 35.955056 43.434343 52.380952 51.724138 62.295082 48.750000 60.759494 41.414141 54.285714 39.047619 57.500000 52.307692 64.864865 61.250000 43.434343 100.000000 40.952381 41.904762 54.285714 43.434343 61.643836 41.758242 66.176471 43.434343 64.864865 55.384615 48.571429 40.000000 51.428571 59.047619 41.904762 45.333333 43.434343 63.513514 43.877551 62.500000 46.315789 55.681818 50.000000 50.505051 53.448276 40.000000 87.500000 50.000000 41.111111 41.000000
gga-mir-146c 55.294118 71.910112 44.444444 44.339623 48.275862 47.540984 53.750000 51.898734 44.444444 44.036697 34.210526 60.000000 60.000000 52.702703 52.500000 53.535354 40.952381 100.000000 43.119266 38.181818 47.474747 49.315068 48.351648 51.470588 47.474747 48.648649 56.923077 46.788991 38.759690 39.449541 44.859813 35.849057 48.000000 49.494949 48.648649 47.959184 47.222222 49.473684 47.727273 42.307692 45.454545 58.620690 96.551724 44.444444 58.333333 50.000000 64.000000
ggo-mir-146a 48.235294 37.078652 91.919192 37.735849 98.275862 50.819672 95.000000 46.835443 92.929293 36.697248 33.944954 52.500000 96.923077 50.000000 46.250000 73.737374 41.904762 43.119266 100.000000 35.779817 98.989899 47.945205 90.109890 55.882353 97.979798 48.648649 92.307692 36.697248 66.055046 40.366972 42.056075 34.905660 45.333333 97.979798 48.648649 100.000000 48.611111 86.315789 43.181818 93.589744 44.444444 98.275862 46.788991 54.166667 65.277778 61.111111 43.000000
ggo-mir-146b 62.352941 30.337079 39.393939 84.905660 50.000000 78.688525 45.000000 86.075949 39.393939 83.486239 40.909091 45.000000 52.307692 86.486486 87.500000 41.414141 54.285714 38.181818 35.779817 100.000000 37.373737 100.000000 41.758242 75.000000 37.373737 90.540541 47.692308 78.899083 40.000000 48.623853 51.401869 37.735849 53.333333 38.383838 91.891892 38.775510 100.000000 38.947368 86.363636 44.871795 82.828283 50.000000 39.090909 68.055556 48.611111 42.222222 43.000000
hsa-mir-146a 48.235294 34.831461 90.909091 40.404040 96.551724 49.180328 93.750000 46.835443 91.919192 40.404040 35.353535 52.500000 95.384615 50.000000 46.250000 73.737374 43.434343 47.474747 98.989899 37.373737 100.000000 46.575342 90.109890 55.882353 96.969697 48.648649 90.769231 40.404040 68.686869 44.444444 45.454545 37.373737 45.333333 96.969697 48.648649 98.979592 47.222222 85.263158 43.181818 92.307692 44.444444 96.551724 51.515152 54.166667 65.277778 61.111111 47.474747
hsa-mir-146b 65.753425 35.616438 46.575342 89.041096 50.000000 78.688525 49.315068 89.041096 46.575342 89.041096 46.575342 49.315068 52.307692 87.671233 89.041096 53.424658 61.643836 49.315068 47.945205 100.000000 46.575342 100.000000 45.205479 75.000000 47.945205 91.780822 47.692308 86.301370 54.794521 65.753425 61.643836 50.684932 53.424658 49.315068 93.150685 47.945205 100.000000 46.575342 86.301370 45.205479 86.301370 50.000000 49.315068 68.055556 48.611111 49.315068 49.315068
mdo-mir-146a 43.529412 38.202247 83.516484 45.054945 86.206897 49.180328 81.250000 45.569620 84.615385 45.054945 36.263736 51.250000 84.615385 48.648649 45.000000 80.219780 41.758242 48.351648 90.109890 41.758242 90.109890 45.205479 100.000000 52.941176 89.010989 47.297297 81.538462 45.054945 72.527473 42.857143 38.461538 37.362637 40.000000 90.109890 47.297297 90.109890 45.833333 79.120879 42.045455 79.487179 43.956044 84.482759 49.450549 45.833333 69.444444 55.555556 39.560440
mdo-mir-146b 69.117647 35.294118 51.470588 89.705882 56.896552 81.967213 54.411765 89.705882 51.470588 89.705882 50.000000 61.764706 55.384615 89.705882 89.705882 54.411765 66.176471 51.470588 55.882353 75.000000 55.882353 75.000000 52.941176 100.000000 55.882353 85.294118 53.846154 85.294118 57.352941 80.882353 63.235294 47.058824 61.764706 54.411765 83.823529 55.882353 75.000000 47.058824 85.294118 51.470588 92.647059 60.344828 54.411765 75.000000 51.470588 50.000000 47.058824
mml-mir-146a 48.235294 32.584270 90.909091 39.393939 98.275862 49.180328 95.000000 46.835443 92.929293 39.393939 34.343434 52.500000 96.923077 50.000000 46.250000 73.737374 43.434343 47.474747 97.979798 37.373737 96.969697 47.945205 89.010989 55.882353 100.000000 48.648649 92.307692 39.393939 69.696970 42.424242 45.454545 35.353535 41.333333 97.979798 48.648649 96.938776 48.611111 87.368421 43.181818 93.589744 42.424242 98.275862 51.515152 54.166667 65.277778 61.111111 45.454545
mml-mir-146b 68.918919 32.432432 47.297297 97.297297 51.724138 90.163934 50.000000 97.297297 47.297297 97.297297 54.054054 54.054054 52.307692 95.945946 97.297297 55.405405 64.864865 48.648649 48.648649 90.540541 48.648649 91.780822 47.297297 85.294118 48.648649 100.000000 47.692308 93.243243 54.054054 72.972973 64.864865 45.945946 54.054054 50.000000 98.648649 48.648649 91.666667 43.243243 93.243243 45.945946 94.594595 51.724138 51.351351 77.777778 48.611111 50.000000 47.297297
mmu-mir-146a 61.538462 41.538462 86.153846 49.230769 91.379310 40.983607 93.846154 49.230769 86.153846 49.230769 43.076923 52.307692 89.230769 49.230769 52.307692 73.846154 55.384615 56.923077 92.307692 47.692308 90.769231 47.692308 81.538462 53.846154 92.307692 47.692308 100.000000 49.230769 67.692308 53.846154 64.615385 44.615385 41.538462 90.769231 47.692308 92.307692 47.692308 95.384615 47.692308 89.230769 52.307692 91.379310 61.538462 55.384615 66.153846 60.000000 50.769231
mmu-mir-146b 60.000000 35.955056 41.414141 94.339623 51.724138 91.803279 47.500000 94.936709 39.393939 90.825688 52.293578 56.250000 53.846154 94.594595 96.250000 45.454545 48.571429 46.788991 36.697248 78.899083 40.404040 86.301370 45.054945 85.294118 39.393939 93.243243 49.230769 100.000000 43.119266 53.211009 46.728972 35.849057 56.000000 40.404040 91.891892 40.816327 86.111111 40.000000 95.454545 47.435897 92.929293 51.724138 43.119266 72.222222 51.388889 46.666667 41.000000
oan-mir-146a 48.235294 38.202247 64.646465 42.452830 70.689655 54.098361 73.750000 53.164557 65.656566 41.284404 32.456140 51.250000 73.846154 54.054054 52.500000 75.757576 40.000000 38.759690 66.055046 40.000000 68.686869 54.794521 72.527473 57.352941 69.696970 54.054054 67.692308 43.119266 100.000000 40.366972 43.925234 35.849057 49.333333 71.717172 54.054054 70.408163 55.555556 67.368421 50.000000 69.230769 42.424242 70.689655 43.103448 56.944444 79.166667 56.666667 40.000000
oan-mir-146b 60.000000 33.707865 42.424242 54.716981 56.896552 68.852459 50.000000 70.886076 42.424242 53.211009 34.862385 50.000000 56.923077 75.675676 72.500000 41.414141 51.428571 39.449541 40.366972 48.623853 44.444444 65.753425 42.857143 80.882353 42.424242 72.972973 53.846154 53.211009 40.366972 100.000000 52.336449 41.509434 58.666667 42.424242 71.621622 42.857143 66.666667 36.842105 63.636364 48.717949 56.565657 58.620690 40.366972 79.166667 51.388889 51.111111 46.000000
oha-mir-146b 91.764706 35.955056 46.464646 49.056604 55.172414 63.934426 53.750000 60.759494 44.444444 51.401869 33.644860 51.250000 55.384615 64.864865 61.250000 49.494949 59.047619 44.859813 42.056075 51.401869 45.454545 61.643836 38.461538 63.235294 45.454545 64.864865 64.615385 46.728972 43.925234 52.336449 100.000000 35.849057 46.666667 43.434343 66.216216 45.918367 62.500000 51.578947 52.272727 50.000000 48.484848 53.448276 42.990654 76.388889 55.555556 45.555556 43.000000
ola-mir-146a 35.294118 34.831461 36.363636 35.849057 44.827586 55.737705 41.250000 44.303797 36.363636 34.905660 53.773585 41.250000 43.076923 47.297297 43.750000 40.404040 41.904762 35.849057 34.905660 37.735849 37.373737 50.684932 37.362637 47.058824 35.353535 45.945946 44.615385 35.849057 35.849057 41.509434 35.849057 100.000000 37.333333 37.373737 44.594595 35.714286 51.388889 36.842105 37.500000 42.307692 38.383838 46.551724 36.792453 50.000000 52.777778 42.222222 36.000000
pma-mir-146  49.333333 36.000000 44.000000 56.000000 50.000000 65.573770 41.333333 56.000000 45.333333 56.000000 40.000000 41.333333 49.230769 56.756757 56.000000 44.000000 45.333333 48.000000 45.333333 53.333333 45.333333 53.424658 40.000000 61.764706 41.333333 54.054054 41.538462 56.000000 49.333333 58.666667 46.666667 37.333333 100.000000 42.666667 55.405405 45.333333 51.388889 38.666667 56.000000 41.333333 56.000000 48.275862 48.000000 51.388889 47.222222 40.000000 52.000000
ppy-mir-146a 48.235294 33.707865 89.898990 40.404040 96.551724 49.180328 93.750000 48.101266 90.909091 40.404040 34.343434 52.500000 93.846154 50.000000 47.500000 75.757576 43.434343 49.494949 97.979798 38.383838 96.969697 49.315068 90.109890 54.411765 97.979798 50.000000 90.769231 40.404040 71.717172 42.424242 43.434343 37.373737 42.666667 100.000000 50.000000 97.959184 50.000000 85.263158 44.318182 92.307692 43.434343 94.827586 52.525253 54.166667 68.055556 58.888889 43.434343
ppy-mir-146b 70.270270 33.783784 47.297297 95.945946 51.724138 88.524590 50.000000 95.945946 47.297297 95.945946 52.702703 54.054054 52.307692 94.594595 95.945946 55.405405 63.513514 48.648649 48.648649 91.891892 48.648649 93.150685 47.297297 83.823529 48.648649 98.648649 47.692308 91.891892 54.054054 71.621622 66.216216 44.594595 55.405405 50.000000 100.000000 48.648649 93.055556 43.243243 91.891892 45.945946 93.243243 51.724138 51.351351 76.388889 48.611111 50.000000 50.000000
ptr-mir-146a 48.235294 32.584270 90.816327 40.816327 98.275862 49.180328 95.000000 46.835443 91.836735 40.816327 35.714286 52.500000 96.923077 50.000000 46.250000 74.489796 43.877551 47.959184 100.000000 38.775510 98.979592 47.945205 90.109890 55.882353 96.938776 48.648649 92.307692 40.816327 70.408163 42.857143 45.918367 35.714286 45.333333 97.959184 48.648649 100.000000 48.611111 86.315789 43.181818 93.589744 44.897959 98.275862 52.040816 54.166667 65.277778 61.111111 43.877551
ptr-mir-146b 65.277778 33.333333 47.222222 88.888889 50.000000 78.688525 50.000000 88.888889 47.222222 88.888889 47.222222 50.000000 52.307692 87.500000 88.888889 54.166667 62.500000 47.222222 48.611111 100.000000 47.222222 100.000000 45.833333 75.000000 48.611111 91.666667 47.692308 86.111111 55.555556 66.666667 62.500000 51.388889 51.388889 50.000000 93.055556 48.611111 100.000000 47.222222 86.111111 45.833333 86.111111 50.000000 47.222222 68.055556 48.611111 50.000000 47.222222
rno-mir-146a 51.764706 31.460674 87.368421 36.842105 89.655172 45.901639 93.750000 41.772152 86.315789 37.894737 35.789474 55.000000 87.692308 43.243243 41.250000 72.631579 46.315789 49.473684 86.315789 38.947368 85.263158 46.575342 79.120879 47.058824 87.368421 43.243243 95.384615 40.000000 67.368421 36.842105 51.578947 36.842105 38.666667 85.263158 43.243243 86.315789 47.222222 100.000000 37.500000 84.615385 38.947368 86.206897 50.526316 50.000000 63.888889 55.555556 43.157895
rno-mir-146b 56.470588 34.090909 42.045455 95.454545 51.724138 86.885246 46.250000 93.670886 42.045455 94.318182 59.090909 55.000000 52.307692 93.243243 95.000000 52.272727 55.681818 47.727273 43.181818 86.363636 43.181818 86.301370 42.045455 85.294118 43.181818 93.243243 47.692308 95.454545 50.000000 63.636364 52.272727 37.500000 56.000000 44.318182 91.891892 43.181818 86.111111 37.500000 100.000000 46.153846 94.318182 51.724138 50.000000 75.000000 51.388889 45.454545 45.454545
ssc-mir-146a 50.000000 41.025641 93.589744 47.435897 96.551724 54.098361 91.025641 47.435897 93.589744 47.435897 42.307692 56.410256 95.384615 47.297297 47.435897 73.076923 50.000000 42.307692 93.589744 44.871795 92.307692 45.205479 79.487179 51.470588 93.589744 45.945946 89.230769 47.435897 69.230769 48.717949 50.000000 42.307692 41.333333 92.307692 45.945946 93.589744 45.833333 84.615385 46.153846 100.000000 47.435897 93.103448 53.846154 51.388889 62.500000 64.102564 48.717949
ssc-mir-146b 57.647059 33.707865 39.393939 93.939394 51.724138 90.163934 47.500000 97.468354 39.393939 92.929293 50.505051 57.500000 53.846154 97.297297 98.750000 44.444444 50.505051 45.454545 44.444444 82.828283 44.444444 86.301370 43.956044 92.647059 42.424242 94.594595 52.307692 92.929293 42.424242 56.565657 48.484848 38.383838 56.000000 43.434343 93.243243 44.897959 86.111111 38.947368 94.318182 47.435897 100.000000 55.172414 47.474747 73.611111 50.000000 46.666667 39.393939
tch-mir-146a 50.000000 37.931034 91.379310 51.724138 96.551724 46.551724 94.827586 51.724138 91.379310 51.724138 44.827586 55.172414 98.275862 51.724138 51.724138 70.689655 53.448276 58.620690 98.275862 50.000000 96.551724 50.000000 84.482759 60.344828 98.275862 51.724138 91.379310 51.724138 70.689655 58.620690 53.448276 46.551724 48.275862 94.827586 51.724138 98.275862 50.000000 86.206897 51.724138 93.103448 55.172414 100.000000 58.620690 56.896552 65.517241 63.793103 56.896552
tgu-mir-146a 55.294118 68.539326 48.484848 46.226415 60.344828 47.540984 57.500000 54.430380 48.484848 45.871560 32.456140 57.500000 60.000000 55.405405 55.000000 54.545455 40.000000 96.551724 46.788991 39.090909 51.515152 49.315068 49.450549 54.411765 51.515152 51.351351 61.538462 43.119266 43.103448 40.366972 42.990654 36.792453 48.000000 52.525253 51.351351 52.040816 47.222222 50.526316 50.000000 53.846154 47.474747 58.620690 100.000000 45.833333 59.722222 50.000000 64.000000
tgu-mir-146b 70.833333 37.500000 51.388889 77.777778 55.172414 70.491803 54.166667 77.777778 51.388889 77.777778 56.944444 51.388889 55.384615 75.000000 77.777778 61.111111 87.500000 44.444444 54.166667 68.055556 54.166667 68.055556 45.833333 75.000000 54.166667 77.777778 55.384615 72.222222 56.944444 79.166667 76.388889 50.000000 51.388889 54.166667 76.388889 54.166667 68.055556 50.000000 75.000000 51.388889 73.611111 56.896552 45.833333 100.000000 51.388889 43.055556 47.222222
tgu-mir-146c 52.777778 48.611111 61.111111 51.388889 67.241379 57.377049 63.888889 51.388889 61.111111 51.388889 43.055556 54.166667 66.153846 51.388889 51.388889 93.055556 50.000000 58.333333 65.277778 48.611111 65.277778 48.611111 69.444444 51.470588 65.277778 48.611111 66.153846 51.388889 79.166667 51.388889 55.555556 52.777778 47.222222 68.055556 48.611111 65.277778 48.611111 63.888889 51.388889 62.500000 50.000000 65.517241 59.722222 51.388889 100.000000 63.888889 44.444444
xtr-mir-146a 44.705882 42.696629 64.444444 46.666667 63.793103 50.819672 61.250000 50.632911 65.555556 46.666667 38.888889 53.750000 67.692308 54.054054 50.000000 64.444444 41.111111 50.000000 61.111111 42.222222 61.111111 49.315068 55.555556 50.000000 61.111111 50.000000 60.000000 46.666667 56.666667 51.111111 45.555556 42.222222 40.000000 58.888889 50.000000 61.111111 50.000000 55.555556 45.454545 64.102564 46.666667 63.793103 50.000000 43.055556 63.888889 100.000000 41.111111
xtr-mir-146b 51.764706 59.550562 42.424242 39.000000 58.620690 47.540984 52.500000 48.101266 42.424242 39.000000 35.000000 53.750000 53.846154 51.351351 47.500000 39.393939 41.000000 64.000000 43.000000 43.000000 47.474747 49.315068 39.560440 47.058824 45.454545 47.297297 50.769231 41.000000 40.000000 46.000000 43.000000 36.000000 52.000000 43.434343 50.000000 43.877551 47.222222 43.157895 45.454545 48.717949 39.393939 56.896552 64.000000 47.222222 44.444444 41.111111 100.000000
