38
bta-mir-421  100.000000 69.411765 50.617284 100.000000 67.058824 51.851852 100.000000 68.235294 62.318841 100.000000 69.411765 49.382716 52.941176 100.000000 55.555556 60.869565 100.000000 65.882353 55.555556 100.000000 65.882353 55.555556 52.941176 100.000000 55.555556 60.869565 91.764706 65.882353 55.555556 61.764706 100.000000 65.882353 55.555556 98.734177 100.000000 68.354430 53.086420 52.631579
bta-mir-545  69.411765 100.000000 40.740741 73.214286 96.226415 41.975309 57.547170 99.056604 53.623188 69.620253 98.113208 37.037037 47.169811 57.547170 40.740741 52.173913 69.411765 94.339623 40.740741 69.620253 94.339623 40.740741 55.813953 71.052632 40.740741 52.173913 64.705882 94.339623 40.740741 52.941176 69.047619 93.333333 40.740741 68.354430 69.230769 97.468354 40.740741 45.614035
bta-mir-95   50.617284 40.740741 100.000000 55.357143 38.271605 95.061728 50.617284 39.506173 50.724638 51.898734 40.740741 95.061728 49.382716 50.617284 92.592593 53.623188 50.617284 37.037037 92.592593 51.898734 37.037037 92.592593 44.444444 51.315789 91.358025 53.623188 50.617284 37.037037 92.592593 54.411765 50.617284 37.037037 92.592593 53.164557 52.564103 37.974684 97.530864 98.245614
cfa-mir-421  100.000000 73.214286 55.357143 100.000000 69.642857 55.357143 100.000000 73.214286 60.714286 100.000000 73.214286 53.571429 58.928571 100.000000 58.928571 58.928571 100.000000 69.642857 58.928571 100.000000 69.642857 58.928571 58.928571 100.000000 58.928571 58.928571 98.214286 69.642857 58.928571 58.928571 100.000000 69.642857 58.928571 100.000000 100.000000 73.214286 55.357143 53.571429
cfa-mir-545  67.058824 96.226415 38.271605 69.642857 100.000000 39.506173 55.660377 95.283019 49.275362 67.088608 98.113208 34.567901 44.339623 55.660377 38.271605 47.826087 67.058824 95.283019 38.271605 67.088608 95.283019 38.271605 52.325581 68.421053 40.740741 47.826087 62.352941 95.283019 38.271605 48.529412 66.666667 94.285714 38.271605 65.822785 66.666667 96.202532 38.271605 40.350877
cfa-mir-95   51.851852 41.975309 95.061728 55.357143 39.506173 100.000000 51.851852 39.506173 49.275362 53.164557 41.975309 95.061728 45.679012 51.851852 91.358025 50.724638 51.851852 38.271605 91.358025 53.164557 38.271605 91.358025 41.975309 51.315789 92.592593 50.724638 50.617284 38.271605 91.358025 51.470588 51.851852 38.271605 91.358025 53.164557 52.564103 39.240506 97.530864 94.736842
chi-mir-421  100.000000 57.547170 50.617284 100.000000 55.660377 51.851852 100.000000 56.603774 62.318841 100.000000 57.547170 49.382716 42.857143 98.214286 55.555556 60.869565 100.000000 54.716981 55.555556 100.000000 54.716981 55.555556 52.325581 100.000000 55.555556 60.869565 91.764706 54.716981 55.555556 61.764706 100.000000 55.238095 55.555556 98.734177 100.000000 68.354430 53.086420 52.631579
chi-mir-545  68.235294 99.056604 39.506173 73.214286 95.283019 39.506173 56.603774 100.000000 50.724638 68.354430 97.169811 37.037037 45.283019 56.603774 40.740741 49.275362 68.235294 93.396226 40.740741 68.354430 93.396226 40.740741 53.488372 69.736842 40.740741 49.275362 63.529412 93.396226 40.740741 50.000000 67.857143 92.380952 40.740741 67.088608 67.948718 96.202532 39.506173 45.614035
eca-mir-1264 62.318841 53.623188 50.724638 60.714286 49.275362 49.275362 62.318841 50.724638 100.000000 62.318841 53.623188 49.275362 98.550725 62.318841 49.275362 98.550725 62.318841 50.724638 49.275362 62.318841 50.724638 49.275362 95.652174 60.869565 49.275362 98.550725 63.768116 50.724638 49.275362 98.529412 62.318841 50.724638 49.275362 62.318841 62.318841 53.623188 50.724638 47.368421
eca-mir-421  100.000000 69.620253 51.898734 100.000000 67.088608 53.164557 100.000000 68.354430 62.318841 100.000000 69.620253 50.632911 55.696203 100.000000 56.962025 60.869565 100.000000 67.088608 56.962025 100.000000 67.088608 56.962025 55.696203 100.000000 56.962025 60.869565 91.139241 67.088608 56.962025 61.764706 100.000000 67.088608 56.962025 98.734177 100.000000 68.354430 54.430380 52.631579
eca-mir-545  69.411765 98.113208 40.740741 73.214286 98.113208 41.975309 57.547170 97.169811 53.623188 69.620253 100.000000 37.037037 47.169811 57.547170 40.740741 52.173913 69.411765 96.226415 40.740741 69.620253 96.226415 40.740741 55.813953 71.052632 43.209877 52.173913 64.705882 96.226415 40.740741 52.941176 69.047619 95.238095 40.740741 68.354430 69.230769 100.000000 40.740741 43.859649
eca-mir-95   49.382716 37.037037 95.061728 53.571429 34.567901 95.061728 49.382716 37.037037 49.275362 50.632911 37.037037 100.000000 46.913580 49.382716 92.592593 52.173913 49.382716 33.333333 92.592593 50.632911 33.333333 92.592593 43.209877 50.000000 91.358025 52.173913 49.382716 33.333333 92.592593 52.941176 49.382716 33.333333 92.592593 51.898734 51.282051 35.443038 97.530864 94.736842
ggo-mir-1264 52.941176 47.169811 49.382716 58.928571 44.339623 45.679012 42.857143 45.283019 98.550725 55.696203 47.169811 46.913580 100.000000 41.964286 44.444444 100.000000 52.941176 46.226415 44.444444 55.696203 46.226415 44.444444 95.348837 53.947368 44.444444 100.000000 50.588235 46.226415 44.444444 100.000000 53.571429 45.714286 44.444444 53.164557 53.846154 46.835443 48.148148 50.877193
ggo-mir-421  100.000000 57.547170 50.617284 100.000000 55.660377 51.851852 98.214286 56.603774 62.318841 100.000000 57.547170 49.382716 41.964286 100.000000 55.555556 60.869565 100.000000 54.716981 55.555556 100.000000 54.716981 55.555556 52.325581 100.000000 55.555556 60.869565 91.764706 54.716981 55.555556 61.764706 100.000000 56.190476 55.555556 98.734177 100.000000 68.354430 53.086420 52.631579
ggo-mir-95   55.555556 40.740741 92.592593 58.928571 38.271605 91.358025 55.555556 40.740741 49.275362 56.962025 40.740741 92.592593 44.444444 55.555556 100.000000 49.275362 55.555556 37.037037 100.000000 56.962025 37.037037 100.000000 43.209877 56.578947 98.765432 49.275362 55.555556 37.037037 100.000000 50.000000 55.555556 37.037037 100.000000 58.227848 57.692308 39.240506 95.061728 91.228070
hsa-mir-1264 60.869565 52.173913 53.623188 58.928571 47.826087 50.724638 60.869565 49.275362 98.550725 60.869565 52.173913 52.173913 100.000000 60.869565 49.275362 100.000000 60.869565 49.275362 49.275362 60.869565 49.275362 49.275362 94.202899 59.420290 49.275362 100.000000 62.318841 49.275362 49.275362 100.000000 60.869565 49.275362 49.275362 60.869565 60.869565 52.173913 53.623188 50.877193
hsa-mir-421  100.000000 69.411765 50.617284 100.000000 67.058824 51.851852 100.000000 68.235294 62.318841 100.000000 69.411765 49.382716 52.941176 100.000000 55.555556 60.869565 100.000000 65.882353 55.555556 100.000000 65.882353 55.555556 52.941176 100.000000 55.555556 60.869565 91.764706 65.882353 55.555556 61.764706 100.000000 65.882353 55.555556 98.734177 100.000000 68.354430 53.086420 52.631579
hsa-mir-545  65.882353 94.339623 37.037037 69.642857 95.283019 38.271605 54.716981 93.396226 50.724638 67.088608 96.226415 33.333333 46.226415 54.716981 37.037037 49.275362 65.882353 100.000000 37.037037 67.088608 100.000000 37.037037 54.651163 68.421053 39.506173 49.275362 61.176471 100.000000 37.037037 50.000000 65.476190 99.047619 37.037037 65.822785 66.666667 94.936709 37.037037 40.350877
hsa-mir-95   55.555556 40.740741 92.592593 58.928571 38.271605 91.358025 55.555556 40.740741 49.275362 56.962025 40.740741 92.592593 44.444444 55.555556 100.000000 49.275362 55.555556 37.037037 100.000000 56.962025 37.037037 100.000000 43.209877 56.578947 98.765432 49.275362 55.555556 37.037037 100.000000 50.000000 55.555556 37.037037 100.000000 58.227848 57.692308 39.240506 95.061728 91.228070
mml-mir-421  100.000000 69.620253 51.898734 100.000000 67.088608 53.164557 100.000000 68.354430 62.318841 100.000000 69.620253 50.632911 55.696203 100.000000 56.962025 60.869565 100.000000 67.088608 56.962025 100.000000 67.088608 56.962025 55.696203 100.000000 56.962025 60.869565 91.139241 67.088608 56.962025 61.764706 100.000000 67.088608 56.962025 98.734177 100.000000 68.354430 54.430380 52.631579
mml-mir-545  65.882353 94.339623 37.037037 69.642857 95.283019 38.271605 54.716981 93.396226 50.724638 67.088608 96.226415 33.333333 46.226415 54.716981 37.037037 49.275362 65.882353 100.000000 37.037037 67.088608 100.000000 37.037037 54.651163 68.421053 39.506173 49.275362 61.176471 100.000000 37.037037 50.000000 65.476190 99.047619 37.037037 65.822785 66.666667 94.936709 37.037037 40.350877
mml-mir-95   55.555556 40.740741 92.592593 58.928571 38.271605 91.358025 55.555556 40.740741 49.275362 56.962025 40.740741 92.592593 44.444444 55.555556 100.000000 49.275362 55.555556 37.037037 100.000000 56.962025 37.037037 100.000000 43.209877 56.578947 98.765432 49.275362 55.555556 37.037037 100.000000 50.000000 55.555556 37.037037 100.000000 58.227848 57.692308 39.240506 95.061728 91.228070
mmu-mir-1264 52.941176 55.813953 44.444444 58.928571 52.325581 41.975309 52.325581 53.488372 95.652174 55.696203 55.813953 43.209877 95.348837 52.325581 43.209877 94.202899 52.941176 54.651163 43.209877 55.696203 54.651163 43.209877 100.000000 53.947368 43.209877 94.202899 50.588235 54.651163 43.209877 94.117647 53.571429 53.488372 43.209877 53.164557 53.846154 48.101266 43.209877 43.859649
mmu-mir-421  100.000000 71.052632 51.315789 100.000000 68.421053 51.315789 100.000000 69.736842 60.869565 100.000000 71.052632 50.000000 53.947368 100.000000 56.578947 59.420290 100.000000 68.421053 56.578947 100.000000 68.421053 56.578947 53.947368 100.000000 56.578947 59.420290 89.473684 68.421053 56.578947 60.294118 100.000000 68.421053 56.578947 98.684211 100.000000 71.052632 53.947368 52.631579
ppa-mir-95   55.555556 40.740741 91.358025 58.928571 40.740741 92.592593 55.555556 40.740741 49.275362 56.962025 43.209877 91.358025 44.444444 55.555556 98.765432 49.275362 55.555556 39.506173 98.765432 56.962025 39.506173 98.765432 43.209877 56.578947 100.000000 49.275362 55.555556 39.506173 98.765432 50.000000 55.555556 39.506173 98.765432 58.227848 57.692308 41.772152 93.827160 89.473684
ppy-mir-1264 60.869565 52.173913 53.623188 58.928571 47.826087 50.724638 60.869565 49.275362 98.550725 60.869565 52.173913 52.173913 100.000000 60.869565 49.275362 100.000000 60.869565 49.275362 49.275362 60.869565 49.275362 49.275362 94.202899 59.420290 49.275362 100.000000 62.318841 49.275362 49.275362 100.000000 60.869565 49.275362 49.275362 60.869565 60.869565 52.173913 53.623188 50.877193
ppy-mir-421  91.764706 64.705882 50.617284 98.214286 62.352941 50.617284 91.764706 63.529412 63.768116 91.139241 64.705882 49.382716 50.588235 91.764706 55.555556 62.318841 91.764706 61.176471 55.555556 91.139241 61.176471 55.555556 50.588235 89.473684 55.555556 62.318841 100.000000 61.176471 55.555556 61.764706 91.666667 61.176471 55.555556 91.139241 91.025641 65.822785 53.086420 50.877193
ppy-mir-545  65.882353 94.339623 37.037037 69.642857 95.283019 38.271605 54.716981 93.396226 50.724638 67.088608 96.226415 33.333333 46.226415 54.716981 37.037037 49.275362 65.882353 100.000000 37.037037 67.088608 100.000000 37.037037 54.651163 68.421053 39.506173 49.275362 61.176471 100.000000 37.037037 50.000000 65.476190 99.047619 37.037037 65.822785 66.666667 94.936709 37.037037 40.350877
ppy-mir-95   55.555556 40.740741 92.592593 58.928571 38.271605 91.358025 55.555556 40.740741 49.275362 56.962025 40.740741 92.592593 44.444444 55.555556 100.000000 49.275362 55.555556 37.037037 100.000000 56.962025 37.037037 100.000000 43.209877 56.578947 98.765432 49.275362 55.555556 37.037037 100.000000 50.000000 55.555556 37.037037 100.000000 58.227848 57.692308 39.240506 95.061728 91.228070
ptr-mir-1264 61.764706 52.941176 54.411765 58.928571 48.529412 51.470588 61.764706 50.000000 98.529412 61.764706 52.941176 52.941176 100.000000 61.764706 50.000000 100.000000 61.764706 50.000000 50.000000 61.764706 50.000000 50.000000 94.117647 60.294118 50.000000 100.000000 61.764706 50.000000 50.000000 100.000000 61.764706 50.000000 50.000000 61.764706 61.764706 52.941176 54.411765 50.877193
ptr-mir-421  100.000000 69.047619 50.617284 100.000000 66.666667 51.851852 100.000000 67.857143 62.318841 100.000000 69.047619 49.382716 53.571429 100.000000 55.555556 60.869565 100.000000 65.476190 55.555556 100.000000 65.476190 55.555556 53.571429 100.000000 55.555556 60.869565 91.666667 65.476190 55.555556 61.764706 100.000000 65.476190 55.555556 98.734177 100.000000 68.354430 53.086420 52.631579
ptr-mir-545  65.882353 93.333333 37.037037 69.642857 94.285714 38.271605 55.238095 92.380952 50.724638 67.088608 95.238095 33.333333 45.714286 56.190476 37.037037 49.275362 65.882353 99.047619 37.037037 67.088608 99.047619 37.037037 53.488372 68.421053 39.506173 49.275362 61.176471 99.047619 37.037037 50.000000 65.476190 100.000000 37.037037 65.822785 66.666667 94.936709 37.037037 40.350877
ptr-mir-95   55.555556 40.740741 92.592593 58.928571 38.271605 91.358025 55.555556 40.740741 49.275362 56.962025 40.740741 92.592593 44.444444 55.555556 100.000000 49.275362 55.555556 37.037037 100.000000 56.962025 37.037037 100.000000 43.209877 56.578947 98.765432 49.275362 55.555556 37.037037 100.000000 50.000000 55.555556 37.037037 100.000000 58.227848 57.692308 39.240506 95.061728 91.228070
rno-mir-421  98.734177 68.354430 53.164557 100.000000 65.822785 53.164557 98.734177 67.088608 62.318841 98.734177 68.354430 51.898734 53.164557 98.734177 58.227848 60.869565 98.734177 65.822785 58.227848 98.734177 65.822785 58.227848 53.164557 98.684211 58.227848 60.869565 91.139241 65.822785 58.227848 61.764706 98.734177 65.822785 58.227848 100.000000 98.717949 68.354430 55.696203 52.631579
ssc-mir-421  100.000000 69.230769 52.564103 100.000000 66.666667 52.564103 100.000000 67.948718 62.318841 100.000000 69.230769 51.282051 53.846154 100.000000 57.692308 60.869565 100.000000 66.666667 57.692308 100.000000 66.666667 57.692308 53.846154 100.000000 57.692308 60.869565 91.025641 66.666667 57.692308 61.764706 100.000000 66.666667 57.692308 98.717949 100.000000 69.230769 55.128205 52.631579
ssc-mir-545  68.354430 97.468354 37.974684 73.214286 96.202532 39.240506 68.354430 96.202532 53.623188 68.354430 100.000000 35.443038 46.835443 68.354430 39.240506 52.173913 68.354430 94.936709 39.240506 68.354430 94.936709 39.240506 48.101266 71.052632 41.772152 52.173913 65.822785 94.936709 39.240506 52.941176 68.354430 94.936709 39.240506 68.354430 69.230769 100.000000 39.240506 43.859649
ssc-mir-95   53.086420 40.740741 97.530864 55.357143 38.271605 97.530864 53.086420 39.506173 50.724638 54.430380 40.740741 97.530864 48.148148 53.086420 95.061728 53.623188 53.086420 37.037037 95.061728 54.430380 37.037037 95.061728 43.209877 53.947368 93.827160 53.623188 53.086420 37.037037 95.061728 54.411765 53.086420 37.037037 95.061728 55.696203 55.128205 39.240506 100.000000 96.491228
tch-mir-95   52.631579 45.614035 98.245614 53.571429 40.350877 94.736842 52.631579 45.614035 47.368421 52.631579 43.859649 94.736842 50.877193 52.631579 91.228070 50.877193 52.631579 40.350877 91.228070 52.631579 40.350877 91.228070 43.859649 52.631579 89.473684 50.877193 50.877193 40.350877 91.228070 50.877193 52.631579 40.350877 91.228070 52.631579 52.631579 43.859649 96.491228 100.000000
