67
aae-mir-31    100.000000 44.578313 32.000000 34.653465 26.446281 45.744681 57.627119 45.454545 41.176471 100.000000 43.902439 33.663366 45.652174 36.842105 43.478261 35.433071 46.153846 35.714286 40.217391 35.433071 47.252747 35.433071 45.652174 46.753247 45.652174 47.191011 35.643564 44.444444 40.217391 35.433071 40.217391 35.433071 44.565217 37.301587 48.863636 28.985507 42.391304 36.220472 53.731343 46.913580 39.361702 50.704225 50.704225 33.663366 45.977011 50.704225 38.679245 27.450980 38.383838 33.088235 41.772152 34.259259 32.051282 50.704225 50.704225 50.704225 40.566038 33.050847 41.584158 44.705882 53.125000 53.125000 38.383838 47.435897 45.454545 37.614679 39.772727
aca-mir-31    44.578313 100.000000 40.963855 42.168675 36.144578 79.518072 88.135593 81.818182 38.554217 44.578313 37.804878 42.168675 40.963855 34.939759 39.759036 32.530120 38.554217 34.939759 39.759036 31.325301 36.144578 37.349398 39.759036 36.363636 39.759036 38.554217 42.168675 56.944444 39.759036 32.530120 39.759036 32.530120 36.144578 32.530120 34.939759 33.734940 39.759036 30.120482 88.059701 82.716049 85.542169 87.323944 87.323944 45.783133 83.132530 87.323944 85.542169 32.530120 39.759036 85.542169 84.810127 56.626506 47.435897 87.323944 87.323944 87.323944 83.132530 51.807229 54.216867 39.759036 48.437500 48.437500 46.987952 80.769231 48.051948 89.156627 71.084337
ame-mir-31a   32.000000 40.963855 100.000000 38.000000 47.000000 35.106383 47.457627 40.259740 34.000000 32.183908 39.024390 49.000000 34.782609 37.894737 39.130435 39.000000 34.065934 35.000000 39.130435 39.000000 34.065934 36.000000 35.869565 50.649351 35.869565 43.820225 39.000000 44.444444 39.130435 39.000000 39.130435 39.000000 36.956522 35.000000 51.136364 37.000000 40.217391 39.000000 41.791045 39.506173 32.978723 39.436620 39.436620 43.000000 35.632184 39.436620 35.000000 47.000000 69.696970 32.000000 40.506329 35.000000 34.615385 39.436620 39.436620 39.436620 36.000000 31.000000 34.000000 38.823529 53.125000 53.125000 36.363636 35.897436 64.935065 35.000000 36.363636
bfl-mir-31    34.653465 42.168675 38.000000 100.000000 37.623762 40.425532 57.627119 45.454545 34.653465 35.632184 31.707317 44.554455 36.956522 32.631579 32.608696 29.702970 35.164835 28.712871 34.782609 29.702970 34.065934 30.693069 34.782609 38.961039 34.782609 33.707865 37.623762 72.222222 34.782609 29.702970 34.782609 29.702970 32.608696 31.683168 36.363636 35.643564 34.782609 26.732673 53.731343 49.382716 37.234043 50.704225 50.704225 28.712871 44.827586 50.704225 37.623762 37.623762 37.373737 43.564356 41.772152 42.574257 39.743590 50.704225 50.704225 50.704225 36.633663 36.633663 46.534653 34.117647 43.750000 43.750000 42.424242 43.589744 37.662338 37.623762 39.772727
bmo-mir-31    26.446281 36.144578 47.000000 37.623762 100.000000 34.042553 45.762712 35.064935 29.411765 33.333333 36.585366 37.623762 35.869565 31.578947 36.956522 28.925620 39.560440 28.099174 35.869565 30.578512 37.362637 30.578512 35.869565 40.259740 35.869565 37.078652 40.594059 43.055556 35.869565 28.925620 35.869565 28.925620 36.956522 27.272727 38.636364 27.272727 36.956522 30.578512 41.791045 37.037037 35.106383 39.436620 39.436620 31.683168 42.528736 39.436620 33.962264 90.196078 47.474747 38.016529 37.974684 31.481481 29.487179 39.436620 39.436620 39.436620 32.075472 28.813559 38.613861 35.294118 42.187500 42.187500 41.414141 37.179487 55.844156 31.192661 37.500000
bta-mir-31    45.744681 79.518072 35.106383 40.425532 34.042553 100.000000 98.305085 88.311688 41.489362 44.827586 43.902439 39.361702 32.608696 29.787234 33.695652 32.978723 36.263736 28.723404 34.782609 32.978723 32.967033 28.723404 36.956522 36.363636 36.956522 31.460674 32.978723 63.888889 34.782609 32.978723 34.782609 32.978723 30.434783 27.659574 29.545455 27.659574 33.695652 31.914894 98.507463 95.061728 74.468085 95.774648 95.774648 38.297872 85.057471 95.774648 93.617021 37.234043 39.361702 74.468085 81.012658 55.319149 55.128205 95.774648 95.774648 95.774648 93.617021 51.063830 47.872340 41.176471 53.125000 53.125000 51.063830 96.153846 48.051948 76.595745 69.318182
cfa-mir-31    57.627119 88.135593 47.457627 57.627119 45.762712 98.305085 100.000000 89.830508 49.152542 57.627119 49.152542 50.847458 44.067797 47.457627 44.067797 47.457627 42.372881 44.067797 42.372881 47.457627 38.983051 44.067797 45.762712 49.152542 45.762712 49.152542 47.457627 66.101695 42.372881 47.457627 42.372881 47.457627 38.983051 44.067797 38.983051 42.372881 40.677966 40.677966 100.000000 98.305085 86.440678 98.305085 98.305085 50.847458 98.305085 98.305085 100.000000 45.762712 49.152542 86.440678 91.525424 72.881356 54.237288 98.305085 98.305085 98.305085 100.000000 57.627119 57.627119 55.932203 57.627119 57.627119 62.711864 98.305085 52.542373 89.830508 76.271186
cgr-mir-31    45.454545 81.818182 40.259740 45.454545 35.064935 88.311688 89.830508 100.000000 45.454545 45.454545 37.662338 41.558442 40.259740 35.064935 37.662338 35.064935 40.259740 32.467532 37.662338 32.467532 37.662338 33.766234 44.155844 36.363636 44.155844 36.363636 37.662338 61.111111 37.662338 37.662338 37.662338 37.662338 36.363636 31.168831 36.363636 36.363636 37.662338 32.467532 91.044776 87.012987 83.116883 90.140845 90.140845 46.753247 89.610390 90.140845 92.207792 32.467532 42.857143 81.818182 79.220779 62.337662 51.948052 90.140845 90.140845 90.140845 92.207792 57.142857 53.246753 46.753247 54.687500 54.687500 53.246753 89.610390 44.155844 87.012987 75.324675
cin-mir-31    41.176471 38.554217 34.000000 34.653465 29.411765 41.489362 49.152542 45.454545 100.000000 44.827586 67.073171 37.623762 34.782609 28.421053 36.956522 31.372549 35.164835 33.333333 35.869565 33.333333 31.868132 35.294118 38.043478 33.766234 38.043478 30.337079 30.693069 43.055556 35.869565 32.352941 35.869565 32.352941 36.956522 33.333333 37.500000 33.333333 35.869565 31.372549 46.268657 43.209877 36.170213 43.661972 43.661972 33.663366 43.678161 43.661972 36.274510 32.352941 30.303030 42.156863 39.240506 30.392157 38.461538 43.661972 43.661972 43.661972 38.235294 39.215686 37.623762 32.941176 42.187500 42.187500 33.333333 46.153846 31.168831 35.294118 43.181818
cqu-mir-31    100.000000 44.578313 32.183908 35.632184 33.333333 44.827586 57.627119 45.454545 44.827586 100.000000 41.463415 35.632184 48.275862 40.229885 50.574713 50.574713 48.275862 50.574713 52.873563 50.574713 49.425287 50.574713 49.425287 46.753247 49.425287 48.275862 40.229885 44.444444 52.873563 50.574713 52.873563 50.574713 47.126437 51.724138 49.425287 44.827586 52.873563 51.724138 53.731343 46.913580 41.379310 50.704225 50.704225 36.781609 45.977011 50.704225 44.827586 29.885057 36.781609 48.275862 41.772152 36.781609 35.897436 50.704225 50.704225 50.704225 44.827586 40.229885 47.126437 43.529412 51.562500 51.562500 43.678161 47.435897 45.454545 44.827586 39.080460
csa-mir-31    43.902439 37.804878 39.024390 31.707317 36.585366 43.902439 49.152542 37.662338 67.073171 41.463415 100.000000 31.707317 31.707317 28.048780 31.707317 36.585366 30.487805 34.146341 31.707317 35.365854 32.926829 32.926829 34.146341 37.662338 34.146341 35.365854 37.804878 38.888889 31.707317 34.146341 31.707317 34.146341 32.926829 32.926829 39.024390 36.585366 34.146341 34.146341 43.283582 41.975309 37.804878 40.845070 40.845070 39.024390 41.463415 40.845070 39.024390 31.707317 39.024390 39.024390 37.974684 43.902439 39.743590 40.845070 40.845070 40.845070 41.463415 45.121951 34.146341 42.682927 48.437500 48.437500 39.024390 44.871795 37.662338 40.243902 45.121951
cte-mir-31    33.663366 42.168675 49.000000 44.554455 37.623762 39.361702 50.847458 41.558442 37.623762 35.632184 31.707317 100.000000 28.260870 32.631579 29.347826 30.693069 34.065934 30.693069 28.260870 27.722772 31.868132 30.693069 31.521739 31.168831 31.521739 30.337079 34.653465 54.166667 28.260870 29.702970 28.260870 29.702970 32.608696 27.722772 39.772727 33.663366 28.260870 30.693069 52.238806 41.975309 37.234043 49.295775 49.295775 52.475248 41.379310 49.295775 37.623762 35.643564 39.393939 38.613861 45.569620 28.712871 38.461538 49.295775 49.295775 49.295775 37.623762 36.633663 42.574257 47.058824 56.250000 56.250000 34.343434 46.153846 48.051948 34.653465 39.772727
dan-mir-31a   45.652174 40.963855 34.782609 36.956522 35.869565 32.608696 44.067797 40.259740 34.782609 48.275862 31.707317 28.260870 100.000000 45.652174 91.304348 50.000000 83.516484 48.913043 92.391304 47.826087 82.417582 48.913043 91.304348 58.441558 91.304348 53.932584 41.304348 44.444444 92.391304 47.826087 92.391304 47.826087 91.304348 47.826087 63.636364 47.826087 92.391304 51.086957 38.805970 39.506173 33.695652 40.845070 40.845070 32.608696 39.080460 40.845070 34.782609 31.521739 38.043478 38.043478 40.506329 31.521739 38.461538 40.845070 40.845070 40.845070 34.782609 32.608696 36.956522 37.647059 50.000000 50.000000 42.391304 38.461538 46.753247 35.869565 34.090909
dan-mir-31b   36.842105 34.939759 37.894737 32.631579 31.578947 29.787234 47.457627 35.064935 28.421053 40.229885 28.048780 32.631579 45.652174 100.000000 46.739130 78.947368 45.054945 57.894737 47.826087 76.842105 48.351648 57.894737 43.478261 79.220779 43.478261 68.539326 28.421053 40.277778 47.826087 78.947368 47.826087 78.947368 45.652174 60.000000 45.454545 55.789474 47.826087 78.947368 41.791045 37.037037 28.723404 39.436620 39.436620 29.473684 33.333333 39.436620 29.473684 30.526316 34.736842 32.631579 36.708861 35.789474 30.769231 39.436620 39.436620 39.436620 29.473684 23.157895 27.368421 32.941176 43.750000 43.750000 30.526316 34.615385 45.454545 30.526316 28.409091
der-mir-31a   43.478261 39.759036 39.130435 32.608696 36.956522 33.695652 44.067797 37.662338 36.956522 50.574713 31.707317 29.347826 91.304348 46.739130 100.000000 54.347826 81.318681 50.000000 97.826087 52.173913 80.219780 50.000000 90.217391 63.636364 90.217391 58.426966 42.391304 43.055556 97.826087 52.173913 97.826087 52.173913 86.956522 47.826087 65.909091 46.739130 95.652174 55.434783 41.791045 38.271605 38.043478 39.436620 39.436620 32.608696 40.229885 39.436620 35.869565 32.608696 40.217391 40.217391 39.240506 33.695652 39.743590 39.436620 39.436620 39.436620 35.869565 34.782609 35.869565 34.117647 46.875000 46.875000 47.826087 39.743590 42.857143 40.217391 31.818182
der-mir-31b   35.433071 32.530120 39.000000 29.702970 28.925620 32.978723 47.457627 35.064935 31.372549 50.574713 36.585366 30.693069 50.000000 78.947368 54.347826 100.000000 47.252747 61.904762 53.260870 95.275591 48.351648 68.503937 47.826087 80.519481 47.826087 79.775281 32.673267 45.833333 53.260870 99.212598 53.260870 99.212598 44.565217 62.698413 55.681818 58.267717 53.260870 96.850394 41.791045 40.740741 31.914894 38.028169 38.028169 28.712871 34.482759 38.028169 30.188679 28.431373 39.393939 29.133858 37.974684 28.703704 28.205128 38.028169 38.028169 38.028169 30.188679 24.576271 32.673267 38.823529 40.625000 40.625000 33.333333 35.897436 46.753247 25.688073 31.818182
dgr-mir-31a   46.153846 38.554217 34.065934 35.164835 39.560440 36.263736 42.372881 40.259740 35.164835 48.275862 30.487805 34.065934 83.516484 45.054945 81.318681 47.252747 100.000000 46.153846 80.219780 43.956044 93.406593 49.450549 81.318681 58.441558 81.318681 52.808989 40.659341 44.444444 80.219780 47.252747 80.219780 47.252747 90.109890 47.252747 62.500000 49.450549 80.219780 45.054945 44.776119 40.740741 38.461538 42.253521 42.253521 35.164835 42.528736 42.253521 38.461538 43.956044 36.263736 42.857143 41.772152 39.560440 38.461538 42.253521 42.253521 42.253521 38.461538 36.263736 35.164835 38.823529 43.750000 43.750000 46.153846 42.307692 44.155844 42.857143 35.227273
dgr-mir-31b   35.714286 34.939759 35.000000 28.712871 28.099174 28.723404 44.067797 32.467532 33.333333 50.574713 34.146341 30.693069 48.913043 57.894737 50.000000 61.904762 46.153846 100.000000 48.913043 63.492063 49.450549 80.952381 46.739130 74.025974 46.739130 76.404494 30.693069 41.666667 48.913043 63.492063 48.913043 63.492063 46.739130 92.857143 47.727273 61.904762 47.826087 61.904762 38.805970 33.333333 30.851064 35.211268 35.211268 31.683168 35.632184 35.211268 33.962264 33.333333 33.333333 32.539683 36.708861 29.629630 30.769231 35.211268 35.211268 35.211268 33.962264 29.661017 32.673267 34.117647 42.187500 42.187500 35.353535 33.333333 45.454545 29.357798 30.681818
dme-mir-31a   40.217391 39.759036 39.130435 34.782609 35.869565 34.782609 42.372881 37.662338 35.869565 52.873563 31.707317 28.260870 92.391304 47.826087 97.826087 53.260870 80.219780 48.913043 100.000000 51.086957 80.219780 50.000000 92.391304 64.935065 92.391304 59.550562 41.304348 43.055556 100.000000 51.086957 100.000000 51.086957 85.869565 50.000000 67.045455 45.652174 97.826087 54.347826 40.298507 37.037037 34.782609 40.845070 40.845070 32.608696 39.080460 40.845070 34.782609 32.608696 38.043478 41.304348 39.240506 32.608696 39.743590 40.845070 40.845070 40.845070 34.782609 31.521739 35.869565 32.941176 45.312500 45.312500 46.739130 37.179487 42.857143 36.956522 32.954545
dme-mir-31b   35.433071 31.325301 39.000000 29.702970 30.578512 32.978723 47.457627 32.467532 33.333333 50.574713 35.365854 27.722772 47.826087 76.842105 52.173913 95.275591 43.956044 63.492063 51.086957 100.000000 48.351648 68.503937 47.826087 80.519481 47.826087 79.775281 29.702970 45.833333 51.086957 96.062992 51.086957 96.062992 43.478261 65.873016 53.409091 60.629921 51.086957 95.275591 41.791045 40.740741 31.914894 38.028169 38.028169 30.693069 33.333333 38.028169 30.188679 33.333333 40.404040 29.133858 37.974684 28.703704 28.205128 38.028169 38.028169 38.028169 30.188679 25.423729 33.663366 38.823529 42.187500 42.187500 35.353535 35.897436 45.454545 26.605505 31.818182
dmo-mir-31a   47.252747 36.144578 34.065934 34.065934 37.362637 32.967033 38.983051 37.662338 31.868132 49.425287 32.926829 31.868132 82.417582 48.351648 80.219780 48.351648 93.406593 49.450549 80.219780 48.351648 100.000000 52.747253 78.021978 58.441558 78.021978 52.808989 38.461538 40.277778 80.219780 47.252747 80.219780 47.252747 89.010989 50.549451 62.500000 51.648352 79.120879 47.252747 38.805970 37.037037 35.164835 36.619718 36.619718 34.065934 39.080460 36.619718 35.164835 39.560440 38.461538 39.560440 37.974684 38.461538 39.743590 36.619718 36.619718 36.619718 35.164835 31.868132 32.967033 38.823529 46.875000 46.875000 46.153846 38.461538 42.857143 39.560440 37.500000
dmo-mir-31b   35.433071 37.349398 36.000000 30.693069 30.578512 28.723404 44.067797 33.766234 35.294118 50.574713 32.926829 30.693069 48.913043 57.894737 50.000000 68.503937 49.450549 80.952381 50.000000 68.503937 52.747253 100.000000 47.826087 74.025974 47.826087 76.404494 30.693069 41.666667 50.000000 70.078740 50.000000 70.078740 47.826087 85.714286 48.863636 62.992126 50.000000 66.929134 37.313433 37.037037 31.914894 38.028169 38.028169 30.693069 33.333333 38.028169 28.301887 31.372549 34.343434 31.496063 35.443038 28.703704 30.769231 38.028169 38.028169 38.028169 31.132075 33.898305 31.683168 41.176471 45.312500 45.312500 35.353535 34.615385 45.454545 29.357798 31.818182
dpe-mir-31a   45.652174 39.759036 35.869565 34.782609 35.869565 36.956522 45.762712 44.155844 38.043478 49.425287 34.146341 31.521739 91.304348 43.478261 90.217391 47.826087 81.318681 46.739130 92.391304 47.826087 78.021978 47.826087 100.000000 58.441558 100.000000 55.056180 40.217391 43.055556 92.391304 47.826087 92.391304 47.826087 84.782609 51.086957 59.090909 44.565217 93.478261 50.000000 43.283582 39.506173 35.869565 45.070423 45.070423 34.782609 41.379310 45.070423 36.956522 33.695652 35.869565 36.956522 41.772152 33.695652 42.307692 45.070423 45.070423 45.070423 36.956522 34.782609 35.869565 35.294118 43.750000 43.750000 45.652174 39.743590 49.350649 38.043478 31.818182
dpe-mir-31b   46.753247 36.363636 50.649351 38.961039 40.259740 36.363636 49.152542 36.363636 33.766234 46.753247 37.662338 31.168831 58.441558 79.220779 63.636364 80.519481 58.441558 74.025974 64.935065 80.519481 58.441558 74.025974 58.441558 100.000000 58.441558 100.000000 41.558442 43.055556 64.935065 80.519481 64.935065 80.519481 61.038961 79.220779 57.142857 71.428571 64.935065 77.922078 43.283582 38.961039 36.363636 39.436620 39.436620 38.961039 40.259740 39.436620 37.662338 45.454545 45.454545 40.259740 37.662338 38.961039 36.363636 39.436620 39.436620 39.436620 37.662338 32.467532 38.961039 37.662338 42.187500 42.187500 41.558442 35.064935 46.753247 40.259740 35.064935
dps-mir-31a   45.652174 39.759036 35.869565 34.782609 35.869565 36.956522 45.762712 44.155844 38.043478 49.425287 34.146341 31.521739 91.304348 43.478261 90.217391 47.826087 81.318681 46.739130 92.391304 47.826087 78.021978 47.826087 100.000000 58.441558 100.000000 55.056180 40.217391 43.055556 92.391304 47.826087 92.391304 47.826087 84.782609 51.086957 59.090909 44.565217 93.478261 50.000000 43.283582 39.506173 35.869565 45.070423 45.070423 34.782609 41.379310 45.070423 36.956522 33.695652 35.869565 36.956522 41.772152 33.695652 42.307692 45.070423 45.070423 45.070423 36.956522 34.782609 35.869565 35.294118 43.750000 43.750000 45.652174 39.743590 49.350649 38.043478 31.818182
dps-mir-31b   47.191011 38.554217 43.820225 33.707865 37.078652 31.460674 49.152542 36.363636 30.337079 48.275862 35.365854 30.337079 53.932584 68.539326 58.426966 79.775281 52.808989 76.404494 59.550562 79.775281 52.808989 76.404494 55.056180 100.000000 55.056180 100.000000 35.955056 43.055556 59.550562 79.775281 59.550562 79.775281 55.056180 80.898876 52.272727 70.786517 59.550562 77.528090 43.283582 39.506173 33.707865 42.253521 42.253521 33.707865 36.781609 42.253521 35.955056 43.820225 39.325843 35.955056 37.974684 38.202247 35.897436 42.253521 42.253521 42.253521 35.955056 30.337079 35.955056 34.117647 42.187500 42.187500 38.202247 35.897436 46.753247 38.202247 30.681818
dpu-mir-31    35.643564 42.168675 39.000000 37.623762 40.594059 32.978723 47.457627 37.662338 30.693069 40.229885 37.804878 34.653465 41.304348 28.421053 42.391304 32.673267 40.659341 30.693069 41.304348 29.702970 38.461538 30.693069 40.217391 41.558442 40.217391 35.955056 100.000000 40.277778 41.304348 31.683168 41.304348 31.683168 40.217391 31.683168 46.590909 29.702970 41.304348 34.653465 41.791045 37.037037 36.170213 39.436620 39.436620 39.603960 37.931034 39.436620 33.663366 37.623762 44.444444 34.653465 40.506329 32.673267 32.051282 39.436620 39.436620 39.436620 36.633663 25.742574 31.683168 36.470588 48.437500 48.437500 36.363636 35.897436 46.753247 32.673267 37.500000
dre-mir-31    44.444444 56.944444 44.444444 72.222222 43.055556 63.888889 66.101695 61.111111 43.055556 44.444444 38.888889 54.166667 44.444444 40.277778 43.055556 45.833333 44.444444 41.666667 43.055556 45.833333 40.277778 41.666667 43.055556 43.055556 43.055556 43.055556 40.277778 100.000000 43.055556 45.833333 43.055556 45.833333 45.833333 41.666667 50.000000 47.222222 43.055556 45.833333 64.179104 66.666667 62.500000 60.563380 60.563380 48.611111 61.111111 60.563380 59.722222 44.444444 45.833333 63.888889 56.944444 56.944444 44.444444 60.563380 60.563380 60.563380 59.722222 50.000000 63.888889 47.222222 48.437500 48.437500 58.333333 62.500000 50.000000 65.277778 51.388889
dse-mir-31a   40.217391 39.759036 39.130435 34.782609 35.869565 34.782609 42.372881 37.662338 35.869565 52.873563 31.707317 28.260870 92.391304 47.826087 97.826087 53.260870 80.219780 48.913043 100.000000 51.086957 80.219780 50.000000 92.391304 64.935065 92.391304 59.550562 41.304348 43.055556 100.000000 51.086957 100.000000 51.086957 85.869565 50.000000 67.045455 45.652174 97.826087 54.347826 40.298507 37.037037 34.782609 40.845070 40.845070 32.608696 39.080460 40.845070 34.782609 32.608696 38.043478 41.304348 39.240506 32.608696 39.743590 40.845070 40.845070 40.845070 34.782609 31.521739 35.869565 32.941176 45.312500 45.312500 46.739130 37.179487 42.857143 36.956522 32.954545
dse-mir-31b   35.433071 32.530120 39.000000 29.702970 28.925620 32.978723 47.457627 37.662338 32.352941 50.574713 34.146341 29.702970 47.826087 78.947368 52.173913 99.212598 47.252747 63.492063 51.086957 96.062992 47.252747 70.078740 47.826087 80.519481 47.826087 79.775281 31.683168 45.833333 51.086957 100.000000 51.086957 100.000000 43.478261 64.285714 53.409091 58.267717 51.086957 96.062992 41.791045 40.740741 31.914894 38.028169 38.028169 28.712871 36.781609 38.028169 30.188679 28.431373 40.404040 30.708661 37.974684 28.703704 28.205128 38.028169 38.028169 38.028169 30.188679 24.576271 33.663366 38.823529 40.625000 40.625000 35.353535 37.179487 45.454545 26.605505 31.818182
dsi-mir-31a   40.217391 39.759036 39.130435 34.782609 35.869565 34.782609 42.372881 37.662338 35.869565 52.873563 31.707317 28.260870 92.391304 47.826087 97.826087 53.260870 80.219780 48.913043 100.000000 51.086957 80.219780 50.000000 92.391304 64.935065 92.391304 59.550562 41.304348 43.055556 100.000000 51.086957 100.000000 51.086957 85.869565 50.000000 67.045455 45.652174 97.826087 54.347826 40.298507 37.037037 34.782609 40.845070 40.845070 32.608696 39.080460 40.845070 34.782609 32.608696 38.043478 41.304348 39.240506 32.608696 39.743590 40.845070 40.845070 40.845070 34.782609 31.521739 35.869565 32.941176 45.312500 45.312500 46.739130 37.179487 42.857143 36.956522 32.954545
dsi-mir-31b   35.433071 32.530120 39.000000 29.702970 28.925620 32.978723 47.457627 37.662338 32.352941 50.574713 34.146341 29.702970 47.826087 78.947368 52.173913 99.212598 47.252747 63.492063 51.086957 96.062992 47.252747 70.078740 47.826087 80.519481 47.826087 79.775281 31.683168 45.833333 51.086957 100.000000 51.086957 100.000000 43.478261 64.285714 53.409091 58.267717 51.086957 96.062992 41.791045 40.740741 31.914894 38.028169 38.028169 28.712871 36.781609 38.028169 30.188679 28.431373 40.404040 30.708661 37.974684 28.703704 28.205128 38.028169 38.028169 38.028169 30.188679 24.576271 33.663366 38.823529 40.625000 40.625000 35.353535 37.179487 45.454545 26.605505 31.818182
dvi-mir-31a   44.565217 36.144578 36.956522 32.608696 36.956522 30.434783 38.983051 36.363636 36.956522 47.126437 32.926829 32.608696 91.304348 45.652174 86.956522 44.565217 90.109890 46.739130 85.869565 43.478261 89.010989 47.826087 84.782609 61.038961 84.782609 55.056180 40.217391 45.833333 85.869565 43.478261 85.869565 43.478261 100.000000 47.826087 65.909091 47.826087 84.782609 45.652174 34.328358 34.567901 32.608696 35.211268 35.211268 33.695652 34.482759 35.211268 30.434783 39.130435 38.043478 36.956522 34.177215 36.956522 35.897436 35.211268 35.211268 35.211268 30.434783 31.521739 33.695652 37.647059 46.875000 46.875000 43.478261 34.615385 41.558442 34.782609 34.090909
dvi-mir-31b   37.301587 32.530120 35.000000 31.683168 27.272727 27.659574 44.067797 31.168831 33.333333 51.724138 32.926829 27.722772 47.826087 60.000000 47.826087 62.698413 47.252747 92.857143 50.000000 65.873016 50.549451 85.714286 51.086957 79.220779 51.086957 80.898876 31.683168 41.666667 50.000000 64.285714 50.000000 64.285714 47.826087 100.000000 47.727273 63.492063 51.086957 64.285714 38.805970 34.567901 30.851064 35.211268 35.211268 35.643564 33.333333 35.211268 31.132075 33.333333 33.333333 30.952381 35.443038 26.851852 30.769231 35.211268 35.211268 35.211268 31.132075 27.966102 32.673267 40.000000 42.187500 42.187500 35.353535 33.333333 45.454545 30.275229 30.681818
dwi-mir-31a   48.863636 34.939759 51.136364 36.363636 38.636364 29.545455 38.983051 36.363636 37.500000 49.425287 39.024390 39.772727 63.636364 45.454545 65.909091 55.681818 62.500000 47.727273 67.045455 53.409091 62.500000 48.863636 59.090909 57.142857 59.090909 52.272727 46.590909 50.000000 67.045455 53.409091 67.045455 53.409091 65.909091 47.727273 100.000000 48.863636 64.772727 55.681818 38.805970 34.567901 38.636364 38.028169 38.028169 39.772727 33.333333 38.028169 34.090909 35.227273 43.181818 37.500000 37.974684 35.227273 30.769231 38.028169 38.028169 38.028169 32.954545 34.090909 37.500000 43.529412 54.687500 54.687500 43.181818 38.461538 51.948052 39.772727 31.818182
dwi-mir-31b   28.985507 33.734940 37.000000 35.643564 27.272727 27.659574 42.372881 36.363636 33.333333 44.827586 36.585366 33.663366 47.826087 55.789474 46.739130 58.267717 49.450549 61.904762 45.652174 60.629921 51.648352 62.992126 44.565217 71.428571 44.565217 70.786517 29.702970 47.222222 45.652174 58.267717 45.652174 58.267717 47.826087 63.492063 48.863636 100.000000 45.652174 58.267717 40.298507 39.506173 32.978723 39.436620 39.436620 38.613861 37.931034 39.436620 29.245283 31.372549 41.414141 30.147059 39.240506 27.777778 29.487179 39.436620 39.436620 39.436620 29.245283 30.508475 30.693069 37.647059 42.187500 42.187500 35.353535 37.179487 53.246753 32.110092 32.954545
dya-mir-31a   42.391304 39.759036 40.217391 34.782609 36.956522 33.695652 40.677966 37.662338 35.869565 52.873563 34.146341 28.260870 92.391304 47.826087 95.652174 53.260870 80.219780 47.826087 97.826087 51.086957 79.120879 50.000000 93.478261 64.935065 93.478261 59.550562 41.304348 43.055556 97.826087 51.086957 97.826087 51.086957 84.782609 51.086957 64.772727 45.652174 100.000000 54.347826 38.805970 37.037037 34.782609 40.845070 40.845070 33.695652 37.931034 40.845070 33.695652 34.782609 38.043478 38.043478 39.240506 32.608696 39.743590 40.845070 40.845070 40.845070 33.695652 31.521739 38.043478 34.117647 45.312500 45.312500 44.565217 37.179487 42.857143 36.956522 32.954545
dya-mir-31b   36.220472 30.120482 39.000000 26.732673 30.578512 31.914894 40.677966 32.467532 31.372549 51.724138 34.146341 30.693069 51.086957 78.947368 55.434783 96.850394 45.054945 61.904762 54.347826 95.275591 47.252747 66.929134 50.000000 77.922078 50.000000 77.528090 34.653465 45.833333 54.347826 96.062992 54.347826 96.062992 45.652174 64.285714 55.681818 58.267717 54.347826 100.000000 37.313433 38.271605 31.914894 39.436620 39.436620 29.702970 33.333333 39.436620 27.358491 28.431373 39.393939 29.921260 35.443038 27.777778 29.487179 39.436620 39.436620 39.436620 27.358491 24.576271 28.712871 38.823529 45.312500 45.312500 33.333333 34.615385 48.051948 27.522936 30.681818
eca-mir-31    53.731343 88.059701 41.791045 53.731343 41.791045 98.507463 100.000000 91.044776 46.268657 53.731343 43.283582 52.238806 38.805970 41.791045 41.791045 41.791045 44.776119 38.805970 40.298507 41.791045 38.805970 37.313433 43.283582 43.283582 43.283582 43.283582 41.791045 64.179104 40.298507 41.791045 40.298507 41.791045 34.328358 38.805970 38.805970 40.298507 38.805970 37.313433 100.000000 98.507463 86.567164 98.507463 98.507463 50.746269 98.507463 98.507463 100.000000 41.791045 46.268657 86.567164 92.537313 67.164179 52.238806 98.507463 98.507463 98.507463 100.000000 61.194030 56.716418 52.238806 53.125000 53.125000 62.686567 98.507463 55.223881 91.044776 77.611940
efu-mir-31    46.913580 82.716049 39.506173 49.382716 37.037037 95.061728 98.305085 87.012987 43.209877 46.913580 41.975309 41.975309 39.506173 37.037037 38.271605 40.740741 40.740741 33.333333 37.037037 40.740741 37.037037 37.037037 39.506173 38.961039 39.506173 39.506173 37.037037 66.666667 37.037037 40.740741 37.037037 40.740741 34.567901 34.567901 34.567901 39.506173 37.037037 38.271605 98.507463 100.000000 81.481481 94.366197 94.366197 44.444444 92.592593 94.366197 96.296296 35.802469 43.209877 86.419753 82.278481 60.493827 53.846154 94.366197 94.366197 94.366197 96.296296 59.259259 54.320988 43.209877 53.125000 53.125000 58.024691 96.153846 48.051948 85.185185 79.012346
gga-mir-31    39.361702 85.542169 32.978723 37.234043 35.106383 74.468085 86.440678 83.116883 36.170213 41.379310 37.804878 37.234043 33.695652 28.723404 38.043478 31.914894 38.461538 30.851064 34.782609 31.914894 35.164835 31.914894 35.869565 36.363636 35.869565 33.707865 36.170213 62.500000 34.782609 31.914894 34.782609 31.914894 32.608696 30.851064 38.636364 32.978723 34.782609 31.914894 86.567164 81.481481 100.000000 87.323944 87.323944 41.489362 81.609195 87.323944 78.723404 35.106383 31.914894 76.595745 75.949367 52.127660 48.717949 87.323944 87.323944 87.323944 78.723404 47.872340 43.617021 38.823529 53.125000 53.125000 47.872340 88.461538 44.155844 93.617021 71.590909
ggo-mir-31    50.704225 87.323944 39.436620 50.704225 39.436620 95.774648 98.305085 90.140845 43.661972 50.704225 40.845070 49.295775 40.845070 39.436620 39.436620 38.028169 42.253521 35.211268 40.845070 38.028169 36.619718 38.028169 45.070423 39.436620 45.070423 42.253521 39.436620 60.563380 40.845070 38.028169 40.845070 38.028169 35.211268 35.211268 38.028169 39.436620 40.845070 39.436620 98.507463 94.366197 87.323944 100.000000 100.000000 49.295775 95.774648 100.000000 98.591549 38.028169 43.661972 84.507042 88.732394 64.788732 50.704225 100.000000 100.000000 100.000000 98.591549 61.971831 53.521127 49.295775 53.125000 53.125000 59.154930 95.774648 53.521127 91.549296 77.464789
hsa-mir-31    50.704225 87.323944 39.436620 50.704225 39.436620 95.774648 98.305085 90.140845 43.661972 50.704225 40.845070 49.295775 40.845070 39.436620 39.436620 38.028169 42.253521 35.211268 40.845070 38.028169 36.619718 38.028169 45.070423 39.436620 45.070423 42.253521 39.436620 60.563380 40.845070 38.028169 40.845070 38.028169 35.211268 35.211268 38.028169 39.436620 40.845070 39.436620 98.507463 94.366197 87.323944 100.000000 100.000000 49.295775 95.774648 100.000000 98.591549 38.028169 43.661972 84.507042 88.732394 64.788732 50.704225 100.000000 100.000000 100.000000 98.591549 61.971831 53.521127 49.295775 53.125000 53.125000 59.154930 95.774648 53.521127 91.549296 77.464789
lgi-mir-31    33.663366 45.783133 43.000000 28.712871 31.683168 38.297872 50.847458 46.753247 33.663366 36.781609 39.024390 52.475248 32.608696 29.473684 32.608696 28.712871 35.164835 31.683168 32.608696 30.693069 34.065934 30.693069 34.782609 38.961039 34.782609 33.707865 39.603960 48.611111 32.608696 28.712871 32.608696 28.712871 33.695652 35.643564 39.772727 38.613861 33.695652 29.702970 50.746269 44.444444 41.489362 49.295775 49.295775 100.000000 42.528736 49.295775 38.613861 30.693069 46.464646 34.653465 49.367089 41.584158 32.051282 49.295775 49.295775 49.295775 37.623762 34.653465 47.524752 37.647059 48.437500 48.437500 51.515152 46.153846 55.844156 42.574257 42.045455
mdo-mir-31    45.977011 83.132530 35.632184 44.827586 42.528736 85.057471 98.305085 89.610390 43.678161 45.977011 41.463415 41.379310 39.080460 33.333333 40.229885 34.482759 42.528736 35.632184 39.080460 33.333333 39.080460 33.333333 41.379310 40.259740 41.379310 36.781609 37.931034 61.111111 39.080460 36.781609 39.080460 36.781609 34.482759 33.333333 33.333333 37.931034 37.931034 33.333333 98.507463 92.592593 81.609195 95.774648 95.774648 42.528736 100.000000 95.774648 93.103448 37.931034 39.080460 90.804598 89.873418 58.620690 53.846154 95.774648 95.774648 95.774648 93.103448 52.873563 49.425287 40.000000 51.562500 51.562500 52.873563 96.153846 50.649351 87.356322 74.712644
mml-mir-31    50.704225 87.323944 39.436620 50.704225 39.436620 95.774648 98.305085 90.140845 43.661972 50.704225 40.845070 49.295775 40.845070 39.436620 39.436620 38.028169 42.253521 35.211268 40.845070 38.028169 36.619718 38.028169 45.070423 39.436620 45.070423 42.253521 39.436620 60.563380 40.845070 38.028169 40.845070 38.028169 35.211268 35.211268 38.028169 39.436620 40.845070 39.436620 98.507463 94.366197 87.323944 100.000000 100.000000 49.295775 95.774648 100.000000 98.591549 38.028169 43.661972 84.507042 88.732394 64.788732 50.704225 100.000000 100.000000 100.000000 98.591549 61.971831 53.521127 49.295775 53.125000 53.125000 59.154930 95.774648 53.521127 91.549296 77.464789
mmu-mir-31    38.679245 85.542169 35.000000 37.623762 33.962264 93.617021 100.000000 92.207792 36.274510 44.827586 39.024390 37.623762 34.782609 29.473684 35.869565 30.188679 38.461538 33.962264 34.782609 30.188679 35.164835 28.301887 36.956522 37.662338 36.956522 35.955056 33.663366 59.722222 34.782609 30.188679 34.782609 30.188679 30.434783 31.132075 34.090909 29.245283 33.695652 27.358491 100.000000 96.296296 78.723404 98.591549 98.591549 38.613861 93.103448 98.591549 100.000000 28.431373 37.373737 75.471698 84.810127 49.056604 55.128205 98.591549 98.591549 98.591549 98.113208 48.113208 48.514851 41.176471 53.125000 53.125000 46.464646 97.435897 49.350649 75.471698 70.454545
mse-mir-31    27.450980 32.530120 47.000000 37.623762 90.196078 37.234043 45.762712 32.467532 32.352941 29.885057 31.707317 35.643564 31.521739 30.526316 32.608696 28.431373 43.956044 33.333333 32.608696 33.333333 39.560440 31.372549 33.695652 45.454545 33.695652 43.820225 37.623762 44.444444 32.608696 28.431373 32.608696 28.431373 39.130435 33.333333 35.227273 31.372549 34.782609 28.431373 41.791045 35.802469 35.106383 38.028169 38.028169 30.693069 37.931034 38.028169 28.431373 100.000000 49.494949 36.274510 35.443038 32.352941 26.923077 38.028169 38.028169 38.028169 28.431373 27.450980 34.653465 35.294118 43.750000 43.750000 38.383838 37.179487 57.142857 31.372549 34.090909
nvi-mir-31a   38.383838 39.759036 69.696970 37.373737 47.474747 39.361702 49.152542 42.857143 30.303030 36.781609 39.024390 39.393939 38.043478 34.736842 40.217391 39.393939 36.263736 33.333333 38.043478 40.404040 38.461538 34.343434 35.869565 45.454545 35.869565 39.325843 44.444444 45.833333 38.043478 40.404040 38.043478 40.404040 38.043478 33.333333 43.181818 41.414141 38.043478 39.393939 46.268657 43.209877 31.914894 43.661972 43.661972 46.464646 39.080460 43.661972 37.373737 49.494949 100.000000 36.363636 44.303797 37.373737 34.615385 43.661972 43.661972 43.661972 36.363636 35.353535 40.404040 43.529412 46.875000 46.875000 36.363636 39.743590 59.740260 33.333333 43.181818
oan-mir-31    33.088235 85.542169 32.000000 43.564356 38.016529 74.468085 86.440678 81.818182 42.156863 48.275862 39.024390 38.613861 38.043478 32.631579 40.217391 29.133858 42.857143 32.539683 41.304348 29.133858 39.560440 31.496063 36.956522 40.259740 36.956522 35.955056 34.653465 63.888889 41.304348 30.708661 41.304348 30.708661 36.956522 30.952381 37.500000 30.147059 38.043478 29.921260 86.567164 86.419753 76.595745 84.507042 84.507042 34.653465 90.804598 84.507042 75.471698 36.274510 36.363636 100.000000 81.012658 49.074074 47.435897 84.507042 84.507042 84.507042 74.528302 38.983051 42.574257 37.647059 46.875000 46.875000 44.444444 84.615385 49.350649 75.229358 70.454545
oha-mir-31    41.772152 84.810127 40.506329 41.772152 37.974684 81.012658 91.525424 79.220779 39.240506 41.772152 37.974684 45.569620 40.506329 36.708861 39.240506 37.974684 41.772152 36.708861 39.240506 37.974684 37.974684 35.443038 41.772152 37.662338 41.772152 37.974684 40.506329 56.944444 39.240506 37.974684 39.240506 37.974684 34.177215 35.443038 37.974684 39.240506 39.240506 35.443038 92.537313 82.278481 75.949367 88.732394 88.732394 49.367089 89.873418 88.732394 84.810127 35.443038 44.303797 81.012658 100.000000 60.759494 44.871795 88.732394 88.732394 88.732394 84.810127 56.962025 49.367089 44.303797 48.437500 48.437500 54.430380 83.333333 57.142857 81.012658 69.620253
ola-mir-31    34.259259 56.626506 35.000000 42.574257 31.481481 55.319149 72.881356 62.337662 30.392157 36.781609 43.902439 28.712871 31.521739 35.789474 33.695652 28.703704 39.560440 29.629630 32.608696 28.703704 38.461538 28.703704 33.695652 38.961039 33.695652 38.202247 32.673267 56.944444 32.608696 28.703704 32.608696 28.703704 36.956522 26.851852 35.227273 27.777778 32.608696 27.777778 67.164179 60.493827 52.127660 64.788732 64.788732 41.584158 58.620690 64.788732 49.056604 32.352941 37.373737 49.074074 60.759494 100.000000 44.871795 64.788732 64.788732 64.788732 50.943396 39.814815 40.594059 36.470588 42.187500 42.187500 39.393939 62.820513 35.064935 46.296296 46.590909
pma-mir-31    32.051282 47.435897 34.615385 39.743590 29.487179 55.128205 54.237288 51.948052 38.461538 35.897436 39.743590 38.461538 38.461538 30.769231 39.743590 28.205128 38.461538 30.769231 39.743590 28.205128 39.743590 30.769231 42.307692 36.363636 42.307692 35.897436 32.051282 44.444444 39.743590 28.205128 39.743590 28.205128 35.897436 30.769231 30.769231 29.487179 39.743590 29.487179 52.238806 53.846154 48.717949 50.704225 50.704225 32.051282 53.846154 50.704225 55.128205 26.923077 34.615385 47.435897 44.871795 44.871795 100.000000 50.704225 50.704225 50.704225 55.128205 50.000000 38.461538 28.205128 34.375000 34.375000 42.307692 56.410256 35.064935 47.435897 46.153846
ppa-mir-31    50.704225 87.323944 39.436620 50.704225 39.436620 95.774648 98.305085 90.140845 43.661972 50.704225 40.845070 49.295775 40.845070 39.436620 39.436620 38.028169 42.253521 35.211268 40.845070 38.028169 36.619718 38.028169 45.070423 39.436620 45.070423 42.253521 39.436620 60.563380 40.845070 38.028169 40.845070 38.028169 35.211268 35.211268 38.028169 39.436620 40.845070 39.436620 98.507463 94.366197 87.323944 100.000000 100.000000 49.295775 95.774648 100.000000 98.591549 38.028169 43.661972 84.507042 88.732394 64.788732 50.704225 100.000000 100.000000 100.000000 98.591549 61.971831 53.521127 49.295775 53.125000 53.125000 59.154930 95.774648 53.521127 91.549296 77.464789
ppy-mir-31    50.704225 87.323944 39.436620 50.704225 39.436620 95.774648 98.305085 90.140845 43.661972 50.704225 40.845070 49.295775 40.845070 39.436620 39.436620 38.028169 42.253521 35.211268 40.845070 38.028169 36.619718 38.028169 45.070423 39.436620 45.070423 42.253521 39.436620 60.563380 40.845070 38.028169 40.845070 38.028169 35.211268 35.211268 38.028169 39.436620 40.845070 39.436620 98.507463 94.366197 87.323944 100.000000 100.000000 49.295775 95.774648 100.000000 98.591549 38.028169 43.661972 84.507042 88.732394 64.788732 50.704225 100.000000 100.000000 100.000000 98.591549 61.971831 53.521127 49.295775 53.125000 53.125000 59.154930 95.774648 53.521127 91.549296 77.464789
ptr-mir-31    50.704225 87.323944 39.436620 50.704225 39.436620 95.774648 98.305085 90.140845 43.661972 50.704225 40.845070 49.295775 40.845070 39.436620 39.436620 38.028169 42.253521 35.211268 40.845070 38.028169 36.619718 38.028169 45.070423 39.436620 45.070423 42.253521 39.436620 60.563380 40.845070 38.028169 40.845070 38.028169 35.211268 35.211268 38.028169 39.436620 40.845070 39.436620 98.507463 94.366197 87.323944 100.000000 100.000000 49.295775 95.774648 100.000000 98.591549 38.028169 43.661972 84.507042 88.732394 64.788732 50.704225 100.000000 100.000000 100.000000 98.591549 61.971831 53.521127 49.295775 53.125000 53.125000 59.154930 95.774648 53.521127 91.549296 77.464789
rno-mir-31a   40.566038 83.132530 36.000000 36.633663 32.075472 93.617021 100.000000 92.207792 38.235294 44.827586 41.463415 37.623762 34.782609 29.473684 35.869565 30.188679 38.461538 33.962264 34.782609 30.188679 35.164835 31.132075 36.956522 37.662338 36.956522 35.955056 36.633663 59.722222 34.782609 30.188679 34.782609 30.188679 30.434783 31.132075 32.954545 29.245283 33.695652 27.358491 100.000000 96.296296 78.723404 98.591549 98.591549 37.623762 93.103448 98.591549 98.113208 28.431373 36.363636 74.528302 84.810127 50.943396 55.128205 98.591549 98.591549 98.591549 100.000000 48.113208 46.534653 41.176471 53.125000 53.125000 45.454545 97.435897 49.350649 74.528302 70.454545
rno-mir-31b   33.050847 51.807229 31.000000 36.633663 28.813559 51.063830 57.627119 57.142857 39.215686 40.229885 45.121951 36.633663 32.608696 23.157895 34.782609 24.576271 36.263736 29.661017 31.521739 25.423729 31.868132 33.898305 34.782609 32.467532 34.782609 30.337079 25.742574 50.000000 31.521739 24.576271 31.521739 24.576271 31.521739 27.966102 34.090909 30.508475 31.521739 24.576271 61.194030 59.259259 47.872340 61.971831 61.971831 34.653465 52.873563 61.971831 48.113208 27.450980 35.353535 38.983051 56.962025 39.814815 50.000000 61.971831 61.971831 61.971831 48.113208 100.000000 40.594059 30.588235 40.625000 40.625000 37.373737 60.256410 44.155844 47.706422 46.590909
