11
bta-mir-615 100.000000 91.764706 94.047619 93.548387 95.698925 94.623656 95.652174 93.548387 95.698925 95.652174 96.590909
cfa-mir-615 91.764706 100.000000 84.523810 90.588235 90.588235 89.411765 90.588235 88.235294 90.588235 90.588235 88.235294
cgr-mir-615 94.047619 84.523810 100.000000 95.238095 97.619048 96.428571 100.000000 95.238095 97.619048 100.000000 95.238095
eca-mir-615 93.548387 90.588235 95.238095 100.000000 88.541667 87.500000 92.391304 86.458333 89.473684 92.391304 97.727273
hsa-mir-615 95.698925 90.588235 97.619048 88.541667 100.000000 98.958333 98.913043 97.916667 100.000000 98.913043 95.454545
mml-mir-615 94.623656 89.411765 96.428571 87.500000 98.958333 100.000000 97.826087 96.875000 98.947368 97.826087 94.318182
mmu-mir-615 95.652174 90.588235 100.000000 92.391304 98.913043 97.826087 100.000000 96.739130 98.913043 100.000000 95.454545
ppy-mir-615 93.548387 88.235294 95.238095 86.458333 97.916667 96.875000 96.739130 100.000000 97.894737 96.739130 94.318182
ptr-mir-615 95.698925 90.588235 97.619048 89.473684 100.000000 98.947368 98.913043 97.894737 100.000000 98.913043 95.454545
rno-mir-615 95.652174 90.588235 100.000000 92.391304 98.913043 97.826087 100.000000 96.739130 98.913043 100.000000 95.454545
ssc-mir-615 96.590909 88.235294 95.238095 97.727273 95.454545 94.318182 95.454545 94.318182 95.454545 95.454545 100.000000
