23
aca-mir-147   100.000000 88.750000 86.746988 85.000000 91.566265 72.500000 90.000000 63.888889 88.750000 90.243902 69.444444 87.500000 84.810127 67.469880 92.405063 66.666667 66.666667 88.750000 66.666667 88.607595 84.810127 80.000000 88.571429
bta-mir-147   88.750000 100.000000 93.750000 82.500000 97.500000 81.250000 85.714286 69.444444 92.500000 87.500000 70.833333 88.750000 84.810127 62.500000 87.341772 70.833333 70.833333 92.500000 70.833333 92.405063 87.341772 91.666667 84.285714
cfa-mir-147   86.746988 93.750000 100.000000 85.000000 96.511628 81.250000 84.285714 72.222222 95.000000 89.024390 73.611111 90.000000 87.341772 61.627907 92.405063 73.611111 73.611111 95.000000 73.611111 94.936709 86.075949 90.000000 87.142857
cgr-mir-147   85.000000 82.500000 85.000000 100.000000 91.250000 67.500000 78.571429 61.111111 80.000000 81.250000 66.666667 78.750000 88.607595 68.750000 78.481013 62.500000 62.500000 80.000000 62.500000 79.746835 91.139241 81.666667 74.285714
chi-mir-147   91.566265 97.500000 96.511628 91.250000 100.000000 83.750000 88.571429 72.222222 95.000000 90.243902 73.611111 91.250000 87.341772 63.218391 92.405063 73.611111 73.611111 95.000000 73.611111 94.936709 89.873418 95.000000 87.142857
eca-mir-147b  72.500000 81.250000 81.250000 67.500000 83.750000 100.000000 77.142857 65.277778 77.500000 75.000000 65.277778 73.750000 72.151899 53.750000 74.683544 65.277778 65.277778 77.500000 65.277778 75.949367 73.417722 81.666667 78.571429
gga-mir-147   90.000000 85.714286 84.285714 78.571429 88.571429 77.142857 100.000000 68.571429 84.285714 90.000000 74.285714 80.000000 78.571429 74.285714 88.571429 71.428571 71.428571 84.285714 71.428571 84.285714 80.000000 85.000000 92.857143
hsa-mir-147a  63.888889 69.444444 72.222222 61.111111 72.222222 65.277778 68.571429 100.000000 70.833333 69.444444 95.833333 66.666667 65.277778 47.222222 70.833333 98.611111 98.611111 70.833333 98.611111 70.833333 63.888889 65.000000 64.285714
hsa-mir-147b  88.750000 92.500000 95.000000 80.000000 95.000000 77.500000 84.285714 70.833333 100.000000 87.500000 70.833333 96.250000 84.810127 62.500000 87.341772 72.222222 72.222222 100.000000 72.222222 100.000000 84.810127 88.333333 85.714286
mdo-mir-147b  90.243902 87.500000 89.024390 81.250000 90.243902 75.000000 90.000000 69.444444 87.500000 100.000000 73.611111 88.750000 82.278481 68.292683 87.341772 70.833333 70.833333 87.500000 70.833333 87.341772 81.012658 78.333333 91.428571
mml-mir-147a  69.444444 70.833333 73.611111 66.666667 73.611111 65.277778 74.285714 95.833333 70.833333 73.611111 100.000000 66.666667 70.833333 52.777778 73.611111 97.222222 97.222222 70.833333 97.222222 70.833333 69.444444 63.333333 70.000000
mml-mir-147b  87.500000 88.750000 90.000000 78.750000 91.250000 73.750000 80.000000 66.666667 96.250000 88.750000 66.666667 100.000000 81.012658 61.250000 83.544304 68.055556 68.055556 96.250000 68.055556 96.202532 81.012658 85.000000 81.428571
mmu-mir-147   84.810127 84.810127 87.341772 88.607595 87.341772 72.151899 78.571429 65.277778 84.810127 82.278481 70.833333 81.012658 100.000000 67.088608 78.481013 66.666667 66.666667 84.810127 66.666667 83.544304 94.936709 76.666667 78.571429
oan-mir-147   67.469880 62.500000 61.627907 68.750000 63.218391 53.750000 74.285714 47.222222 62.500000 68.292683 52.777778 61.250000 67.088608 100.000000 64.556962 50.000000 50.000000 62.500000 50.000000 63.291139 73.417722 58.333333 67.142857
oha-mir-147-1 92.405063 87.341772 92.405063 78.481013 92.405063 74.683544 88.571429 70.833333 87.341772 87.341772 73.611111 83.544304 78.481013 64.556962 100.000000 73.611111 73.611111 87.341772 73.611111 87.341772 77.215190 85.000000 90.000000
ppa-mir-147   66.666667 70.833333 73.611111 62.500000 73.611111 65.277778 71.428571 98.611111 72.222222 70.833333 97.222222 68.055556 66.666667 50.000000 73.611111 100.000000 100.000000 72.222222 100.000000 72.222222 65.277778 66.666667 67.142857
ppy-mir-147a  66.666667 70.833333 73.611111 62.500000 73.611111 65.277778 71.428571 98.611111 72.222222 70.833333 97.222222 68.055556 66.666667 50.000000 73.611111 100.000000 100.000000 72.222222 100.000000 72.222222 65.277778 66.666667 67.142857
ppy-mir-147b  88.750000 92.500000 95.000000 80.000000 95.000000 77.500000 84.285714 70.833333 100.000000 87.500000 70.833333 96.250000 84.810127 62.500000 87.341772 72.222222 72.222222 100.000000 72.222222 100.000000 84.810127 88.333333 85.714286
ptr-mir-147a  66.666667 70.833333 73.611111 62.500000 73.611111 65.277778 71.428571 98.611111 72.222222 70.833333 97.222222 68.055556 66.666667 50.000000 73.611111 100.000000 100.000000 72.222222 100.000000 72.222222 65.277778 66.666667 67.142857
ptr-mir-147b  88.607595 92.405063 94.936709 79.746835 94.936709 75.949367 84.285714 70.833333 100.000000 87.341772 70.833333 96.202532 83.544304 63.291139 87.341772 72.222222 72.222222 100.000000 72.222222 100.000000 83.544304 88.333333 85.714286
rno-mir-147   84.810127 87.341772 86.075949 91.139241 89.873418 73.417722 80.000000 63.888889 84.810127 81.012658 69.444444 81.012658 94.936709 73.417722 77.215190 65.277778 65.277778 84.810127 65.277778 83.544304 100.000000 78.333333 78.571429
tch-mir-147b  80.000000 91.666667 90.000000 81.666667 95.000000 81.666667 85.000000 65.000000 88.333333 78.333333 63.333333 85.000000 76.666667 58.333333 85.000000 66.666667 66.666667 88.333333 66.666667 88.333333 78.333333 100.000000 83.333333
tgu-mir-147   88.571429 84.285714 87.142857 74.285714 87.142857 78.571429 92.857143 64.285714 85.714286 91.428571 70.000000 81.428571 78.571429 67.142857 90.000000 67.142857 67.142857 85.714286 67.142857 85.714286 78.571429 83.333333 100.000000
