31
aca-mir-142   100.000000 78.160920 74.603175 75.949367 82.222222 79.069767 73.437500 75.949367 77.906977 80.681818 75.555556 78.160920 72.972973 78.160920 73.437500 62.222222 76.666667 97.777778 84.444444 78.160920 77.906977 78.160920 75.555556 76.250000 74.576271 76.056338 81.111111 81.395349 73.255814 73.255814 73.255814
bta-mir-142   78.160920 100.000000 100.000000 100.000000 78.160920 80.232558 100.000000 100.000000 80.232558 93.103448 100.000000 100.000000 97.297297 100.000000 100.000000 72.413793 96.551724 78.160920 79.310345 100.000000 100.000000 100.000000 97.701149 100.000000 98.305085 90.140845 78.160920 77.906977 82.558140 82.558140 82.558140
cfa-mir-142   74.603175 100.000000 100.000000 100.000000 73.015873 73.015873 100.000000 100.000000 77.777778 90.476190 100.000000 100.000000 96.825397 100.000000 100.000000 69.841270 95.238095 74.603175 74.603175 100.000000 100.000000 100.000000 96.825397 100.000000 98.305085 88.888889 73.015873 74.603175 82.539683 82.539683 82.539683
cgr-mir-142   75.949367 100.000000 100.000000 100.000000 78.481013 79.746835 100.000000 97.468354 78.481013 92.405063 100.000000 100.000000 97.297297 100.000000 100.000000 70.886076 96.202532 75.949367 79.746835 100.000000 100.000000 100.000000 97.468354 98.734177 98.305085 90.140845 78.481013 75.949367 84.810127 84.810127 84.810127
dre-mir-142a  82.222222 78.160920 73.015873 78.481013 100.000000 91.860465 71.875000 78.481013 90.697674 86.363636 74.725275 78.160920 77.027027 78.160920 71.875000 64.835165 75.824176 75.824176 95.604396 78.160920 79.069767 78.160920 74.725275 78.750000 72.881356 85.915493 96.666667 90.697674 82.558140 82.558140 82.558140
dre-mir-142b  79.069767 80.232558 73.015873 79.746835 91.860465 100.000000 75.000000 79.746835 93.023256 89.534884 80.232558 80.232558 75.675676 80.232558 75.000000 61.627907 79.069767 76.744186 90.697674 80.232558 80.232558 80.232558 77.906977 80.000000 71.186441 87.323944 91.860465 93.023256 83.720930 83.720930 83.720930
eca-mir-142   73.437500 100.000000 100.000000 100.000000 71.875000 75.000000 100.000000 100.000000 78.125000 90.625000 100.000000 100.000000 96.875000 100.000000 100.000000 68.750000 93.750000 73.437500 73.437500 100.000000 100.000000 100.000000 96.875000 100.000000 98.305085 89.062500 71.875000 75.000000 82.812500 82.812500 82.812500
efu-mir-142   75.949367 100.000000 100.000000 97.468354 78.481013 79.746835 100.000000 100.000000 79.746835 92.405063 100.000000 100.000000 97.297297 100.000000 100.000000 72.151899 96.202532 75.949367 79.746835 100.000000 100.000000 100.000000 97.468354 100.000000 98.305085 90.140845 78.481013 77.215190 84.810127 84.810127 84.810127
fru-mir-142   77.906977 80.232558 77.777778 78.481013 90.697674 93.023256 78.125000 79.746835 100.000000 89.534884 80.232558 80.232558 77.027027 80.232558 78.125000 65.116279 79.069767 80.232558 88.372093 80.232558 80.232558 80.232558 77.906977 80.000000 72.881356 88.732394 93.023256 94.186047 82.558140 82.558140 82.558140
gga-mir-142   80.681818 93.103448 90.476190 92.405063 86.363636 89.534884 90.625000 92.405063 89.534884 100.000000 92.045455 93.103448 90.540541 93.103448 90.625000 67.045455 89.772727 79.545455 86.363636 93.103448 93.023256 93.103448 90.909091 92.500000 88.135593 100.000000 86.363636 87.209302 88.372093 88.372093 88.372093
ggo-mir-142   75.555556 100.000000 100.000000 100.000000 74.725275 80.232558 100.000000 100.000000 80.232558 92.045455 100.000000 100.000000 97.297297 100.000000 100.000000 56.756757 91.818182 71.428571 74.038462 100.000000 100.000000 100.000000 92.792793 100.000000 98.305085 90.140845 75.555556 77.906977 82.558140 82.558140 82.558140
hsa-mir-142   78.160920 100.000000 100.000000 100.000000 78.160920 80.232558 100.000000 100.000000 80.232558 93.103448 100.000000 100.000000 97.297297 100.000000 100.000000 72.413793 96.551724 78.160920 79.310345 100.000000 100.000000 100.000000 97.701149 100.000000 98.305085 90.140845 78.160920 77.906977 82.558140 82.558140 82.558140
mdo-mir-142   72.972973 97.297297 96.825397 97.297297 77.027027 75.675676 96.875000 97.297297 77.027027 90.540541 97.297297 97.297297 100.000000 97.297297 96.875000 71.621622 95.945946 72.972973 78.378378 97.297297 97.297297 97.297297 100.000000 97.297297 98.305085 87.323944 77.027027 77.027027 81.081081 81.081081 81.081081
mml-mir-142   78.160920 100.000000 100.000000 100.000000 78.160920 80.232558 100.000000 100.000000 80.232558 93.103448 100.000000 100.000000 97.297297 100.000000 100.000000 72.413793 96.551724 78.160920 79.310345 100.000000 100.000000 100.000000 97.701149 100.000000 98.305085 90.140845 78.160920 77.906977 82.558140 82.558140 82.558140
mmu-mir-142a  73.437500 100.000000 100.000000 100.000000 71.875000 75.000000 100.000000 100.000000 78.125000 90.625000 100.000000 100.000000 96.875000 100.000000 100.000000 68.750000 93.750000 73.437500 73.437500 100.000000 100.000000 100.000000 96.875000 100.000000 98.305085 89.062500 71.875000 75.000000 82.812500 82.812500 82.812500
mmu-mir-142b  62.222222 72.413793 69.841270 70.886076 64.835165 61.627907 68.750000 72.151899 65.116279 67.045455 56.756757 72.413793 71.621622 72.413793 68.750000 100.000000 56.363636 57.142857 56.730769 72.413793 73.255814 72.413793 55.652174 72.500000 69.491525 63.380282 64.444444 62.790698 61.627907 61.627907 61.627907
oan-mir-142   76.666667 96.551724 95.238095 96.202532 75.824176 79.069767 93.750000 96.202532 79.069767 89.772727 91.818182 96.551724 95.945946 96.551724 93.750000 56.363636 100.000000 72.448980 75.000000 96.551724 96.511628 96.551724 95.454545 96.250000 94.915254 87.323944 76.666667 76.744186 80.232558 80.232558 80.232558
oha-mir-142   97.777778 78.160920 74.603175 75.949367 75.824176 76.744186 73.437500 75.949367 80.232558 79.545455 71.428571 78.160920 72.972973 78.160920 73.437500 57.142857 72.448980 100.000000 77.551020 78.160920 77.906977 78.160920 71.428571 76.250000 74.576271 74.647887 80.000000 79.069767 73.255814 73.255814 73.255814
ola-mir-142   84.444444 79.310345 74.603175 79.746835 95.604396 90.697674 73.437500 79.746835 88.372093 86.363636 74.038462 79.310345 78.378378 79.310345 73.437500 56.730769 75.000000 77.551020 100.000000 79.310345 80.232558 79.310345 74.038462 80.000000 74.576271 85.915493 95.555556 90.697674 80.232558 80.232558 80.232558
ppy-mir-142   78.160920 100.000000 100.000000 100.000000 78.160920 80.232558 100.000000 100.000000 80.232558 93.103448 100.000000 100.000000 97.297297 100.000000 100.000000 72.413793 96.551724 78.160920 79.310345 100.000000 100.000000 100.000000 97.701149 100.000000 98.305085 90.140845 78.160920 77.906977 82.558140 82.558140 82.558140
ptr-mir-142   77.906977 100.000000 100.000000 100.000000 79.069767 80.232558 100.000000 100.000000 80.232558 93.023256 100.000000 100.000000 97.297297 100.000000 100.000000 73.255814 96.511628 77.906977 80.232558 100.000000 100.000000 100.000000 97.674419 100.000000 98.305085 90.140845 79.069767 77.906977 82.558140 82.558140 82.558140
rno-mir-142   78.160920 100.000000 100.000000 100.000000 78.160920 80.232558 100.000000 100.000000 80.232558 93.103448 100.000000 100.000000 97.297297 100.000000 100.000000 72.413793 96.551724 78.160920 79.310345 100.000000 100.000000 100.000000 97.701149 100.000000 98.305085 90.140845 78.160920 77.906977 82.558140 82.558140 82.558140
sha-mir-142   75.555556 97.701149 96.825397 97.468354 74.725275 77.906977 96.875000 97.468354 77.906977 90.909091 92.792793 97.701149 100.000000 97.701149 96.875000 55.652174 95.454545 71.428571 74.038462 97.701149 97.674419 97.701149 100.000000 97.500000 98.305085 88.732394 75.555556 77.906977 80.232558 80.232558 80.232558
ssc-mir-142   76.250000 100.000000 100.000000 98.734177 78.750000 80.000000 100.000000 100.000000 80.000000 92.500000 100.000000 100.000000 97.297297 100.000000 100.000000 72.500000 96.250000 76.250000 80.000000 100.000000 100.000000 100.000000 97.500000 100.000000 98.305085 90.140845 78.750000 77.500000 85.000000 85.000000 85.000000
tch-mir-142   74.576271 98.305085 98.305085 98.305085 72.881356 71.186441 98.305085 98.305085 72.881356 88.135593 98.305085 98.305085 98.305085 98.305085 98.305085 69.491525 94.915254 74.576271 74.576271 98.305085 98.305085 98.305085 98.305085 98.305085 100.000000 88.135593 72.881356 72.881356 77.966102 77.966102 77.966102
tgu-mir-142   76.056338 90.140845 88.888889 90.140845 85.915493 87.323944 89.062500 90.140845 88.732394 100.000000 90.140845 90.140845 87.323944 90.140845 89.062500 63.380282 87.323944 74.647887 85.915493 90.140845 90.140845 90.140845 88.732394 90.140845 88.135593 100.000000 85.915493 85.915493 88.732394 88.732394 88.732394
tni-mir-142a  81.111111 78.160920 73.015873 78.481013 96.666667 91.860465 71.875000 78.481013 93.023256 86.363636 75.555556 78.160920 77.027027 78.160920 71.875000 64.444444 76.666667 80.000000 95.555556 78.160920 79.069767 78.160920 75.555556 78.750000 72.881356 85.915493 100.000000 88.372093 82.558140 82.558140 82.558140
tni-mir-142b  81.395349 77.906977 74.603175 75.949367 90.697674 93.023256 75.000000 77.215190 94.186047 87.209302 77.906977 77.906977 77.027027 77.906977 75.000000 62.790698 76.744186 79.069767 90.697674 77.906977 77.906977 77.906977 77.906977 77.500000 72.881356 85.915493 88.372093 100.000000 80.232558 80.232558 80.232558
xla-mir-142   73.255814 82.558140 82.539683 84.810127 82.558140 83.720930 82.812500 84.810127 82.558140 88.372093 82.558140 82.558140 81.081081 82.558140 82.812500 61.627907 80.232558 73.255814 80.232558 82.558140 82.558140 82.558140 80.232558 85.000000 77.966102 88.732394 82.558140 80.232558 100.000000 100.000000 100.000000
xtr-mir-142-1 73.255814 82.558140 82.539683 84.810127 82.558140 83.720930 82.812500 84.810127 82.558140 88.372093 82.558140 82.558140 81.081081 82.558140 82.812500 61.627907 80.232558 73.255814 80.232558 82.558140 82.558140 82.558140 80.232558 85.000000 77.966102 88.732394 82.558140 80.232558 100.000000 100.000000 100.000000
xtr-mir-142-2 73.255814 82.558140 82.539683 84.810127 82.558140 83.720930 82.812500 84.810127 82.558140 88.372093 82.558140 82.558140 81.081081 82.558140 82.812500 61.627907 80.232558 73.255814 80.232558 82.558140 82.558140 82.558140 80.232558 85.000000 77.966102 88.732394 82.558140 80.232558 100.000000 100.000000 100.000000
