21
aca-mir-155 100.000000 93.650794 93.442623 77.500000 71.250000 51.282051 90.769231 80.000000 93.650794 75.000000 86.153846 89.230769 86.153846 67.500000 89.230769 84.375000 86.153846 75.000000 91.803279 84.507042 68.115942
bta-mir-155 93.650794 100.000000 98.360656 93.650794 96.825397 58.730159 100.000000 98.412698 96.825397 93.650794 93.650794 96.825397 92.063492 73.015873 96.825397 90.476190 92.063492 93.650794 96.721311 95.238095 71.428571
cfa-mir-155 93.442623 98.360656 100.000000 93.442623 98.360656 60.655738 98.360656 100.000000 96.721311 95.081967 95.081967 98.360656 91.803279 73.770492 98.360656 91.803279 91.803279 96.721311 98.360656 95.081967 73.770492
cgr-mir-155 77.500000 93.650794 93.442623 100.000000 81.111111 50.000000 93.846154 93.827160 93.650794 88.888889 93.846154 92.307692 93.846154 61.111111 92.307692 90.625000 93.846154 88.888889 96.721311 90.140845 63.768116
chi-mir-155 71.250000 96.825397 98.360656 81.111111 100.000000 53.846154 98.461538 90.123457 93.650794 89.898990 92.307692 95.384615 90.769231 61.616162 95.384615 87.500000 90.769231 85.185185 96.721311 90.140845 68.115942
dre-mir-155 51.282051 58.730159 60.655738 50.000000 53.846154 100.000000 56.923077 50.000000 60.317460 46.153846 52.307692 55.384615 56.923077 48.717949 55.384615 53.125000 56.923077 44.871795 60.655738 53.521127 50.724638
eca-mir-155 90.769231 100.000000 98.360656 93.846154 98.461538 56.923077 100.000000 98.461538 96.825397 93.846154 93.846154 96.923077 92.307692 70.769231 96.923077 90.625000 92.307692 93.846154 96.721311 92.307692 69.230769
efu-mir-155 80.000000 98.412698 100.000000 93.827160 90.123457 50.000000 98.461538 100.000000 96.825397 92.592593 95.384615 98.461538 92.307692 62.962963 98.461538 92.187500 92.307692 92.592593 98.360656 94.366197 65.217391
gga-mir-155 93.650794 96.825397 96.721311 93.650794 93.650794 60.317460 96.825397 96.825397 100.000000 90.476190 90.476190 93.650794 92.063492 73.015873 93.650794 93.650794 92.063492 92.063492 95.081967 95.238095 71.428571
ggo-mir-155 75.000000 93.650794 95.081967 88.888889 89.898990 46.153846 93.846154 92.592593 90.476190 100.000000 100.000000 96.923077 89.230769 55.238095 96.923077 98.437500 89.230769 92.592593 96.721311 90.140845 66.666667
hsa-mir-155 86.153846 93.650794 95.081967 93.846154 92.307692 52.307692 93.846154 95.384615 90.476190 100.000000 100.000000 96.923077 89.230769 67.692308 96.923077 98.437500 89.230769 92.307692 96.721311 87.692308 69.230769
mml-mir-155 89.230769 96.825397 98.360656 92.307692 95.384615 55.384615 96.923077 98.461538 93.650794 96.923077 96.923077 100.000000 90.769231 69.230769 100.000000 95.312500 90.769231 95.384615 96.721311 90.769231 70.769231
mmu-mir-155 86.153846 92.063492 91.803279 93.846154 90.769231 56.923077 92.307692 92.307692 92.063492 89.230769 89.230769 90.769231 100.000000 73.846154 90.769231 85.937500 100.000000 90.769231 93.442623 87.692308 63.076923
oan-mir-155 67.500000 73.015873 73.770492 61.111111 61.616162 48.717949 70.769231 62.962963 73.015873 55.238095 67.692308 69.230769 73.846154 100.000000 69.230769 65.625000 73.846154 55.555556 73.770492 67.605634 65.217391
ppy-mir-155 89.230769 96.825397 98.360656 92.307692 95.384615 55.384615 96.923077 98.461538 93.650794 96.923077 96.923077 100.000000 90.769231 69.230769 100.000000 95.312500 90.769231 95.384615 96.721311 90.769231 70.769231
ptr-mir-155 84.375000 90.476190 91.803279 90.625000 87.500000 53.125000 90.625000 92.187500 93.650794 98.437500 98.437500 95.312500 85.937500 65.625000 95.312500 100.000000 85.937500 90.625000 93.442623 85.937500 71.875000
rno-mir-155 86.153846 92.063492 91.803279 93.846154 90.769231 56.923077 92.307692 92.307692 92.063492 89.230769 89.230769 90.769231 100.000000 73.846154 90.769231 85.937500 100.000000 90.769231 93.442623 87.692308 63.076923
ssc-mir-155 75.000000 93.650794 96.721311 88.888889 85.185185 44.871795 93.846154 92.592593 92.063492 92.592593 92.307692 95.384615 90.769231 55.555556 95.384615 90.625000 90.769231 100.000000 95.081967 88.732394 65.217391
tch-mir-155 91.803279 96.721311 98.360656 96.721311 96.721311 60.655738 96.721311 98.360656 95.081967 96.721311 96.721311 96.721311 93.442623 73.770492 96.721311 93.442623 93.442623 95.081967 100.000000 93.442623 72.131148
tgu-mir-155 84.507042 95.238095 95.081967 90.140845 90.140845 53.521127 92.307692 94.366197 95.238095 90.140845 87.692308 90.769231 87.692308 67.605634 90.769231 85.937500 87.692308 88.732394 93.442623 100.000000 65.217391
xtr-mir-155 68.115942 71.428571 73.770492 63.768116 68.115942 50.724638 69.230769 65.217391 71.428571 66.666667 69.230769 70.769231 63.076923 65.217391 70.769231 71.875000 63.076923 65.217391 72.131148 65.217391 100.000000
