14
bta-mir-362 100.000000 89.230769 92.307692 98.461538 93.846154 93.846154 93.846154 95.384615 90.769231 96.923077 95.161290 92.187500 90.769231 96.923077
cfa-mir-362 89.230769 100.000000 94.117647 91.176471 90.909091 98.529412 93.846154 93.846154 87.692308 87.692308 98.387097 95.312500 87.692308 89.705882
cgr-mir-362 92.307692 94.117647 100.000000 93.750000 93.939394 92.500000 93.846154 95.384615 98.461538 93.846154 95.161290 92.187500 98.461538 91.139241
chi-mir-362 98.461538 91.176471 93.750000 100.000000 90.909091 93.877551 90.769231 92.307692 93.846154 98.461538 91.935484 89.062500 93.846154 98.734177
eca-mir-362 93.846154 90.909091 93.939394 90.909091 100.000000 96.969697 96.923077 98.461538 92.307692 90.769231 98.387097 95.312500 92.307692 89.393939
ggo-mir-362 93.846154 98.529412 92.500000 93.877551 96.969697 100.000000 100.000000 98.461538 92.307692 92.307692 100.000000 100.000000 92.307692 91.139241
hsa-mir-362 93.846154 93.846154 93.846154 90.769231 96.923077 100.000000 100.000000 98.461538 92.307692 92.307692 100.000000 100.000000 92.307692 89.230769
mml-mir-362 95.384615 93.846154 95.384615 92.307692 98.461538 98.461538 98.461538 100.000000 93.846154 93.846154 100.000000 96.875000 93.846154 90.769231
mmu-mir-362 90.769231 87.692308 98.461538 93.846154 92.307692 92.307692 92.307692 93.846154 100.000000 92.307692 93.548387 90.625000 100.000000 92.307692
oar-mir-362 96.923077 87.692308 93.846154 98.461538 90.769231 92.307692 92.307692 93.846154 92.307692 100.000000 93.548387 90.625000 92.307692 96.923077
ppy-mir-362 95.161290 98.387097 95.161290 91.935484 98.387097 100.000000 100.000000 100.000000 93.548387 93.548387 100.000000 100.000000 93.548387 90.322581
ptr-mir-362 92.187500 95.312500 92.187500 89.062500 95.312500 100.000000 100.000000 96.875000 90.625000 90.625000 100.000000 100.000000 90.625000 87.500000
rno-mir-362 90.769231 87.692308 98.461538 93.846154 92.307692 92.307692 92.307692 93.846154 100.000000 92.307692 93.548387 90.625000 100.000000 92.307692
ssc-mir-362 96.923077 89.705882 91.139241 98.734177 89.393939 91.139241 89.230769 90.769231 92.307692 96.923077 90.322581 87.500000 92.307692 100.000000
