11
hsa-mir-297    100.000000 84.848485 63.636364 60.606061 60.606061 60.606061 57.575758 59.090909 93.939394 96.923077 48.484848
mml-mir-297    84.848485 100.000000 60.294118 58.823529 58.823529 58.823529 51.470588 61.764706 80.303030 86.153846 56.060606
mmu-mir-297a-1 63.636364 60.294118 100.000000 52.631579 55.263158 52.631579 50.000000 53.947368 60.606061 60.000000 57.575758
mmu-mir-297a-2 60.606061 58.823529 52.631579 100.000000 94.444444 95.555556 82.222222 92.222222 65.151515 60.000000 42.424242
mmu-mir-297a-3 60.606061 58.823529 55.263158 94.444444 100.000000 94.897959 88.235294 95.918367 65.151515 61.538462 42.424242
mmu-mir-297a-4 60.606061 58.823529 52.631579 95.555556 94.897959 100.000000 83.673469 91.836735 65.151515 60.000000 42.424242
mmu-mir-297b   57.575758 51.470588 50.000000 82.222222 88.235294 83.673469 100.000000 88.775510 59.090909 56.923077 39.393939
mmu-mir-297c   59.090909 61.764706 53.947368 92.222222 95.918367 91.836735 88.775510 100.000000 63.636364 63.076923 43.939394
ppy-mir-297    93.939394 80.303030 60.606061 65.151515 65.151515 65.151515 59.090909 63.636364 100.000000 90.769231 45.454545
ptr-mir-297    96.923077 86.153846 60.000000 60.000000 61.538462 60.000000 56.923077 63.076923 90.769231 100.000000 50.769231
rno-mir-297    48.484848 56.060606 57.575758 42.424242 42.424242 42.424242 39.393939 43.939394 45.454545 50.769231 100.000000
