15
bta-mir-342 100.000000 79.365079 74.117647 98.780488 73.404255 75.862069 77.659574 73.404255 73.404255 73.404255 73.404255 74.468085 73.404255 71.250000 68.253968
cfa-mir-342 79.365079 100.000000 93.650794 80.952381 100.000000 96.825397 95.238095 95.238095 95.238095 95.238095 95.238095 96.825397 95.238095 93.650794 71.428571
cgr-mir-342 74.117647 93.650794 100.000000 78.048780 94.117647 90.588235 95.294118 97.647059 97.647059 98.823529 97.647059 96.470588 98.823529 85.000000 79.365079
chi-mir-342 98.780488 80.952381 78.048780 100.000000 81.707317 79.268293 79.268293 79.268293 79.268293 79.268293 79.268293 80.487805 79.268293 72.500000 73.015873
eca-mir-342 73.404255 100.000000 94.117647 81.707317 100.000000 95.402299 90.909091 91.919192 91.919192 90.909091 91.919192 92.857143 90.909091 88.750000 74.603175
efu-mir-342 75.862069 96.825397 90.588235 79.268293 95.402299 100.000000 93.103448 91.954023 91.954023 91.954023 91.954023 93.103448 91.954023 91.250000 74.603175
ggo-mir-342 77.659574 95.238095 95.294118 79.268293 90.909091 93.103448 100.000000 98.989899 98.989899 93.939394 98.989899 97.959184 93.939394 86.250000 76.190476
hsa-mir-342 73.404255 95.238095 97.647059 79.268293 91.919192 91.954023 98.989899 100.000000 100.000000 94.949495 100.000000 98.979592 94.949495 86.250000 76.190476
mml-mir-342 73.404255 95.238095 97.647059 79.268293 91.919192 91.954023 98.989899 100.000000 100.000000 94.949495 100.000000 98.979592 94.949495 86.250000 76.190476
mmu-mir-342 73.404255 95.238095 98.823529 79.268293 90.909091 91.954023 93.939394 94.949495 94.949495 100.000000 94.949495 93.877551 100.000000 86.250000 79.365079
ppy-mir-342 73.404255 95.238095 97.647059 79.268293 91.919192 91.954023 98.989899 100.000000 100.000000 94.949495 100.000000 98.979592 94.949495 86.250000 76.190476
ptr-mir-342 74.468085 96.825397 96.470588 80.487805 92.857143 93.103448 97.959184 98.979592 98.979592 93.877551 98.979592 100.000000 93.877551 87.500000 74.603175
rno-mir-342 73.404255 95.238095 98.823529 79.268293 90.909091 91.954023 93.939394 94.949495 94.949495 100.000000 94.949495 93.877551 100.000000 86.250000 79.365079
ssc-mir-342 71.250000 93.650794 85.000000 72.500000 88.750000 91.250000 86.250000 86.250000 86.250000 86.250000 86.250000 87.500000 86.250000 100.000000 69.841270
tch-mir-342 68.253968 71.428571 79.365079 73.015873 74.603175 74.603175 76.190476 76.190476 76.190476 79.365079 76.190476 74.603175 79.365079 69.841270 100.000000
