19
aca-mir-425 100.000000 63.218391 65.079365 61.250000 63.953488 58.695652 63.218391 68.235294 62.068966 63.529412 68.478261 76.086957 63.218391 62.790698 61.445783 63.750000 63.934426 76.404494 64.935065
bta-mir-425 63.218391 100.000000 100.000000 97.500000 98.837209 97.701149 98.850575 91.764706 97.701149 98.823529 90.804598 63.218391 98.850575 98.837209 97.590361 97.500000 100.000000 79.310345 77.922078
cfa-mir-425 65.079365 100.000000 100.000000 100.000000 100.000000 96.825397 98.412698 92.063492 96.825397 100.000000 92.063492 63.492063 98.412698 98.412698 98.412698 98.412698 100.000000 80.952381 77.777778
cgr-mir-425 61.250000 97.500000 100.000000 100.000000 100.000000 95.000000 96.250000 92.500000 95.000000 100.000000 88.750000 60.000000 96.250000 96.250000 98.750000 96.250000 100.000000 80.000000 77.922078
chi-mir-425 63.953488 98.837209 100.000000 100.000000 100.000000 96.511628 97.674419 92.941176 96.511628 100.000000 89.534884 63.953488 97.674419 96.511628 98.795181 98.750000 100.000000 77.906977 77.922078
eca-mir-425 58.695652 97.701149 96.825397 95.000000 96.511628 100.000000 95.402299 91.764706 93.103448 96.470588 87.378641 57.731959 95.402299 95.348837 97.590361 95.000000 96.721311 75.280899 79.220779
hsa-mir-425 63.218391 98.850575 98.412698 96.250000 97.674419 95.402299 100.000000 90.588235 98.850575 97.647059 89.655172 60.919540 100.000000 100.000000 96.385542 96.250000 98.360656 78.160920 75.324675
mdo-mir-425 68.235294 91.764706 92.063492 92.500000 92.941176 91.764706 90.588235 100.000000 88.235294 92.941176 96.470588 65.882353 90.588235 90.588235 93.975904 91.250000 91.803279 80.000000 83.116883
mml-mir-425 62.068966 97.701149 96.825397 95.000000 96.511628 93.103448 98.850575 88.235294 100.000000 96.470588 87.356322 60.919540 98.850575 98.837209 95.180723 95.000000 96.721311 77.011494 72.727273
mmu-mir-425 63.529412 98.823529 100.000000 100.000000 100.000000 96.470588 97.647059 92.941176 96.470588 100.000000 89.411765 63.529412 97.647059 97.647059 98.795181 98.750000 100.000000 77.647059 77.922078
oan-mir-425 68.478261 90.804598 92.063492 88.750000 89.534884 87.378641 89.655172 96.470588 87.356322 89.411765 100.000000 64.948454 89.655172 89.534884 89.156627 87.500000 91.803279 85.393258 84.415584
oha-mir-425 76.086957 63.218391 63.492063 60.000000 63.953488 57.731959 60.919540 65.882353 60.919540 63.529412 64.948454 100.000000 60.919540 60.465116 59.036145 62.500000 62.295082 75.280899 66.233766
ppy-mir-425 63.218391 98.850575 98.412698 96.250000 97.674419 95.402299 100.000000 90.588235 98.850575 97.647059 89.655172 60.919540 100.000000 100.000000 96.385542 96.250000 98.360656 78.160920 75.324675
ptr-mir-425 62.790698 98.837209 98.412698 96.250000 96.511628 95.348837 100.000000 90.588235 98.837209 97.647059 89.534884 60.465116 100.000000 100.000000 96.385542 96.250000 98.360656 77.906977 75.324675
rno-mir-425 61.445783 97.590361 98.412698 98.750000 98.795181 97.590361 96.385542 93.975904 95.180723 98.795181 89.156627 59.036145 96.385542 96.385542 100.000000 96.250000 98.360656 78.313253 79.220779
ssc-mir-425 63.750000 97.500000 98.412698 96.250000 98.750000 95.000000 96.250000 91.250000 95.000000 98.750000 87.500000 62.500000 96.250000 96.250000 96.250000 100.000000 98.360656 77.500000 76.623377
tch-mir-425 63.934426 100.000000 100.000000 100.000000 100.000000 96.721311 98.360656 91.803279 96.721311 100.000000 91.803279 62.295082 98.360656 98.360656 98.360656 98.360656 100.000000 80.327869 77.049180
tgu-mir-425 76.404494 79.310345 80.952381 80.000000 77.906977 75.280899 78.160920 80.000000 77.011494 77.647059 85.393258 75.280899 78.160920 77.906977 78.313253 77.500000 80.327869 100.000000 81.818182
xtr-mir-425 64.935065 77.922078 77.777778 77.922078 77.922078 79.220779 75.324675 83.116883 72.727273 77.922078 84.415584 66.233766 75.324675 75.324675 79.220779 76.623377 77.049180 81.818182 100.000000
