14
bta-mir-1249   100.000000 95.384615 100.000000 98.461538 98.461538 96.923077 96.923077 96.923077 95.384615 96.923077 96.923077 95.384615 98.461538 98.461538
cfa-mir-1249   95.384615 100.000000 96.491228 92.805755 97.500000 90.178571 93.939394 91.071429 93.877551 93.939394 93.846154 89.166667 96.341463 96.341463
chi-mir-1249   100.000000 96.491228 100.000000 97.368421 97.500000 88.392857 95.454545 89.285714 93.877551 95.454545 96.923077 93.859649 98.780488 98.780488
eca-mir-1249   98.461538 92.805755 97.368421 100.000000 96.250000 94.642857 98.484848 95.535714 96.938776 98.484848 98.461538 94.166667 97.560976 97.560976
efu-mir-1249   98.461538 97.500000 97.500000 96.250000 100.000000 95.000000 95.454545 95.000000 93.750000 95.454545 95.384615 95.000000 96.250000 96.250000
ggo-mir-1249   96.923077 90.178571 88.392857 94.642857 95.000000 100.000000 100.000000 99.107143 92.857143 100.000000 100.000000 91.071429 96.341463 96.341463
hsa-mir-1249   96.923077 93.939394 95.454545 98.484848 95.454545 100.000000 100.000000 100.000000 95.454545 100.000000 100.000000 95.454545 96.969697 96.969697
mml-mir-1249   96.923077 91.071429 89.285714 95.535714 95.000000 99.107143 100.000000 100.000000 93.877551 100.000000 100.000000 91.964286 96.341463 96.341463
mmu-mir-1249   95.384615 93.877551 93.877551 96.938776 93.750000 92.857143 95.454545 93.877551 100.000000 95.454545 95.384615 98.979592 95.121951 95.121951
ppy-mir-1249   96.923077 93.939394 95.454545 98.484848 95.454545 100.000000 100.000000 100.000000 95.454545 100.000000 100.000000 95.454545 96.969697 96.969697
ptr-mir-1249   96.923077 93.846154 96.923077 98.461538 95.384615 100.000000 100.000000 100.000000 95.384615 100.000000 100.000000 95.384615 98.461538 98.461538
rno-mir-1249   95.384615 89.166667 93.859649 94.166667 95.000000 91.071429 95.454545 91.964286 98.979592 95.454545 95.384615 100.000000 96.341463 96.341463
ssc-mir-1249-1 98.461538 96.341463 98.780488 97.560976 96.250000 96.341463 96.969697 96.341463 95.121951 96.969697 98.461538 96.341463 100.000000 100.000000
ssc-mir-1249-2 98.461538 96.341463 98.780488 97.560976 96.250000 96.341463 96.969697 96.341463 95.121951 96.969697 98.461538 96.341463 100.000000 100.000000
