32
bta-mir-371   100.000000 56.666667 81.666667 46.835443 56.962025 74.626866 56.060606 40.298507 65.714286 38.805970 69.620253 30.379747 40.506329 73.417722 59.493671 39.240506 46.376812 63.291139 35.443038 74.626866 40.298507 74.242424 39.393939 60.759494 30.379747 36.708861 73.417722 61.111111 35.211268 48.101266 48.101266 79.487179
cfa-mir-371   56.666667 100.000000 66.666667 36.666667 76.666667 60.000000 76.666667 35.000000 61.666667 35.000000 48.333333 43.333333 40.000000 46.666667 33.333333 41.666667 48.333333 61.666667 48.333333 60.000000 35.000000 60.000000 35.000000 45.000000 41.666667 41.666667 46.666667 36.666667 45.000000 45.000000 45.000000 68.333333
eca-mir-371   81.666667 66.666667 100.000000 38.333333 56.666667 73.333333 56.666667 40.000000 73.333333 40.000000 56.666667 45.000000 43.333333 55.000000 53.333333 48.333333 45.000000 75.000000 43.333333 73.333333 40.000000 73.333333 40.000000 50.000000 41.666667 48.333333 55.000000 48.333333 48.333333 46.666667 46.666667 91.666667
eca-mir-372   46.835443 36.666667 38.333333 100.000000 28.181818 37.313433 39.393939 68.656716 41.428571 64.179104 38.554217 39.024390 32.911392 47.560976 37.500000 39.285714 57.971014 54.216867 38.095238 37.313433 68.656716 37.878788 69.696970 35.802469 39.024390 29.629630 40.243902 36.111111 35.211268 53.086420 53.086420 48.717949
ggo-mir-371b  56.962025 76.666667 56.666667 28.181818 100.000000 65.671642 100.000000 32.835821 55.714286 32.835821 55.421687 39.024390 31.645570 46.341463 38.750000 30.952381 37.681159 46.987952 30.952381 65.671642 32.835821 63.636364 31.818182 44.444444 36.585366 25.925926 42.682927 37.500000 39.436620 33.333333 33.333333 48.717949
hsa-mir-371a  74.626866 60.000000 73.333333 37.313433 65.671642 100.000000 63.636364 40.298507 91.044776 38.805970 64.179104 41.791045 44.776119 55.223881 59.701493 40.298507 43.283582 68.656716 44.776119 100.000000 40.298507 100.000000 39.393939 53.731343 43.283582 44.776119 59.701493 58.208955 41.791045 47.761194 47.761194 80.597015
hsa-mir-371b  56.060606 76.666667 56.666667 39.393939 100.000000 63.636364 100.000000 30.303030 56.060606 30.303030 54.545455 39.393939 33.333333 45.454545 34.848485 39.393939 39.393939 51.515152 36.363636 63.636364 30.303030 60.606061 28.787879 42.424242 39.393939 31.818182 42.424242 37.878788 42.424242 39.393939 39.393939 54.545455
hsa-mir-372   40.298507 35.000000 40.000000 68.656716 32.835821 40.298507 30.303030 100.000000 40.298507 97.014925 28.358209 43.283582 32.835821 46.268657 34.328358 41.791045 62.686567 35.820896 49.253731 40.298507 100.000000 39.393939 100.000000 34.328358 40.298507 37.313433 44.776119 32.835821 40.298507 64.179104 64.179104 43.283582
mml-mir-371   65.714286 61.666667 73.333333 41.428571 55.714286 91.044776 56.060606 40.298507 100.000000 38.805970 58.571429 45.714286 41.428571 62.857143 54.285714 42.857143 37.681159 67.142857 47.142857 91.044776 40.298507 90.909091 39.393939 51.428571 42.857143 38.571429 64.285714 57.142857 45.714286 38.571429 38.571429 77.142857
mml-mir-372   38.805970 35.000000 40.000000 64.179104 32.835821 38.805970 30.303030 97.014925 38.805970 100.000000 29.850746 40.298507 34.328358 49.253731 32.835821 44.776119 64.179104 32.835821 47.761194 38.805970 97.014925 37.878788 96.969697 32.835821 38.805970 35.820896 47.761194 35.820896 43.283582 65.671642 65.671642 41.791045
mmu-mir-290a  69.620253 48.333333 56.666667 38.554217 55.421687 64.179104 54.545455 28.358209 58.571429 29.850746 100.000000 32.926829 31.645570 53.658537 62.500000 34.939759 40.579710 55.421687 26.506024 64.179104 28.358209 65.151515 28.787879 85.185185 28.048780 28.915663 56.097561 56.944444 33.802817 38.271605 38.271605 53.846154
mmu-mir-291a  30.379747 43.333333 45.000000 39.024390 39.024390 41.791045 39.393939 43.283582 45.714286 40.298507 32.926829 100.000000 59.493671 32.926829 23.750000 59.756098 39.130435 37.804878 53.658537 41.791045 43.283582 42.424242 43.939394 30.864198 89.024390 52.439024 31.707317 23.611111 69.014085 38.271605 38.271605 37.179487
mmu-mir-291b  40.506329 40.000000 43.333333 32.911392 31.645570 44.776119 33.333333 32.835821 41.428571 34.328358 31.645570 59.493671 100.000000 40.506329 25.316456 56.962025 36.231884 25.316456 46.835443 44.776119 32.835821 43.939394 31.818182 29.113924 59.493671 87.341772 40.506329 27.777778 56.338028 32.911392 32.911392 41.025641
mmu-mir-292a  73.417722 46.666667 55.000000 47.560976 46.341463 55.223881 45.454545 46.268657 62.857143 49.253731 53.658537 32.926829 40.506329 100.000000 56.250000 40.243902 40.579710 53.658537 35.365854 55.223881 46.268657 54.545455 45.454545 53.086420 34.146341 34.146341 91.463415 56.944444 40.845070 40.740741 40.740741 64.102564
mmu-mir-293   59.493671 33.333333 53.333333 37.500000 38.750000 59.701493 34.848485 34.328358 54.285714 32.835821 62.500000 23.750000 25.316456 56.250000 100.000000 33.750000 33.333333 46.250000 26.250000 59.701493 34.328358 59.090909 33.333333 57.500000 22.500000 21.250000 62.500000 80.555556 29.577465 28.750000 28.750000 55.128205
mmu-mir-294   39.240506 41.666667 48.333333 39.285714 30.952381 40.298507 39.393939 41.791045 42.857143 44.776119 34.939759 59.756098 56.962025 40.243902 33.750000 100.000000 37.681159 40.963855 51.190476 40.298507 41.791045 40.909091 42.424242 35.802469 53.658537 46.428571 43.902439 36.111111 92.957746 39.506173 39.506173 38.461538
mmu-mir-295   46.376812 48.333333 45.000000 57.971014 37.681159 43.283582 39.393939 62.686567 37.681159 64.179104 40.579710 39.130435 36.231884 40.579710 33.333333 37.681159 100.000000 36.231884 43.478261 43.283582 62.686567 42.424242 62.121212 36.231884 44.927536 33.333333 39.130435 40.579710 37.681159 86.956522 86.956522 47.826087
ocu-mir-371   63.291139 61.666667 75.000000 54.216867 46.987952 68.656716 51.515152 35.820896 67.142857 32.835821 55.421687 37.804878 25.316456 53.658537 46.250000 40.963855 36.231884 100.000000 33.734940 68.656716 35.820896 69.696970 36.363636 53.086420 30.487805 28.915663 51.219512 45.833333 43.661972 40.740741 40.740741 75.641026
ocu-mir-373   35.443038 48.333333 43.333333 38.095238 30.952381 44.776119 36.363636 49.253731 47.142857 47.761194 26.506024 53.658537 46.835443 35.365854 26.250000 51.190476 43.478261 33.734940 100.000000 44.776119 49.253731 43.939394 48.484848 22.222222 53.658537 47.619048 35.365854 30.555556 50.704225 38.271605 38.271605 39.743590
ppy-mir-371   74.626866 60.000000 73.333333 37.313433 65.671642 100.000000 63.636364 40.298507 91.044776 38.805970 64.179104 41.791045 44.776119 55.223881 59.701493 40.298507 43.283582 68.656716 44.776119 100.000000 40.298507 100.000000 39.393939 53.731343 43.283582 44.776119 59.701493 58.208955 41.791045 47.761194 47.761194 80.597015
ppy-mir-372   40.298507 35.000000 40.000000 68.656716 32.835821 40.298507 30.303030 100.000000 40.298507 97.014925 28.358209 43.283582 32.835821 46.268657 34.328358 41.791045 62.686567 35.820896 49.253731 40.298507 100.000000 39.393939 100.000000 34.328358 40.298507 37.313433 44.776119 32.835821 40.298507 64.179104 64.179104 43.283582
ptr-mir-371   74.242424 60.000000 73.333333 37.878788 63.636364 100.000000 60.606061 39.393939 90.909091 37.878788 65.151515 42.424242 43.939394 54.545455 59.090909 40.909091 42.424242 69.696970 43.939394 100.000000 39.393939 100.000000 39.393939 54.545455 40.909091 45.454545 59.090909 57.575758 42.424242 46.969697 46.969697 80.303030
ptr-mir-372   39.393939 35.000000 40.000000 69.696970 31.818182 39.393939 28.787879 100.000000 39.393939 96.969697 28.787879 43.939394 31.818182 45.454545 33.333333 42.424242 62.121212 36.363636 48.484848 39.393939 100.000000 39.393939 100.000000 34.848485 40.909091 37.878788 43.939394 31.818182 40.909091 63.636364 63.636364 42.424242
rno-mir-290   60.759494 45.000000 50.000000 35.802469 44.444444 53.731343 42.424242 34.328358 51.428571 32.835821 85.185185 30.864198 29.113924 53.086420 57.500000 35.802469 36.231884 53.086420 22.222222 53.731343 34.328358 54.545455 34.848485 100.000000 24.691358 30.864198 55.555556 51.388889 36.619718 32.098765 32.098765 51.282051
rno-mir-291a  30.379747 41.666667 41.666667 39.024390 36.585366 43.283582 39.393939 40.298507 42.857143 38.805970 28.048780 89.024390 59.493671 34.146341 22.500000 53.658537 44.927536 30.487805 53.658537 43.283582 40.298507 40.909091 40.909091 24.691358 100.000000 53.658537 34.146341 22.222222 66.197183 43.209877 43.209877 37.179487
rno-mir-291b  36.708861 41.666667 48.333333 29.629630 25.925926 44.776119 31.818182 37.313433 38.571429 35.820896 28.915663 52.439024 87.341772 34.146341 21.250000 46.428571 33.333333 28.915663 47.619048 44.776119 37.313433 45.454545 37.878788 30.864198 53.658537 100.000000 34.146341 27.777778 54.929577 29.629630 29.629630 39.743590
rno-mir-292   73.417722 46.666667 55.000000 40.243902 42.682927 59.701493 42.424242 44.776119 64.285714 47.761194 56.097561 31.707317 40.506329 91.463415 62.500000 43.902439 39.130435 51.219512 35.365854 59.701493 44.776119 59.090909 43.939394 55.555556 34.146341 34.146341 100.000000 65.277778 43.661972 37.037037 37.037037 66.666667
rno-mir-293   61.111111 36.666667 48.333333 36.111111 37.500000 58.208955 37.878788 32.835821 57.142857 35.820896 56.944444 23.611111 27.777778 56.944444 80.555556 36.111111 40.579710 45.833333 30.555556 58.208955 32.835821 57.575758 31.818182 51.388889 22.222222 27.777778 65.277778 100.000000 32.394366 37.500000 37.500000 59.722222
rno-mir-294   35.211268 45.000000 48.333333 35.211268 39.436620 41.791045 42.424242 40.298507 45.714286 43.283582 33.802817 69.014085 56.338028 40.845070 29.577465 92.957746 37.681159 43.661972 50.704225 41.791045 40.298507 42.424242 40.909091 36.619718 66.197183 54.929577 43.661972 32.394366 100.000000 38.028169 38.028169 39.436620
rno-mir-295-1 48.101266 45.000000 46.666667 53.086420 33.333333 47.761194 39.393939 64.179104 38.571429 65.671642 38.271605 38.271605 32.911392 40.740741 28.750000 39.506173 86.956522 40.740741 38.271605 47.761194 64.179104 46.969697 63.636364 32.098765 43.209877 29.629630 37.037037 37.500000 38.028169 100.000000 100.000000 43.589744
rno-mir-295-2 48.101266 45.000000 46.666667 53.086420 33.333333 47.761194 39.393939 64.179104 38.571429 65.671642 38.271605 38.271605 32.911392 40.740741 28.750000 39.506173 86.956522 40.740741 38.271605 47.761194 64.179104 46.969697 63.636364 32.098765 43.209877 29.629630 37.037037 37.500000 38.028169 100.000000 100.000000 43.589744
ssc-mir-371   79.487179 68.333333 91.666667 48.717949 48.717949 80.597015 54.545455 43.283582 77.142857 41.791045 53.846154 37.179487 41.025641 64.102564 55.128205 38.461538 47.826087 75.641026 39.743590 80.597015 43.283582 80.303030 42.424242 51.282051 37.179487 39.743590 66.666667 59.722222 39.436620 43.589744 43.589744 100.000000
