15
bta-mir-324 100.000000 97.058824 98.684211 100.000000 98.795181 97.402597 96.629213 98.795181 98.795181 97.752809 98.795181 98.780488 97.590361 98.750000 100.000000
cfa-mir-324 97.058824 100.000000 95.588235 97.058824 97.058824 95.588235 97.058824 97.058824 97.058824 97.058824 97.058824 95.588235 97.058824 98.529412 96.551724
cgr-mir-324 98.684211 95.588235 100.000000 98.684211 98.684211 97.368421 98.684211 98.684211 98.684211 100.000000 98.684211 98.684211 100.000000 97.368421 100.000000
chi-mir-324 100.000000 97.058824 98.684211 100.000000 98.795181 97.402597 97.872340 98.795181 98.795181 97.752809 98.795181 98.780488 97.590361 98.750000 100.000000
eca-mir-324 98.795181 97.058824 98.684211 98.795181 100.000000 97.402597 100.000000 100.000000 100.000000 98.795181 100.000000 100.000000 98.795181 97.500000 100.000000
efu-mir-324 97.402597 95.588235 97.368421 97.402597 97.402597 100.000000 97.402597 97.402597 97.402597 96.103896 97.402597 97.402597 96.103896 96.103896 100.000000
ggo-mir-324 96.629213 97.058824 98.684211 97.872340 100.000000 97.402597 100.000000 100.000000 100.000000 96.629213 100.000000 100.000000 98.795181 98.750000 100.000000
hsa-mir-324 98.795181 97.058824 98.684211 98.795181 100.000000 97.402597 100.000000 100.000000 100.000000 98.795181 100.000000 100.000000 98.795181 97.500000 100.000000
mml-mir-324 98.795181 97.058824 98.684211 98.795181 100.000000 97.402597 100.000000 100.000000 100.000000 98.795181 100.000000 100.000000 98.795181 97.500000 100.000000
mmu-mir-324 97.752809 97.058824 100.000000 97.752809 98.795181 96.103896 96.629213 98.795181 98.795181 100.000000 98.795181 98.780488 100.000000 97.500000 100.000000
ppy-mir-324 98.795181 97.058824 98.684211 98.795181 100.000000 97.402597 100.000000 100.000000 100.000000 98.795181 100.000000 100.000000 98.795181 97.500000 100.000000
ptr-mir-324 98.780488 95.588235 98.684211 98.780488 100.000000 97.402597 100.000000 100.000000 100.000000 98.780488 100.000000 100.000000 98.780488 96.250000 100.000000
rno-mir-324 97.590361 97.058824 100.000000 97.590361 98.795181 96.103896 98.795181 98.795181 98.795181 100.000000 98.795181 98.780488 100.000000 96.250000 100.000000
ssc-mir-324 98.750000 98.529412 97.368421 98.750000 97.500000 96.103896 98.750000 97.500000 97.500000 97.500000 97.500000 96.250000 96.250000 100.000000 98.275862
tch-mir-324 100.000000 96.551724 100.000000 100.000000 100.000000 100.000000 100.000000 100.000000 100.000000 100.000000 100.000000 100.000000 100.000000 98.275862 100.000000
