13
bta-mir-370 100.000000 94.666667 94.666667 88.000000 61.333333 97.333333 96.000000 89.333333 98.666667 97.333333 95.945946 92.000000 97.333333
cfa-mir-370 94.666667 100.000000 100.000000 96.103896 65.822785 97.333333 98.666667 96.202532 93.670886 97.333333 97.297297 97.468354 97.468354
eca-mir-370 94.666667 100.000000 100.000000 93.333333 64.000000 97.333333 98.666667 96.000000 93.333333 97.333333 97.297297 97.333333 97.333333
efu-mir-370 88.000000 96.103896 93.333333 100.000000 67.532468 89.333333 90.666667 92.207792 89.610390 89.333333 90.540541 93.506494 92.207792
ggo-mir-370 61.333333 65.822785 64.000000 67.532468 100.000000 62.666667 64.000000 64.556962 58.490566 62.666667 63.513514 64.556962 63.750000
hsa-mir-370 97.333333 97.333333 97.333333 89.333333 62.666667 100.000000 98.666667 93.333333 96.000000 100.000000 100.000000 94.666667 100.000000
mml-mir-370 96.000000 98.666667 98.666667 90.666667 64.000000 98.666667 100.000000 94.666667 94.666667 98.666667 98.648649 96.000000 98.666667
mmu-mir-370 89.333333 96.202532 96.000000 92.207792 64.556962 93.333333 94.666667 100.000000 88.607595 93.333333 93.243243 98.734177 93.670886
oar-mir-370 98.666667 93.670886 93.333333 89.610390 58.490566 96.000000 94.666667 88.607595 100.000000 96.000000 94.594595 91.139241 96.250000
ppy-mir-370 97.333333 97.333333 97.333333 89.333333 62.666667 100.000000 98.666667 93.333333 96.000000 100.000000 100.000000 94.666667 100.000000
ptr-mir-370 95.945946 97.297297 97.297297 90.540541 63.513514 100.000000 98.648649 93.243243 94.594595 100.000000 100.000000 94.594595 100.000000
rno-mir-370 92.000000 97.468354 97.333333 93.506494 64.556962 94.666667 96.000000 98.734177 91.139241 94.666667 94.594595 100.000000 94.936709
ssc-mir-370 97.333333 97.468354 97.333333 92.207792 63.750000 100.000000 98.666667 93.670886 96.250000 100.000000 100.000000 94.936709 100.000000
