9
bta-mir-1224 100.000000 93.023256 88.235294 89.411765 78.823529 90.588235 88.235294 76.470588 100.000000
chi-mir-1224 93.023256 100.000000 87.058824 85.882353 71.764706 87.058824 87.058824 74.117647 93.269231
hsa-mir-1224 88.235294 87.058824 100.000000 94.117647 64.705882 97.647059 100.000000 69.411765 88.235294
mml-mir-1224 89.411765 85.882353 94.117647 100.000000 69.411765 97.647059 94.117647 69.411765 89.411765
mmu-mir-1224 78.823529 71.764706 64.705882 69.411765 100.000000 68.235294 64.705882 96.470588 78.823529
ppy-mir-1224 90.588235 87.058824 97.647059 97.647059 68.235294 100.000000 97.647059 68.235294 90.588235
ptr-mir-1224 88.235294 87.058824 100.000000 94.117647 64.705882 97.647059 100.000000 69.411765 88.235294
rno-mir-1224 76.470588 74.117647 69.411765 69.411765 96.470588 68.235294 69.411765 100.000000 76.470588
ssc-mir-1224 100.000000 93.269231 88.235294 89.411765 78.823529 90.588235 88.235294 76.470588 100.000000
