21
aca-mir-383 100.000000 90.410959 88.709677 90.410959 90.410959 89.041096 87.671233 90.410959 90.410959 84.285714 90.410959 88.571429 86.301370 97.260274 90.410959 90.277778 87.671233 86.301370 90.410959 84.722222 89.041096
bta-mir-383 90.410959 100.000000 98.387097 98.630137 98.630137 95.890411 91.780822 98.630137 98.630137 87.142857 98.630137 97.142857 90.410959 93.150685 98.630137 98.611111 95.890411 87.671233 97.260274 87.500000 93.150685
cfa-mir-383 88.709677 98.387097 100.000000 100.000000 100.000000 96.774194 91.935484 100.000000 100.000000 85.483871 100.000000 98.387097 90.322581 91.935484 100.000000 100.000000 98.387097 85.483871 98.387097 93.548387 93.548387
chi-mir-383 90.410959 98.630137 100.000000 100.000000 100.000000 97.619048 93.150685 100.000000 100.000000 87.142857 100.000000 98.571429 82.882883 93.902439 100.000000 100.000000 98.648649 83.783784 98.780488 94.444444 94.520548
eca-mir-383 90.410959 98.630137 100.000000 100.000000 100.000000 97.260274 93.150685 100.000000 100.000000 87.142857 100.000000 98.571429 91.780822 93.150685 100.000000 100.000000 97.260274 87.671233 98.630137 88.888889 94.520548
efu-mir-383 89.041096 95.890411 96.774194 97.619048 97.260274 100.000000 93.150685 97.619048 97.260274 87.142857 97.260274 95.714286 94.047619 92.682927 97.260274 97.222222 95.945946 89.285714 98.780488 94.444444 94.520548
gga-mir-383 87.671233 91.780822 91.935484 93.150685 93.150685 93.150685 100.000000 93.150685 93.150685 88.571429 93.150685 91.428571 91.780822 89.041096 93.150685 93.055556 90.410959 87.671233 94.520548 91.666667 94.520548
ggo-mir-383 90.410959 98.630137 100.000000 100.000000 100.000000 97.619048 93.150685 100.000000 100.000000 87.142857 100.000000 98.571429 82.882883 93.902439 100.000000 100.000000 98.648649 83.783784 98.780488 94.444444 94.520548
hsa-mir-383 90.410959 98.630137 100.000000 100.000000 100.000000 97.260274 93.150685 100.000000 100.000000 87.142857 100.000000 98.571429 91.780822 93.150685 100.000000 100.000000 97.260274 87.671233 98.630137 88.888889 94.520548
mdo-mir-383 84.285714 87.142857 85.483871 87.142857 87.142857 87.142857 88.571429 87.142857 87.142857 100.000000 87.142857 85.714286 84.285714 87.142857 87.142857 85.714286 85.714286 97.142857 88.571429 77.142857 87.142857
mml-mir-383 90.410959 98.630137 100.000000 100.000000 100.000000 97.260274 93.150685 100.000000 100.000000 87.142857 100.000000 98.571429 91.780822 93.150685 100.000000 100.000000 97.260274 87.671233 98.630137 88.888889 94.520548
mmu-mir-383 88.571429 97.142857 98.387097 98.571429 98.571429 95.714286 91.428571 98.571429 98.571429 85.714286 98.571429 100.000000 90.000000 91.428571 98.571429 97.142857 100.000000 85.714286 97.142857 85.714286 92.857143
oan-mir-383 86.301370 90.410959 90.322581 82.882883 91.780822 94.047619 91.780822 82.882883 91.780822 84.285714 91.780822 90.000000 100.000000 89.024390 91.780822 91.666667 90.540541 73.109244 95.121951 93.055556 93.150685
oha-mir-383 97.260274 93.150685 91.935484 93.902439 93.150685 92.682927 89.041096 93.902439 93.150685 87.142857 93.150685 91.428571 89.024390 100.000000 93.150685 93.055556 91.891892 91.463415 92.682927 90.277778 90.410959
ppy-mir-383 90.410959 98.630137 100.000000 100.000000 100.000000 97.260274 93.150685 100.000000 100.000000 87.142857 100.000000 98.571429 91.780822 93.150685 100.000000 100.000000 97.260274 87.671233 98.630137 88.888889 94.520548
ptr-mir-383 90.277778 98.611111 100.000000 100.000000 100.000000 97.222222 93.055556 100.000000 100.000000 85.714286 100.000000 97.142857 91.666667 93.055556 100.000000 100.000000 97.222222 87.500000 98.611111 88.888889 94.444444
rno-mir-383 87.671233 95.890411 98.387097 98.648649 97.260274 95.945946 90.410959 98.648649 97.260274 85.714286 97.260274 100.000000 90.540541 91.891892 97.260274 97.222222 100.000000 86.486486 97.297297 86.111111 91.780822
sha-mir-383 86.301370 87.671233 85.483871 83.783784 87.671233 89.285714 87.671233 83.783784 87.671233 97.142857 87.671233 85.714286 73.109244 91.463415 87.671233 87.500000 86.486486 100.000000 90.243902 81.944444 84.931507
ssc-mir-383 90.410959 97.260274 98.387097 98.780488 98.630137 98.780488 94.520548 98.780488 98.630137 88.571429 98.630137 97.142857 95.121951 92.682927 98.630137 98.611111 97.297297 90.243902 100.000000 95.833333 95.890411
tgu-mir-383 84.722222 87.500000 93.548387 94.444444 88.888889 94.444444 91.666667 94.444444 88.888889 77.142857 88.888889 85.714286 93.055556 90.277778 88.888889 88.888889 86.111111 81.944444 95.833333 100.000000 91.666667
xtr-mir-383 89.041096 93.150685 93.548387 94.520548 94.520548 94.520548 94.520548 94.520548 94.520548 87.142857 94.520548 92.857143 93.150685 90.410959 94.520548 94.444444 91.780822 84.931507 95.890411 91.666667 100.000000
