108
aca-mir-130a-1 100.000000 53.125000 38.636364 57.471264 33.333333 32.978723 71.910112 56.097561 34.117647 32.631579 83.870968 60.000000 34.523810 35.526316 74.074074 49.367089 34.177215 69.662921 57.317073 34.117647 32.291667 55.294118 50.000000 48.958333 56.790123 32.558140 32.098765 32.530120 81.250000 49.382716 33.720930 29.166667 69.318182 54.430380 35.294118 57.831325 40.259740 54.255319 37.634409 34.444444 73.033708 47.916667 73.033708 53.658537 33.720930 35.897436 80.263158 58.620690 58.730159 61.016949 34.117647 77.777778 57.317073 33.720930 36.363636 73.437500 51.219512 32.558140 31.250000 64.583333 52.083333 59.550562 30.208333 51.282051 57.831325 73.958333 42.553191 35.106383 33.333333 45.833333 32.291667 34.375000 53.488372 47.777778 45.555556 41.463415 42.045455 37.500000 34.090909 73.033708 73.033708 56.097561 35.897436 73.863636 56.790123 34.117647 36.363636 70.454545 48.780488 34.375000 35.897436 66.666667 51.041667 72.151899 52.500000 32.926829 80.645161 55.555556 35.416667 57.291667 36.986301 55.405405 37.974684 61.445783 46.052632 57.746479 32.142857 32.876712
aca-mir-130a-2 53.125000 100.000000 50.000000 65.517241 30.927835 34.042553 48.314607 51.219512 34.117647 29.473684 62.903226 55.000000 34.523810 36.842105 61.728395 48.101266 35.443038 49.438202 47.560976 34.117647 28.865979 75.294118 44.047619 55.670103 62.962963 33.720930 41.975309 42.168675 60.937500 51.851852 33.720930 27.835052 52.272727 63.291139 42.647059 66.265060 46.753247 81.914894 36.559140 34.444444 56.179775 44.329897 56.179775 52.439024 33.720930 33.333333 61.842105 55.172414 92.063492 59.322034 34.117647 61.728395 53.658537 33.720930 33.766234 62.500000 43.902439 37.209302 29.896907 41.237113 82.474227 53.932584 29.896907 60.256410 92.771084 46.875000 42.553191 34.042553 27.835052 53.608247 29.896907 35.051546 54.651163 55.555556 35.555556 42.682927 42.045455 31.958763 35.227273 56.179775 56.179775 52.439024 33.333333 56.818182 53.086420 34.117647 33.766234 55.681818 46.341463 35.051546 37.179487 49.484536 77.319588 59.493671 50.000000 32.926829 64.516129 68.055556 41.237113 84.536082 35.616438 64.864865 43.037975 80.722892 48.684211 70.422535 36.904762 36.986301
aca-mir-130b   38.636364 50.000000 100.000000 36.781609 37.500000 32.954545 42.045455 53.658537 38.823529 30.681818 56.451613 61.666667 39.285714 32.894737 45.679012 51.898734 46.835443 45.454545 56.097561 38.823529 30.681818 35.294118 54.761905 39.772727 41.975309 34.883721 34.567901 33.734940 54.687500 51.851852 36.046512 30.681818 45.454545 43.037975 42.647059 39.759036 72.727273 45.454545 35.227273 36.363636 45.454545 45.454545 45.454545 48.780488 36.046512 30.769231 46.052632 65.517241 50.793651 45.762712 38.823529 48.148148 48.780488 36.046512 31.168831 51.562500 56.097561 43.023256 32.954545 38.636364 42.045455 40.909091 34.090909 46.153846 45.783133 34.090909 69.318182 35.227273 35.227273 40.909091 31.818182 32.954545 43.023256 34.090909 31.818182 37.804878 38.636364 32.954545 32.954545 45.454545 45.454545 48.780488 30.769231 45.454545 48.148148 38.823529 31.168831 43.181818 54.878049 42.045455 34.615385 44.318182 42.045455 46.835443 51.250000 35.365854 53.225806 43.055556 64.772727 45.454545 36.986301 47.297297 35.443038 48.192771 52.631579 47.887324 41.666667 35.616438
aca-mir-130c   57.471264 65.517241 36.781609 100.000000 43.678161 37.931034 64.367816 50.000000 47.058824 43.678161 66.129032 56.666667 47.619048 43.421053 64.197531 49.367089 45.569620 62.068966 52.439024 47.058824 43.678161 60.000000 46.428571 73.563218 82.716049 44.186047 35.802469 39.759036 67.187500 51.851852 46.511628 41.379310 60.919540 81.012658 35.294118 92.771084 45.454545 65.517241 40.229885 45.977011 62.068966 47.126437 62.068966 50.000000 46.511628 42.307692 68.421053 60.344828 68.253968 67.796610 47.058824 66.666667 51.219512 46.511628 42.857143 60.937500 47.560976 46.511628 44.827586 47.126437 59.770115 66.666667 45.977011 75.641026 63.855422 51.724138 50.574713 47.126437 35.632184 74.712644 41.379310 42.528736 63.953488 48.275862 44.827586 41.463415 45.977011 40.229885 40.229885 62.068966 62.068966 50.000000 42.307692 59.770115 50.617284 47.058824 42.857143 62.068966 43.902439 50.574713 39.743590 57.471264 60.919540 64.556962 46.250000 45.121951 62.903226 94.444444 41.379310 67.816092 47.945205 79.729730 41.772152 61.445783 46.052632 81.690141 47.619048 34.246575
aca-mir-301a   33.333333 30.927835 37.500000 43.678161 100.000000 59.574468 44.943820 32.926829 83.529412 60.000000 48.387097 36.666667 84.523810 59.210526 40.740741 34.177215 78.481013 44.943820 30.487805 83.529412 58.762887 31.764706 34.523810 37.755102 48.148148 79.069767 53.086420 66.265060 46.875000 35.802469 82.558140 57.731959 40.909091 45.569620 70.588235 46.987952 42.857143 34.042553 59.139785 83.333333 43.820225 26.530612 43.820225 29.268293 82.558140 60.256410 42.105263 46.551724 42.857143 42.372881 83.529412 46.913580 29.268293 82.558140 61.038961 40.625000 29.268293 79.069767 60.824742 37.755102 34.693878 31.460674 76.530612 43.589744 31.325301 30.208333 39.361702 85.106383 65.306122 40.816327 68.367347 63.265306 38.372093 30.000000 25.555556 26.829268 28.409091 52.040816 64.772727 43.820225 43.820225 26.829268 60.256410 43.181818 28.395062 83.529412 61.038961 36.363636 30.487805 71.428571 65.384615 39.795918 33.673469 41.772152 31.250000 82.926829 45.161290 47.222222 32.653061 32.653061 83.561644 43.243243 68.354430 34.939759 34.210526 47.887324 82.142857 64.383562
aca-mir-301b   32.978723 34.042553 32.954545 37.931034 59.574468 100.000000 35.955056 41.463415 61.176471 58.510638 45.161290 53.333333 61.904762 63.157895 40.740741 43.037975 55.696203 34.831461 41.463415 61.176471 58.510638 32.941176 40.476190 34.042553 43.209877 56.976744 62.962963 61.445783 43.750000 35.802469 60.465116 58.510638 37.500000 44.303797 69.117647 42.168675 40.259740 36.170213 91.397849 61.111111 38.202247 39.361702 38.202247 41.463415 60.465116 64.102564 39.473684 48.275862 46.031746 40.677966 61.176471 41.975309 43.902439 60.465116 63.636364 42.187500 45.121951 54.651163 59.574468 32.978723 35.106383 30.337079 55.319149 42.307692 37.349398 34.042553 36.170213 53.191489 74.468085 36.170213 54.255319 63.829787 39.534884 26.666667 31.111111 36.585366 31.818182 51.063830 60.227273 38.202247 38.202247 41.463415 64.102564 37.500000 41.975309 61.176471 63.636364 39.772727 45.121951 59.574468 62.820513 35.106383 35.106383 39.240506 42.500000 54.878049 43.548387 41.666667 36.170213 34.042553 60.273973 43.243243 65.822785 39.759036 48.684211 47.887324 61.904762 82.191781
bta-mir-130a   71.910112 48.314607 42.045455 64.367816 44.943820 35.955056 100.000000 56.097561 38.823529 43.820225 95.161290 61.666667 39.285714 39.473684 85.185185 49.367089 39.240506 96.629213 56.097561 38.823529 43.820225 48.235294 48.809524 50.561798 56.790123 41.860465 33.333333 38.554217 95.312500 53.086420 38.372093 41.573034 90.909091 59.493671 41.176471 62.650602 49.350649 48.314607 38.202247 39.325843 92.134831 46.067416 92.134831 48.780488 38.372093 42.307692 93.421053 58.620690 58.730159 61.016949 38.823529 95.061728 51.219512 38.372093 42.857143 78.125000 47.560976 34.883721 47.191011 78.651685 46.067416 60.674157 37.078652 60.256410 54.216867 57.303371 50.561798 43.820225 35.955056 53.932584 42.696629 41.573034 65.116279 47.191011 30.337079 42.682927 44.318182 37.078652 40.909091 92.134831 92.134831 48.780488 42.307692 92.045455 49.382716 38.823529 42.857143 82.954545 50.000000 34.831461 44.871795 85.393258 46.067416 92.405063 51.250000 35.365854 96.774194 62.500000 42.696629 49.438202 36.986301 58.108108 40.506329 51.807229 46.052632 66.197183 39.285714 32.876712
bta-mir-130b   56.097561 51.219512 53.658537 50.000000 32.926829 41.463415 56.097561 100.000000 36.585366 41.463415 62.903226 95.000000 36.585366 48.684211 50.617284 88.607595 37.974684 56.097561 98.780488 36.585366 41.463415 50.000000 70.731707 46.341463 48.148148 32.926829 40.740741 40.243902 60.937500 90.123457 36.585366 42.682927 52.439024 45.569620 44.117647 48.780488 67.532468 52.439024 42.682927 36.585366 54.878049 91.463415 54.878049 89.024390 36.585366 43.589744 56.578947 68.965517 55.555556 57.627119 36.585366 55.555556 92.682927 36.585366 44.155844 51.562500 89.024390 36.585366 41.463415 47.560976 52.439024 51.219512 36.585366 48.717949 46.341463 59.756098 58.536585 37.804878 31.707317 45.121951 29.268293 40.243902 43.902439 48.780488 48.780488 54.878049 41.463415 47.560976 45.121951 54.878049 54.878049 91.463415 43.589744 54.878049 91.358025 36.585366 44.155844 48.780488 91.463415 37.804878 41.025641 59.756098 53.658537 54.430380 95.000000 32.926829 62.903226 52.777778 65.853659 51.219512 35.616438 48.648649 40.506329 51.219512 80.263158 47.887324 36.585366 43.835616
bta-mir-301a   34.117647 34.117647 38.823529 47.058824 83.529412 61.176471 38.823529 36.585366 100.000000 61.176471 46.774194 38.333333 100.000000 60.526316 35.802469 37.974684 96.202532 36.470588 34.146341 100.000000 61.176471 30.588235 35.714286 41.176471 45.679012 85.882353 50.617284 60.240964 45.312500 40.740741 100.000000 58.823529 38.823529 45.569620 69.117647 46.987952 40.259740 36.470588 63.529412 97.647059 36.470588 30.588235 36.470588 34.146341 100.000000 61.538462 38.157895 46.551724 41.269841 49.152542 100.000000 38.271605 36.585366 100.000000 62.337662 39.062500 31.707317 90.588235 65.882353 32.941176 32.941176 31.764706 97.647059 44.871795 33.734940 29.411765 38.823529 84.705882 65.882353 47.058824 75.294118 65.882353 40.000000 34.117647 28.235294 30.487805 28.235294 60.000000 67.058824 36.470588 36.470588 31.707317 61.538462 36.470588 32.098765 100.000000 62.337662 35.294118 31.707317 91.764706 66.666667 34.117647 32.941176 35.443038 37.500000 95.121951 41.935484 50.000000 35.294118 36.470588 91.780822 44.594595 63.291139 33.734940 31.578947 47.887324 92.857143 58.904110
bta-mir-301b   32.631579 29.473684 30.681818 43.678161 60.000000 58.510638 43.820225 41.463415 61.176471 100.000000 41.935484 48.333333 61.904762 93.421053 40.740741 43.037975 64.556962 43.820225 41.463415 61.176471 100.000000 34.117647 46.428571 32.631579 40.740741 63.953488 53.086420 57.831325 40.625000 40.740741 60.465116 91.578947 43.181818 43.037975 63.235294 43.373494 38.961039 31.914894 59.139785 58.888889 41.573034 38.947368 41.573034 35.365854 60.465116 96.153846 39.473684 43.103448 39.682540 44.067797 61.176471 43.209877 39.024390 60.465116 96.103896 39.062500 42.682927 66.279070 89.473684 36.842105 30.526316 44.943820 54.736842 39.743590 31.325301 33.684211 32.978723 54.255319 58.947368 37.894737 53.684211 57.894737 43.023256 33.333333 31.111111 37.804878 38.636364 52.631579 63.636364 41.573034 41.573034 37.804878 96.153846 40.909091 38.271605 61.176471 96.103896 42.045455 42.682927 62.105263 88.461538 41.052632 30.526316 40.506329 41.250000 60.975610 41.935484 43.055556 33.684211 32.631579 65.753425 43.243243 58.227848 34.939759 38.157895 39.436620 60.714286 58.904110
cfa-mir-130a   83.870968 62.903226 56.451613 66.129032 48.387097 45.161290 95.161290 62.903226 46.774194 41.935484 100.000000 60.000000 46.774194 41.935484 93.548387 58.064516 46.774194 95.161290 62.903226 46.774194 41.935484 56.451613 58.064516 59.677419 58.064516 46.774194 35.483871 43.548387 100.000000 58.064516 46.774194 38.709677 100.000000 54.838710 46.774194 64.516129 48.387097 64.516129 46.774194 45.161290 96.774194 54.838710 96.774194 54.838710 46.774194 41.935484 96.774194 58.620690 62.903226 57.627119 46.774194 96.774194 58.064516 46.774194 41.935484 75.806452 58.064516 43.548387 41.935484 83.870968 62.903226 58.064516 46.774194 64.516129 66.129032 69.354839 67.741935 46.774194 40.322581 54.838710 45.161290 43.548387 64.516129 61.290323 43.548387 46.774194 41.935484 45.161290 41.935484 96.774194 96.774194 54.838710 41.935484 96.774194 54.838710 46.774194 41.935484 85.483871 58.064516 46.774194 41.935484 95.161290 62.903226 98.387097 58.064516 43.548387 95.161290 64.516129 48.387097 62.903226 43.548387 54.838710 43.548387 62.903226 53.225806 58.064516 46.774194 38.709677
cfa-mir-130b   60.000000 55.000000 61.666667 56.666667 36.666667 53.333333 61.666667 95.000000 38.333333 48.333333 60.000000 100.000000 38.333333 53.333333 56.666667 96.666667 38.333333 61.666667 95.000000 38.333333 48.333333 53.333333 81.666667 55.000000 58.333333 36.666667 46.666667 50.000000 60.000000 88.333333 38.333333 51.666667 60.000000 55.000000 46.666667 56.666667 66.666667 58.333333 56.666667 38.333333 61.666667 98.333333 61.666667 95.000000 38.333333 53.333333 60.000000 65.517241 56.666667 57.627119 38.333333 61.666667 98.333333 38.333333 53.333333 56.666667 98.333333 40.000000 50.000000 53.333333 55.000000 53.333333 38.333333 60.000000 55.000000 53.333333 63.333333 40.000000 40.000000 56.666667 36.666667 50.000000 53.333333 61.666667 58.333333 51.666667 51.666667 45.000000 51.666667 61.666667 61.666667 98.333333 53.333333 61.666667 98.333333 38.333333 53.333333 56.666667 98.333333 38.333333 50.000000 61.666667 56.666667 60.000000 98.333333 36.666667 61.666667 56.666667 66.666667 55.000000 40.000000 55.000000 50.000000 56.666667 85.000000 53.333333 38.333333 55.000000
cfa-mir-301a   34.523810 34.523810 39.285714 47.619048 84.523810 61.904762 39.285714 36.585366 100.000000 61.904762 46.774194 38.333333 100.000000 60.526316 35.802469 37.974684 96.202532 36.904762 34.146341 100.000000 61.904762 30.952381 35.714286 41.666667 45.679012 86.904762 50.617284 60.240964 45.312500 40.740741 100.000000 59.523810 39.285714 45.569620 69.117647 46.987952 40.259740 36.904762 64.285714 98.809524 36.904762 30.952381 36.904762 34.146341 100.000000 61.538462 38.157895 46.551724 41.269841 49.152542 100.000000 38.271605 36.585366 100.000000 62.337662 39.062500 31.707317 91.666667 66.666667 33.333333 33.333333 32.142857 98.809524 44.871795 33.734940 29.761905 39.285714 85.714286 66.666667 47.619048 76.190476 66.666667 40.476190 34.523810 28.571429 30.487805 28.571429 60.714286 67.857143 36.904762 36.904762 31.707317 61.538462 36.904762 32.098765 100.000000 62.337662 35.714286 31.707317 91.666667 66.666667 33.333333 33.333333 35.443038 37.500000 95.121951 41.935484 50.000000 35.714286 36.904762 91.780822 44.594595 63.291139 33.734940 31.578947 47.887324 92.857143 58.904110
cfa-mir-301b   35.526316 36.842105 32.894737 43.421053 59.210526 63.157895 39.473684 48.684211 60.526316 93.421053 41.935484 53.333333 60.526316 100.000000 42.105263 42.105263 57.894737 39.473684 48.684211 60.526316 93.421053 36.842105 50.000000 39.473684 44.736842 64.473684 56.578947 60.526316 40.625000 48.684211 60.526316 90.789474 39.473684 42.105263 63.235294 39.473684 35.526316 36.842105 63.157895 60.526316 36.842105 48.684211 36.842105 44.736842 60.526316 96.052632 36.842105 43.103448 41.269841 40.677966 60.526316 36.842105 48.684211 60.526316 96.052632 37.500000 48.684211 63.157895 89.473684 38.157895 39.473684 43.421053 60.526316 44.736842 35.526316 43.421053 35.526316 59.210526 64.473684 40.789474 57.894737 63.157895 43.421053 39.473684 35.526316 42.105263 40.789474 57.894737 65.789474 36.842105 36.842105 47.368421 96.052632 36.842105 47.368421 60.526316 96.052632 39.473684 47.368421 65.789474 86.842105 39.473684 38.157895 40.789474 50.000000 61.842105 41.935484 41.666667 35.526316 39.473684 64.383562 43.243243 60.526316 36.842105 42.105263 38.028169 61.842105 65.753425
cgr-mir-130a   74.074074 61.728395 45.679012 64.197531 40.740741 40.740741 85.185185 50.617284 35.802469 40.740741 93.548387 56.666667 35.802469 42.105263 100.000000 48.101266 41.772152 83.950617 50.617284 35.802469 40.740741 56.790123 48.148148 53.086420 56.790123 38.271605 29.629630 30.864198 93.750000 50.617284 35.802469 41.975309 91.358025 53.164557 38.235294 61.728395 50.649351 56.790123 40.740741 35.802469 90.123457 53.086420 90.123457 53.086420 35.802469 43.589744 89.473684 56.896552 65.079365 57.627119 35.802469 86.419753 55.555556 35.802469 44.155844 84.375000 46.913580 40.740741 39.506173 69.135802 59.259259 61.728395 35.802469 51.282051 56.790123 65.432099 53.086420 43.209877 33.333333 54.320988 38.271605 33.333333 56.790123 49.382716 35.802469 46.913580 45.679012 43.209877 37.037037 90.123457 90.123457 53.086420 43.589744 90.123457 53.086420 35.802469 44.155844 93.827160 48.148148 39.506173 41.025641 83.950617 58.024691 88.607595 47.500000 37.037037 90.322581 63.888889 45.679012 59.259259 36.986301 56.756757 32.911392 61.728395 51.315789 61.971831 38.271605 38.356164
cgr-mir-130b   49.367089 48.101266 51.898734 49.367089 34.177215 43.037975 49.367089 88.607595 37.974684 43.037975 58.064516 96.666667 37.974684 42.105263 48.101266 100.000000 35.443038 49.367089 87.341772 37.974684 43.037975 45.569620 72.151899 45.569620 48.101266 39.240506 35.443038 39.240506 56.250000 82.278481 37.974684 41.772152 45.569620 46.835443 41.176471 49.367089 57.142857 49.367089 43.037975 41.772152 50.632911 88.607595 50.632911 86.075949 37.974684 42.307692 50.000000 65.517241 50.793651 57.627119 37.974684 50.632911 91.139241 37.974684 42.857143 53.125000 94.936709 39.240506 41.772152 43.037975 46.835443 45.569620 40.506329 47.435897 41.772152 50.632911 54.430380 35.443038 31.645570 50.632911 36.708861 40.506329 49.367089 48.101266 49.367089 49.367089 37.974684 49.367089 43.037975 50.632911 50.632911 88.607595 42.307692 50.632911 88.607595 37.974684 42.857143 48.101266 96.202532 37.974684 43.589744 53.164557 48.101266 48.101266 92.405063 34.177215 59.677419 50.000000 55.696203 46.835443 42.465753 50.000000 40.506329 53.164557 77.631579 45.070423 40.506329 42.465753
cgr-mir-301a   34.177215 35.443038 46.835443 45.569620 78.481013 55.696203 39.240506 37.974684 96.202532 64.556962 46.774194 38.333333 96.202532 57.894737 41.772152 35.443038 100.000000 41.772152 35.443038 96.202532 64.556962 34.177215 34.177215 41.772152 39.240506 78.481013 54.430380 60.759494 45.312500 41.772152 96.202532 58.227848 45.569620 39.240506 69.117647 41.772152 42.857143 39.240506 55.696203 94.936709 43.037975 32.911392 43.037975 35.443038 96.202532 60.256410 36.842105 46.551724 41.269841 49.152542 96.202532 41.772152 37.974684 96.202532 61.038961 39.062500 30.379747 91.139241 62.025316 37.974684 36.708861 32.911392 94.936709 41.025641 31.645570 31.645570 44.303797 79.746835 60.759494 45.569620 78.481013 60.759494 37.974684 34.177215 32.911392 31.645570 32.911392 67.088608 65.822785 43.037975 43.037975 32.911392 60.256410 43.037975 32.911392 96.202532 61.038961 39.240506 35.443038 92.405063 62.820513 39.240506 36.708861 40.506329 37.974684 89.873418 41.935484 45.833333 39.240506 37.974684 89.041096 41.891892 60.759494 36.708861 31.578947 45.070423 87.341772 58.904110
chi-mir-130a   69.662921 49.438202 45.454545 62.068966 44.943820 34.831461 96.629213 56.097561 36.470588 43.820225 95.161290 61.666667 36.904762 39.473684 83.950617 49.367089 41.772152 100.000000 58.536585 36.470588 43.820225 49.411765 48.809524 48.314607 54.320988 39.534884 33.333333 38.554217 95.312500 53.086420 36.046512 41.573034 89.772727 56.962025 41.176471 60.240964 49.350649 49.438202 37.078652 39.325843 91.011236 46.067416 91.011236 48.780488 36.046512 41.025641 90.789474 58.620690 58.730159 61.016949 36.470588 96.296296 51.219512 36.046512 41.558442 78.125000 50.000000 38.372093 47.191011 78.651685 47.191011 58.426966 34.831461 57.692308 51.807229 57.303371 51.685393 43.820225 34.831461 51.685393 41.573034 42.696629 63.953488 47.191011 30.337079 42.682927 43.181818 38.202247 39.772727 91.011236 91.011236 48.780488 41.025641 90.909091 49.382716 36.470588 41.558442 81.818182 50.000000 37.078652 42.307692 87.640449 47.191011 96.202532 51.250000 34.146341 96.774194 59.722222 41.573034 50.561798 34.246575 58.108108 39.240506 53.012048 46.052632 64.788732 38.095238 32.876712
chi-mir-130b   57.317073 47.560976 56.097561 52.439024 30.487805 41.463415 56.097561 98.780488 34.146341 41.463415 62.903226 95.000000 34.146341 48.684211 50.617284 87.341772 35.443038 58.536585 100.000000 34.146341 41.463415 47.560976 70.731707 46.341463 48.148148 31.707317 43.209877 39.024390 60.937500 88.888889 34.146341 42.682927 54.878049 45.569620 44.117647 51.219512 67.532468 48.780488 43.902439 34.146341 57.317073 90.243902 57.317073 87.804878 34.146341 44.871795 56.578947 68.965517 55.555556 57.627119 34.146341 55.555556 91.463415 34.146341 45.454545 51.562500 90.243902 34.146341 41.463415 48.780488 48.780488 53.658537 34.146341 51.282051 48.780488 59.756098 56.097561 35.365854 34.146341 45.121951 29.268293 40.243902 43.902439 47.560976 48.780488 54.878049 41.463415 50.000000 46.341463 57.317073 57.317073 90.243902 44.871795 57.317073 90.123457 34.146341 45.454545 48.780488 90.243902 37.804878 42.307692 62.195122 50.000000 51.898734 93.750000 32.926829 62.903226 55.555556 65.853659 47.560976 32.876712 48.648649 41.772152 48.780488 80.263158 47.887324 34.146341 43.835616
chi-mir-301a   34.117647 34.117647 38.823529 47.058824 83.529412 61.176471 38.823529 36.585366 100.000000 61.176471 46.774194 38.333333 100.000000 60.526316 35.802469 37.974684 96.202532 36.470588 34.146341 100.000000 61.176471 30.588235 35.714286 41.176471 45.679012 85.882353 50.617284 60.240964 45.312500 40.740741 100.000000 58.823529 38.823529 45.569620 69.117647 46.987952 40.259740 36.470588 63.529412 97.647059 36.470588 30.588235 36.470588 34.146341 100.000000 61.538462 38.157895 46.551724 41.269841 49.152542 100.000000 38.271605 36.585366 100.000000 62.337662 39.062500 31.707317 90.588235 65.882353 32.941176 32.941176 31.764706 97.647059 44.871795 33.734940 29.411765 38.823529 84.705882 65.882353 47.058824 75.294118 65.882353 40.000000 34.117647 28.235294 30.487805 28.235294 60.000000 67.058824 36.470588 36.470588 31.707317 61.538462 36.470588 32.098765 100.000000 62.337662 35.294118 31.707317 91.764706 66.666667 34.117647 32.941176 35.443038 37.500000 95.121951 41.935484 50.000000 35.294118 36.470588 91.780822 44.594595 63.291139 33.734940 31.578947 47.887324 92.857143 58.904110
chi-mir-301b   32.291667 28.865979 30.681818 43.678161 58.762887 58.510638 43.820225 41.463415 61.176471 100.000000 41.935484 48.333333 61.904762 93.421053 40.740741 43.037975 64.556962 43.820225 41.463415 61.176471 100.000000 34.117647 46.428571 31.958763 40.740741 63.953488 53.086420 57.831325 40.625000 40.740741 60.465116 91.752577 43.181818 43.037975 63.235294 43.373494 38.961039 31.914894 59.139785 58.888889 41.573034 39.175258 41.573034 35.365854 60.465116 96.153846 39.473684 43.103448 39.682540 44.067797 61.176471 43.209877 39.024390 60.465116 96.103896 39.062500 42.682927 66.279070 87.628866 36.082474 29.896907 44.943820 53.608247 39.743590 31.325301 33.333333 32.978723 56.382979 57.731959 37.113402 52.577320 56.701031 43.023256 33.333333 31.111111 37.804878 38.636364 51.546392 63.636364 41.573034 41.573034 37.804878 96.153846 40.909091 38.271605 61.176471 96.103896 42.045455 42.682927 60.824742 88.461538 38.144330 29.896907 40.506329 41.250000 60.975610 41.935484 43.055556 35.051546 28.865979 65.753425 43.243243 58.227848 34.939759 38.157895 39.436620 60.714286 58.904110
dre-mir-130a   55.294118 75.294118 35.294118 60.000000 31.764706 32.941176 48.235294 50.000000 30.588235 34.117647 56.451613 53.333333 30.952381 36.842105 56.790123 45.569620 34.177215 49.411765 47.560976 30.588235 34.117647 100.000000 41.666667 60.000000 62.962963 30.588235 43.209877 40.963855 54.687500 46.913580 32.941176 35.294118 49.411765 62.025316 45.588235 60.240964 38.961039 69.411765 37.647059 30.588235 55.294118 48.235294 55.294118 50.000000 32.941176 35.897436 57.894737 51.724138 74.603175 57.627119 30.588235 58.024691 51.219512 32.941176 36.363636 57.812500 43.902439 32.941176 35.294118 42.352941 75.294118 49.411765 32.941176 55.128205 72.289157 54.117647 42.352941 31.764706 31.764706 60.000000 34.117647 38.823529 45.882353 52.941176 36.470588 41.463415 37.647059 30.588235 30.588235 55.294118 55.294118 50.000000 35.897436 55.294118 50.617284 30.588235 36.363636 56.470588 45.121951 37.647059 37.179487 54.117647 74.117647 54.430380 47.500000 31.707317 56.451613 62.500000 35.294118 77.647059 35.616438 66.216216 41.772152 71.084337 52.631579 61.971831 34.523810 32.876712
dre-mir-130b   50.000000 44.047619 54.761905 46.428571 34.523810 40.476190 48.809524 70.731707 35.714286 46.428571 58.064516 81.666667 35.714286 50.000000 48.148148 72.151899 34.177215 48.809524 70.731707 35.714286 46.428571 41.666667 100.000000 47.619048 55.555556 42.857143 41.975309 40.963855 56.250000 71.604938 35.714286 41.666667 46.428571 53.164557 39.705882 49.397590 68.831169 44.047619 44.047619 35.714286 48.809524 70.238095 48.809524 68.292683 35.714286 46.153846 50.000000 65.517241 57.142857 54.237288 35.714286 50.617284 70.731707 35.714286 46.753247 53.125000 69.512195 35.714286 46.428571 42.857143 47.619048 40.476190 40.476190 44.871795 44.578313 48.809524 59.523810 39.285714 41.666667 48.809524 45.238095 40.476190 50.000000 41.666667 39.285714 45.121951 47.619048 42.857143 50.000000 48.809524 48.809524 71.951220 46.153846 48.809524 72.839506 35.714286 46.753247 50.000000 70.731707 38.095238 46.153846 47.619048 48.809524 45.569620 75.000000 32.926829 58.064516 48.611111 63.095238 46.428571 41.095890 56.756757 37.974684 46.987952 78.947368 49.295775 35.714286 46.575342
dre-mir-130c-1 48.958333 55.670103 39.772727 73.563218 37.755102 34.042553 50.561798 46.341463 41.176471 32.631579 59.677419 55.000000 41.666667 39.473684 53.086420 45.569620 41.772152 48.314607 46.341463 41.176471 31.958763 60.000000 47.619048 100.000000 83.950617 43.023256 38.271605 40.963855 57.812500 50.617284 40.697674 32.989691 48.863636 82.278481 42.647059 80.722892 42.857143 60.638298 33.333333 41.111111 51.685393 38.181818 51.685393 46.341463 40.697674 39.743590 60.526316 63.793103 65.079365 67.796610 41.176471 56.790123 47.560976 40.697674 40.259740 59.375000 46.341463 38.372093 35.051546 33.606557 44.186047 51.685393 34.710744 76.923077 66.265060 47.916667 40.425532 37.234043 29.292929 75.961538 35.353535 38.095238 58.139535 47.777778 41.111111 42.682927 34.090909 33.333333 34.090909 51.685393 51.685393 46.341463 39.743590 52.272727 46.913580 41.176471 40.259740 48.863636 45.121951 35.000000 35.897436 31.914894 43.971631 54.430380 43.750000 39.024390 59.677419 83.333333 29.545455 52.678571 53.424658 85.135135 45.569620 63.855422 44.736842 78.873239 44.047619 46.575342
dre-mir-130c-2 56.790123 62.962963 41.975309 82.716049 48.148148 43.209877 56.790123 48.148148 45.679012 40.740741 58.064516 58.333333 45.679012 44.736842 56.790123 48.101266 39.240506 54.320988 48.148148 45.679012 40.740741 62.962963 55.555556 83.950617 100.000000 48.148148 33.333333 39.506173 56.250000 53.086420 45.679012 41.975309 54.320988 83.544304 41.176471 83.950617 42.857143 62.962963 43.209877 45.679012 59.259259 49.382716 59.259259 46.913580 45.679012 42.307692 63.157895 63.793103 61.904762 71.186441 45.679012 59.259259 50.617284 45.679012 42.857143 60.937500 48.148148 45.679012 44.444444 40.740741 58.024691 59.259259 45.679012 75.641026 59.259259 55.555556 44.444444 45.679012 37.037037 83.950617 46.913580 41.975309 65.432099 54.320988 43.209877 44.444444 39.506173 40.740741 40.740741 59.259259 59.259259 49.382716 42.307692 59.259259 49.382716 45.679012 42.857143 59.259259 48.148148 46.913580 39.743590 54.320988 59.259259 55.696203 46.250000 39.506173 58.064516 84.722222 40.740741 67.901235 49.315068 85.135135 40.506329 60.493827 50.000000 80.281690 41.975309 45.205479
dre-mir-301a   32.558140 33.720930 34.883721 44.186047 79.069767 56.976744 41.860465 32.926829 85.882353 63.953488 46.774194 36.666667 86.904762 64.473684 38.271605 39.240506 78.481013 39.534884 31.707317 85.882353 63.953488 30.588235 42.857143 43.023256 48.148148 100.000000 45.679012 60.240964 45.312500 37.037037 84.883721 63.953488 40.697674 45.569620 69.117647 46.987952 40.259740 32.558140 59.302326 86.046512 36.046512 29.069767 36.046512 30.487805 84.883721 65.384615 36.842105 50.000000 41.269841 45.762712 85.882353 38.271605 32.926829 84.883721 66.233766 40.625000 32.926829 81.395349 68.604651 38.372093 34.883721 38.372093 83.720930 46.153846 36.144578 32.558140 33.720930 81.395349 60.465116 44.186047 83.720930 67.441860 33.720930 30.232558 27.906977 29.268293 33.720930 59.302326 70.930233 36.046512 36.046512 29.268293 65.384615 36.046512 29.629630 85.882353 66.233766 38.372093 32.926829 82.558140 67.948718 34.883721 36.046512 36.708861 33.750000 85.365854 43.548387 45.833333 38.372093 36.046512 87.671233 44.594595 63.291139 32.530120 32.894737 43.661972 85.714286 58.904110
dre-mir-301b   32.098765 41.975309 34.567901 35.802469 53.086420 62.962963 33.333333 40.740741 50.617284 53.086420 35.483871 46.666667 50.617284 56.578947 29.629630 35.443038 54.430380 33.333333 43.209877 50.617284 53.086420 43.209877 41.975309 38.271605 33.333333 45.679012 100.000000 80.246914 34.375000 33.333333 50.617284 54.320988 29.629630 39.240506 83.823529 38.271605 42.857143 38.271605 66.666667 53.086420 30.864198 35.802469 30.864198 34.567901 50.617284 55.128205 30.263158 41.379310 46.031746 40.677966 50.617284 28.395062 35.802469 50.617284 55.844156 34.375000 40.740741 53.086420 51.851852 32.098765 43.209877 30.864198 48.148148 41.025641 41.975309 34.567901 40.740741 45.679012 58.024691 39.506173 54.320988 80.246914 33.333333 29.629630 41.975309 23.456790 30.864198 48.148148 51.851852 30.864198 30.864198 34.567901 55.128205 30.864198 34.567901 50.617284 55.844156 32.098765 38.271605 54.320988 55.128205 29.629630 44.444444 35.443038 42.500000 46.913580 37.096774 38.888889 43.209877 38.271605 58.904110 41.891892 82.278481 40.740741 51.315789 43.661972 53.086420 73.972603
dre-mir-301c   32.530120 42.168675 33.734940 39.759036 66.265060 61.445783 38.554217 40.243902 60.240964 57.831325 43.548387 50.000000 60.240964 60.526316 30.864198 39.240506 60.759494 38.554217 39.024390 60.240964 57.831325 40.963855 40.963855 40.963855 39.506173 60.240964 80.246914 100.000000 42.187500 32.098765 60.240964 59.036145 34.939759 43.037975 97.058824 40.963855 45.454545 38.554217 65.060241 60.240964 36.144578 34.939759 36.144578 37.804878 60.240964 58.974359 34.210526 50.000000 42.857143 42.372881 60.240964 37.037037 37.804878 60.240964 59.740260 35.937500 39.024390 60.240964 54.216867 33.734940 37.349398 30.120482 57.831325 39.743590 38.554217 30.120482 45.783133 63.855422 59.036145 44.578313 69.879518 96.385542 38.554217 30.120482 40.963855 28.048780 25.301205 48.192771 55.421687 36.144578 36.144578 35.365854 58.974359 36.144578 35.802469 60.240964 59.740260 32.530120 39.024390 61.445783 53.846154 31.325301 39.759036 37.974684 41.250000 58.536585 41.935484 40.277778 45.783133 38.554217 65.753425 45.945946 97.468354 38.554217 43.421053 39.436620 62.650602 72.602740
eca-mir-130a   81.250000 60.937500 54.687500 67.187500 46.875000 43.750000 95.312500 60.937500 45.312500 40.625000 100.000000 60.000000 45.312500 40.625000 93.750000 56.250000 45.312500 95.312500 60.937500 45.312500 40.625000 54.687500 56.250000 57.812500 56.250000 45.312500 34.375000 42.187500 100.000000 56.250000 45.312500 37.500000 100.000000 53.125000 46.875000 65.625000 46.875000 62.500000 45.312500 43.750000 96.875000 53.125000 96.875000 53.125000 45.312500 40.625000 96.875000 58.620690 61.904762 57.627119 45.312500 96.875000 56.250000 45.312500 40.625000 76.562500 56.250000 42.187500 40.625000 84.375000 60.937500 59.375000 45.312500 62.500000 64.062500 67.187500 65.625000 48.437500 39.062500 53.125000 43.750000 42.187500 64.062500 59.375000 42.187500 45.312500 40.625000 43.750000 40.625000 96.875000 96.875000 53.125000 40.625000 96.875000 53.125000 45.312500 40.625000 85.937500 56.250000 45.312500 40.625000 92.187500 60.937500 98.437500 56.250000 42.187500 95.161290 65.625000 46.875000 60.937500 42.187500 53.125000 42.187500 60.937500 51.562500 56.250000 45.312500 37.500000
eca-mir-130b   49.382716 51.851852 51.851852 51.851852 35.802469 35.802469 53.086420 90.123457 40.740741 40.740741 58.064516 88.333333 40.740741 48.684211 50.617284 82.278481 41.772152 53.086420 88.888889 40.740741 40.740741 46.913580 71.604938 50.617284 53.086420 37.037037 33.333333 32.098765 56.250000 100.000000 40.740741 43.209877 49.382716 55.696203 33.823529 50.617284 67.532468 49.382716 37.037037 40.740741 51.851852 87.654321 51.851852 85.185185 40.740741 43.589744 52.631579 65.517241 52.380952 62.711864 40.740741 51.851852 87.654321 40.740741 44.155844 54.687500 83.950617 40.740741 43.209877 43.209877 51.851852 45.679012 40.740741 53.846154 43.209877 56.790123 59.259259 39.506173 33.333333 54.320988 35.802469 32.098765 41.975309 53.086420 48.148148 54.320988 41.975309 49.382716 43.209877 51.851852 51.851852 87.654321 43.589744 51.851852 86.419753 40.740741 44.155844 49.382716 86.419753 41.975309 39.743590 56.790123 51.851852 50.632911 88.750000 37.037037 59.677419 54.166667 66.666667 53.086420 42.465753 59.459459 31.645570 53.086420 77.631579 57.746479 40.740741 41.095890
eca-mir-301a   33.720930 33.720930 36.046512 46.511628 82.558140 60.465116 38.372093 36.585366 100.000000 60.465116 46.774194 38.333333 100.000000 60.526316 35.802469 37.974684 96.202532 36.046512 34.146341 100.000000 60.465116 32.941176 35.714286 40.697674 45.679012 84.883721 50.617284 60.240964 45.312500 40.740741 100.000000 58.139535 38.372093 45.569620 69.117647 46.987952 40.259740 36.046512 62.790698 96.511628 36.046512 30.232558 36.046512 34.146341 100.000000 61.538462 38.157895 46.551724 41.269841 49.152542 100.000000 38.271605 36.585366 100.000000 62.337662 39.062500 31.707317 90.697674 65.116279 34.883721 32.558140 32.558140 96.511628 44.871795 33.734940 31.395349 38.372093 83.720930 65.116279 46.511628 74.418605 65.116279 39.534884 33.720930 29.069767 30.487805 29.069767 59.302326 66.279070 36.046512 36.046512 31.707317 61.538462 36.046512 32.098765 100.000000 62.337662 34.883721 31.707317 91.860465 66.666667 36.046512 32.558140 35.443038 37.500000 95.121951 41.935484 50.000000 34.883721 36.046512 91.780822 44.594595 63.291139 34.939759 31.578947 47.887324 92.857143 58.904110
eca-mir-301b   29.166667 27.835052 30.681818 41.379310 57.731959 58.510638 41.573034 42.682927 58.823529 91.578947 38.709677 51.666667 59.523810 90.789474 41.975309 41.772152 58.227848 41.573034 42.682927 58.823529 91.752577 35.294118 41.666667 32.989691 41.975309 63.953488 54.320988 59.036145 37.500000 43.209877 58.139535 100.000000 40.909091 45.569620 66.176471 40.963855 36.363636 27.659574 60.215054 57.777778 39.325843 39.175258 39.325843 40.243902 58.139535 94.871795 36.842105 41.379310 41.269841 38.983051 58.823529 40.740741 41.463415 58.139535 94.805195 34.375000 43.902439 58.139535 83.505155 32.989691 31.958763 43.820225 51.546392 42.307692 34.939759 32.291667 31.914894 54.255319 58.762887 36.082474 53.608247 57.731959 44.186047 38.888889 30.000000 34.146341 37.500000 47.422680 64.772727 39.325843 39.325843 40.243902 94.871795 38.636364 40.740741 58.823529 94.805195 42.045455 43.902439 57.731959 84.615385 35.051546 31.958763 37.974684 43.750000 58.536585 38.709677 40.277778 36.082474 28.865979 65.753425 43.243243 60.759494 34.939759 38.157895 36.619718 60.714286 65.753425
efu-mir-130    69.318182 52.272727 45.454545 60.919540 40.909091 37.500000 90.909091 52.439024 38.823529 43.181818 100.000000 60.000000 39.285714 39.473684 91.358025 45.569620 45.569620 89.772727 54.878049 38.823529 43.181818 49.411765 46.428571 48.863636 54.320988 40.697674 29.629630 34.939759 100.000000 49.382716 38.372093 40.909091 100.000000 53.164557 44.117647 62.650602 45.454545 53.409091 38.636364 38.636364 95.454545 46.590909 95.454545 50.000000 38.372093 41.025641 92.105263 58.620690 61.904762 57.627119 38.823529 93.827160 52.439024 38.372093 41.558442 76.562500 46.341463 39.534884 40.909091 75.000000 50.000000 56.818182 37.500000 56.410256 56.626506 60.227273 55.681818 40.909091 36.363636 47.727273 44.318182 36.363636 59.302326 46.590909 32.954545 43.902439 43.181818 38.636364 39.772727 95.454545 95.454545 50.000000 41.025641 95.454545 50.617284 38.823529 41.558442 85.227273 46.341463 40.909091 41.025641 86.363636 50.000000 92.405063 47.500000 35.365854 95.161290 63.888889 37.500000 52.272727 36.986301 56.756757 35.443038 55.421687 43.421053 60.563380 40.476190 32.876712
fru-mir-130    54.430380 63.291139 43.037975 81.012658 45.569620 44.303797 59.493671 45.569620 45.569620 43.037975 54.838710 55.000000 45.569620 42.105263 53.164557 46.835443 39.240506 56.962025 45.569620 45.569620 43.037975 62.025316 53.164557 82.278481 83.544304 45.569620 39.240506 43.037975 53.125000 55.696203 45.569620 45.569620 53.164557 100.000000 39.705882 83.544304 41.558442 63.291139 44.303797 48.101266 59.493671 49.367089 59.493671 49.367089 45.569620 42.307692 55.263158 53.448276 58.730159 66.101695 45.569620 59.493671 51.898734 45.569620 42.857143 54.687500 48.101266 45.569620 45.569620 36.708861 60.759494 54.430380 43.037975 75.641026 62.025316 50.632911 50.632911 43.037975 36.708861 94.936709 44.303797 48.101266 62.025316 51.898734 49.367089 49.367089 40.506329 41.772152 40.506329 59.493671 59.493671 49.367089 42.307692 56.962025 49.367089 45.569620 42.857143 60.759494 46.835443 46.835443 38.461538 51.898734 62.025316 50.632911 46.835443 39.240506 56.451613 77.777778 40.506329 64.556962 47.945205 100.000000 43.037975 59.493671 48.684211 83.098592 45.569620 42.465753
fru-mir-301    35.294118 42.647059 42.647059 35.294118 70.588235 69.117647 41.176471 44.117647 69.117647 63.235294 46.774194 46.666667 69.117647 63.235294 38.235294 41.176471 69.117647 41.176471 44.117647 69.117647 63.235294 45.588235 39.705882 42.647059 41.176471 69.117647 83.823529 97.058824 46.875000 33.823529 69.117647 66.176471 44.117647 39.705882 100.000000 36.764706 45.588235 35.294118 70.588235 69.117647 42.647059 38.235294 42.647059 41.176471 69.117647 63.235294 39.705882 46.551724 46.031746 38.983051 69.117647 42.647059 41.176471 69.117647 63.235294 40.625000 44.117647 69.117647 60.294118 41.176471 39.705882 32.352941 66.176471 41.176471 42.647059 35.294118 48.529412 70.588235 66.176471 44.117647 75.000000 98.529412 38.235294 29.411765 45.588235 33.823529 30.882353 58.823529 64.705882 42.647059 42.647059 38.235294 63.235294 42.647059 38.235294 69.117647 63.235294 39.705882 41.176471 70.588235 60.294118 38.235294 42.647059 42.647059 42.647059 69.117647 40.322581 36.764706 50.000000 38.235294 69.117647 39.705882 98.529412 36.764706 45.588235 35.294118 72.058824 75.000000
gga-mir-130a   57.831325 66.265060 39.759036 92.771084 46.987952 42.168675 62.650602 48.780488 46.987952 43.373494 64.516129 56.666667 46.987952 39.473684 61.728395 49.367089 41.772152 60.240964 51.219512 46.987952 43.373494 60.240964 49.397590 80.722892 83.950617 46.987952 38.271605 40.963855 65.625000 50.617284 46.987952 40.963855 62.650602 83.544304 36.764706 100.000000 44.155844 69.879518 44.578313 45.783133 65.060241 46.987952 65.060241 47.560976 46.987952 38.461538 68.421053 55.172414 68.253968 67.796610 46.987952 66.666667 48.780488 46.987952 38.961039 62.500000 48.780488 48.192771 42.168675 49.397590 63.855422 63.855422 46.987952 76.923077 65.060241 50.602410 46.987952 46.987952 39.759036 85.542169 43.373494 46.987952 74.698795 50.602410 49.397590 39.024390 43.373494 43.373494 40.963855 65.060241 65.060241 47.560976 38.461538 63.855422 48.148148 46.987952 38.961039 62.650602 45.121951 46.987952 37.179487 57.831325 65.060241 62.025316 45.000000 40.243902 61.290323 100.000000 43.373494 72.289157 52.054795 83.783784 43.037975 62.650602 44.736842 84.507042 45.783133 38.356164
