51
aca-mir-204a-1 100.000000 60.416667 61.458333 71.875000 65.000000 78.125000 65.000000 61.458333 71.875000 68.817204 64.583333 67.647059 78.160920 64.634146 74.358974 76.086957 61.458333 86.458333 70.270270 63.541667 63.541667 72.916667 80.208333 63.541667 73.958333 67.647059 72.916667 68.750000 67.532468 84.042553 64.788732 60.416667 63.380282 63.541667 63.541667 71.875000 63.541667 72.916667 63.541667 69.791667 59.375000 63.541667 63.888889 95.833333 63.043478 63.043478 76.666667 74.193548 69.767442 77.083333 65.909091
aca-mir-204a-2 60.416667 100.000000 91.666667 58.163265 98.333333 61.224490 97.500000 92.857143 58.163265 75.268817 52.040816 98.529412 64.367816 97.560976 57.692308 60.869565 95.918367 58.163265 62.162162 92.857143 92.857143 61.224490 67.010309 92.857143 60.204082 98.529412 53.061224 58.163265 97.402597 50.000000 57.746479 67.708333 50.704225 92.857143 92.857143 61.224490 92.857143 61.224490 91.836735 54.081633 91.836735 91.836735 98.611111 65.277778 51.086957 51.086957 66.666667 59.139785 69.767442 61.224490 95.454545
bta-mir-204    61.458333 91.666667 100.000000 53.125000 100.000000 59.375000 100.000000 100.000000 53.125000 74.193548 54.166667 100.000000 63.218391 100.000000 57.692308 63.043478 90.625000 60.416667 60.810811 100.000000 100.000000 58.333333 62.500000 100.000000 59.375000 100.000000 57.291667 56.250000 93.506494 51.063830 59.154930 67.708333 49.295775 100.000000 100.000000 59.375000 100.000000 58.333333 98.958333 54.166667 93.750000 94.791667 95.833333 66.666667 53.260870 53.260870 68.333333 61.290323 66.279070 63.541667 94.318182
bta-mir-211    71.875000 58.163265 53.125000 100.000000 55.000000 93.000000 58.750000 48.113208 98.181818 66.666667 55.454545 58.823529 93.103448 58.536585 80.769231 72.826087 54.807692 73.267327 60.810811 46.363636 46.363636 89.090909 79.381443 46.363636 87.155963 58.823529 77.358491 64.545455 64.935065 69.148936 57.746479 55.208333 60.563380 46.363636 46.363636 86.363636 46.363636 88.990826 49.090909 77.358491 53.636364 49.541284 61.111111 84.722222 61.956522 61.956522 65.000000 74.193548 68.604651 60.952381 65.909091
cfa-mir-204    65.000000 98.333333 100.000000 55.000000 100.000000 56.666667 100.000000 100.000000 55.000000 73.333333 65.000000 100.000000 56.666667 100.000000 56.666667 60.000000 98.333333 63.333333 65.000000 100.000000 100.000000 55.000000 65.000000 100.000000 56.666667 100.000000 58.333333 60.000000 96.666667 60.000000 66.666667 71.666667 55.000000 100.000000 100.000000 55.000000 100.000000 55.000000 100.000000 55.000000 98.333333 100.000000 96.666667 63.333333 66.666667 66.666667 66.666667 60.000000 60.000000 71.666667 98.333333
cfa-mir-211    78.125000 61.224490 59.375000 93.000000 56.666667 100.000000 63.750000 57.000000 94.000000 69.892473 59.000000 60.294118 96.551724 63.414634 85.897436 76.086957 60.000000 71.000000 59.459459 59.000000 59.000000 94.000000 78.350515 59.000000 95.000000 60.294118 81.000000 72.000000 66.233766 71.276596 59.154930 57.291667 61.971831 59.000000 59.000000 90.000000 59.000000 94.000000 59.000000 81.000000 65.000000 61.000000 61.111111 81.944444 58.695652 58.695652 66.666667 73.118280 70.930233 69.000000 68.181818
cgr-mir-204    65.000000 97.500000 100.000000 58.750000 100.000000 63.750000 100.000000 100.000000 58.750000 73.750000 65.000000 100.000000 63.750000 100.000000 57.692308 63.750000 96.250000 65.000000 60.810811 100.000000 100.000000 62.500000 66.250000 100.000000 63.750000 100.000000 61.250000 62.500000 93.506494 57.500000 59.154930 73.750000 49.295775 100.000000 100.000000 63.750000 100.000000 62.500000 100.000000 57.500000 97.500000 100.000000 95.833333 66.666667 57.500000 57.500000 68.333333 62.500000 63.750000 68.750000 93.750000
chi-mir-204    61.458333 92.857143 100.000000 48.113208 100.000000 57.000000 100.000000 100.000000 48.113208 74.193548 54.716981 100.000000 63.218391 100.000000 57.692308 63.043478 88.461538 59.405941 60.810811 100.000000 100.000000 52.830189 61.855670 100.000000 55.660377 100.000000 51.886792 50.943396 93.506494 51.063830 59.154930 67.708333 49.295775 100.000000 100.000000 53.773585 100.000000 52.830189 97.169811 49.056604 94.339623 93.396226 95.833333 66.666667 53.260870 53.260870 68.333333 61.290323 66.279070 60.000000 94.318182
chi-mir-211    71.875000 58.163265 53.125000 98.181818 55.000000 94.000000 58.750000 48.113208 100.000000 66.666667 56.363636 58.823529 93.103448 58.536585 80.769231 72.826087 54.807692 71.287129 60.810811 46.363636 46.363636 90.909091 77.319588 46.363636 88.990826 58.823529 77.358491 66.363636 64.935065 71.276596 57.746479 55.208333 60.563380 46.363636 46.363636 88.181818 46.363636 90.825688 49.090909 77.358491 55.454545 49.541284 61.111111 84.722222 61.956522 61.956522 65.000000 74.193548 68.604651 60.952381 65.909091
dre-mir-204-1  68.817204 75.268817 74.193548 66.666667 73.333333 69.892473 73.750000 74.193548 66.666667 100.000000 62.365591 76.470588 67.816092 74.390244 60.256410 68.478261 75.268817 69.892473 67.567568 76.344086 76.344086 63.440860 72.043011 76.344086 64.516129 76.470588 61.290323 63.440860 77.922078 60.215054 61.971831 68.817204 53.521127 76.344086 76.344086 64.516129 76.344086 63.440860 76.344086 62.365591 79.569892 76.344086 76.388889 77.777778 56.521739 56.521739 70.000000 68.817204 75.581395 61.290323 79.545455
dre-mir-204-2  64.583333 52.040816 54.166667 55.454545 65.000000 59.000000 65.000000 54.716981 56.363636 62.365591 100.000000 66.176471 63.218391 63.414634 65.384615 66.304348 49.038462 64.356436 62.162162 52.727273 52.727273 53.636364 63.917526 52.727273 55.045872 66.176471 62.264151 52.100840 59.740260 61.702128 60.563380 48.958333 60.563380 52.727273 52.727273 54.545455 52.727273 54.128440 51.818182 61.320755 45.161290 53.211009 56.944444 77.777778 56.521739 56.521739 73.333333 67.741935 59.302326 58.095238 59.090909
eca-mir-204b-2 67.647059 98.529412 100.000000 58.823529 100.000000 60.294118 100.000000 100.000000 58.823529 76.470588 66.176471 100.000000 60.294118 100.000000 57.352941 63.235294 98.529412 66.176471 64.705882 100.000000 100.000000 58.823529 67.647059 100.000000 60.294118 100.000000 61.764706 61.764706 97.058824 60.294118 61.764706 75.000000 51.470588 100.000000 100.000000 60.294118 100.000000 58.823529 100.000000 58.823529 98.529412 100.000000 95.588235 66.176471 66.176471 66.176471 68.333333 63.235294 63.235294 73.529412 97.058824
eca-mir-211    78.160920 64.367816 63.218391 93.103448 56.666667 96.551724 63.750000 63.218391 93.103448 67.816092 63.218391 60.294118 100.000000 63.414634 85.897436 78.160920 63.218391 82.758621 59.459459 65.517241 65.517241 93.103448 82.758621 65.517241 94.252874 60.294118 91.954023 77.011494 66.233766 77.011494 59.154930 63.218391 60.563380 65.517241 65.517241 91.954023 65.517241 93.103448 65.517241 90.804598 66.666667 65.517241 61.111111 83.333333 55.172414 55.172414 66.666667 77.011494 68.604651 74.712644 67.816092
efu-mir-204    64.634146 97.560976 100.000000 58.536585 100.000000 63.414634 100.000000 100.000000 58.536585 74.390244 63.414634 100.000000 63.414634 100.000000 57.692308 63.414634 96.341463 64.634146 60.810811 100.000000 100.000000 62.195122 65.853659 100.000000 63.414634 100.000000 60.975610 62.195122 93.506494 57.317073 59.154930 74.390244 49.295775 100.000000 100.000000 63.414634 100.000000 62.195122 100.000000 57.317073 97.560976 100.000000 95.833333 66.666667 56.097561 56.097561 68.333333 62.195122 64.634146 68.292683 93.902439
efu-mir-211    74.358974 57.692308 57.692308 80.769231 56.666667 85.897436 57.692308 57.692308 80.769231 60.256410 65.384615 57.352941 85.897436 57.692308 100.000000 70.512821 58.974359 74.358974 51.351351 57.692308 57.692308 85.897436 78.205128 57.692308 87.179487 57.352941 76.923077 71.794872 59.740260 73.076923 56.338028 60.256410 61.971831 57.692308 57.692308 84.615385 57.692308 85.897436 57.692308 79.487179 60.256410 57.692308 55.555556 72.222222 51.282051 51.282051 66.666667 69.230769 60.256410 65.384615 58.974359
fru-mir-204a   76.086957 60.869565 63.043478 72.826087 60.000000 76.086957 63.750000 63.043478 72.826087 68.478261 66.304348 63.235294 78.160920 63.414634 70.512821 100.000000 61.956522 77.173913 60.810811 65.217391 65.217391 75.000000 75.000000 65.217391 76.086957 63.235294 72.826087 72.826087 64.935065 72.826087 54.929577 66.304348 57.746479 65.217391 65.217391 73.913043 65.217391 75.000000 65.217391 70.652174 69.565217 65.217391 62.500000 83.333333 58.695652 58.695652 65.000000 97.826087 66.279070 72.826087 69.318182
gga-mir-204-1  61.458333 95.918367 90.625000 54.807692 98.333333 60.000000 96.250000 88.461538 54.807692 75.268817 49.038462 98.529412 63.218391 96.341463 58.974359 61.956522 100.000000 57.425743 62.162162 88.461538 88.461538 55.769231 69.072165 88.461538 56.730769 98.529412 53.846154 54.807692 96.103896 51.063830 57.746479 68.750000 50.704225 88.461538 88.461538 53.846154 88.461538 55.769231 87.500000 52.884615 88.461538 84.615385 98.611111 65.277778 51.086957 51.086957 66.666667 59.139785 68.604651 56.730769 94.318182
gga-mir-204-2  86.458333 58.163265 60.416667 73.267327 63.333333 71.000000 65.000000 59.405941 71.287129 69.892473 64.356436 66.176471 82.758621 64.634146 74.358974 77.173913 57.425743 100.000000 68.918919 61.386139 61.386139 67.326733 88.659794 61.386139 68.316832 66.176471 73.267327 69.306931 67.532468 79.787234 66.197183 61.458333 61.971831 61.386139 61.386139 66.336634 61.386139 67.326733 59.405941 69.306931 58.415842 59.405941 62.500000 100.000000 57.608696 57.608696 75.000000 75.268817 70.930233 78.217822 68.181818
gga-mir-211    70.270270 62.162162 60.810811 60.810811 65.000000 59.459459 60.810811 60.810811 60.810811 67.567568 62.162162 64.705882 59.459459 60.810811 51.351351 60.810811 62.162162 68.918919 100.000000 60.810811 60.810811 58.108108 66.216216 60.810811 59.459459 64.705882 70.270270 59.459459 63.513514 59.459459 74.647887 63.513514 54.929577 60.810811 60.810811 56.756757 60.810811 58.108108 60.810811 66.216216 59.459459 60.810811 59.722222 70.833333 97.297297 97.297297 96.666667 60.810811 64.864865 68.918919 64.864865
ggo-mir-204    63.541667 92.857143 100.000000 46.363636 100.000000 59.000000 100.000000 100.000000 46.363636 76.344086 52.727273 100.000000 65.517241 100.000000 57.692308 65.217391 88.461538 61.386139 60.810811 100.000000 100.000000 50.909091 61.855670 100.000000 54.128440 100.000000 53.773585 49.090909 93.506494 53.191489 59.154930 67.708333 49.295775 100.000000 100.000000 51.818182 100.000000 51.376147 97.272727 50.943396 94.545455 94.495413 95.833333 66.666667 53.260870 53.260870 68.333333 63.440860 66.279070 61.904762 94.318182
hsa-mir-204    63.541667 92.857143 100.000000 46.363636 100.000000 59.000000 100.000000 100.000000 46.363636 76.344086 52.727273 100.000000 65.517241 100.000000 57.692308 65.217391 88.461538 61.386139 60.810811 100.000000 100.000000 50.909091 61.855670 100.000000 54.128440 100.000000 53.773585 49.090909 93.506494 53.191489 59.154930 67.708333 49.295775 100.000000 100.000000 51.818182 100.000000 51.376147 97.272727 50.943396 94.545455 94.495413 95.833333 66.666667 53.260870 53.260870 68.333333 63.440860 66.279070 61.904762 94.318182
hsa-mir-211    72.916667 61.224490 58.333333 89.090909 55.000000 94.000000 62.500000 52.830189 90.909091 63.440860 53.636364 58.823529 93.103448 62.195122 85.897436 75.000000 55.769231 67.326733 58.108108 50.909091 50.909091 100.000000 76.288660 50.909091 95.412844 58.823529 74.528302 63.636364 63.636364 72.340426 57.746479 55.208333 60.563380 50.909091 50.909091 97.272727 50.909091 100.000000 50.909091 73.584906 57.272727 54.128440 58.333333 80.555556 57.608696 57.608696 65.000000 74.193548 67.441860 60.000000 65.909091
mdo-mir-204    80.208333 67.010309 62.500000 79.381443 65.000000 78.350515 66.250000 61.855670 77.319588 72.043011 63.917526 67.647059 82.758621 65.853659 78.205128 75.000000 69.072165 88.659794 66.216216 61.855670 61.855670 76.288660 100.000000 61.855670 76.288660 67.647059 74.226804 73.195876 72.727273 75.531915 64.788732 65.625000 63.380282 61.855670 61.855670 72.164948 61.855670 76.288660 61.855670 74.226804 67.010309 63.917526 69.444444 95.833333 55.434783 55.434783 71.666667 73.118280 74.418605 74.226804 75.000000
mml-mir-204    63.541667 92.857143 100.000000 46.363636 100.000000 59.000000 100.000000 100.000000 46.363636 76.344086 52.727273 100.000000 65.517241 100.000000 57.692308 65.217391 88.461538 61.386139 60.810811 100.000000 100.000000 50.909091 61.855670 100.000000 54.128440 100.000000 53.773585 49.090909 93.506494 53.191489 59.154930 67.708333 49.295775 100.000000 100.000000 51.818182 100.000000 51.376147 97.272727 50.943396 94.545455 94.495413 95.833333 66.666667 53.260870 53.260870 68.333333 63.440860 66.279070 61.904762 94.318182
mml-mir-211    73.958333 60.204082 59.375000 87.155963 56.666667 95.000000 63.750000 55.660377 88.990826 64.516129 55.045872 60.294118 94.252874 63.414634 87.179487 76.086957 56.730769 68.316832 59.459459 54.128440 54.128440 95.412844 76.288660 54.128440 100.000000 60.294118 75.471698 65.137615 64.935065 73.404255 59.154930 56.250000 61.971831 54.128440 54.128440 91.743119 54.128440 94.495413 52.293578 74.528302 60.550459 54.128440 59.722222 81.944444 58.695652 58.695652 66.666667 75.268817 68.604651 60.952381 67.045455
mmu-mir-204    67.647059 98.529412 100.000000 58.823529 100.000000 60.294118 100.000000 100.000000 58.823529 76.470588 66.176471 100.000000 60.294118 100.000000 57.352941 63.235294 98.529412 66.176471 64.705882 100.000000 100.000000 58.823529 67.647059 100.000000 60.294118 100.000000 61.764706 61.764706 97.058824 60.294118 61.764706 75.000000 51.470588 100.000000 100.000000 60.294118 100.000000 58.823529 100.000000 58.823529 98.529412 100.000000 95.588235 66.176471 66.176471 66.176471 68.333333 63.235294 63.235294 73.529412 97.058824
mmu-mir-211    72.916667 53.061224 57.291667 77.358491 58.333333 81.000000 61.250000 51.886792 77.358491 61.290323 62.264151 61.764706 91.954023 60.975610 76.923077 72.826087 53.846154 73.267327 70.270270 53.773585 53.773585 74.528302 74.226804 53.773585 75.471698 61.764706 100.000000 61.320755 59.740260 70.212766 60.563380 55.208333 64.788732 53.773585 53.773585 70.754717 53.773585 74.528302 54.716981 96.226415 50.943396 51.886792 58.333333 84.722222 60.869565 60.869565 73.333333 72.043011 65.116279 63.809524 63.636364
oan-mir-204    68.750000 58.163265 56.250000 64.545455 60.000000 72.000000 62.500000 50.943396 66.363636 63.440860 52.100840 61.764706 77.011494 62.195122 71.794872 72.826087 54.807692 69.306931 59.459459 49.090909 49.090909 63.636364 73.195876 49.090909 65.137615 61.764706 61.320755 100.000000 63.636364 68.085106 56.338028 61.458333 61.971831 49.090909 49.090909 62.727273 49.090909 64.220183 50.909091 63.207547 50.420168 49.541284 61.111111 83.333333 57.608696 57.608696 68.333333 73.118280 72.093023 61.904762 62.500000
oha-mir-204-1  67.532468 97.402597 93.506494 64.935065 96.666667 66.233766 93.506494 93.506494 64.935065 77.922078 59.740260 97.058824 66.233766 93.506494 59.740260 64.935065 96.103896 67.532468 63.513514 93.506494 93.506494 63.636364 72.727273 93.506494 64.935065 97.058824 59.740260 63.636364 100.000000 62.337662 54.929577 74.025974 49.295775 93.506494 93.506494 64.935065 93.506494 63.636364 93.506494 61.038961 93.506494 93.506494 94.444444 68.055556 62.337662 62.337662 66.666667 63.636364 70.129870 67.532468 96.103896
oha-mir-204-2  84.042553 50.000000 51.063830 69.148936 60.000000 71.276596 57.500000 51.063830 71.276596 60.215054 61.702128 60.294118 77.011494 57.317073 73.076923 72.826087 51.063830 79.787234 59.459459 53.191489 53.191489 72.340426 75.531915 53.191489 73.404255 60.294118 70.212766 68.085106 62.337662 100.000000 60.563380 58.510638 57.746479 53.191489 53.191489 71.276596 53.191489 72.340426 53.191489 68.085106 52.127660 53.191489 58.333333 88.888889 54.347826 54.347826 66.666667 70.967742 63.953488 65.957447 57.954545
oha-mir-204-3  64.788732 57.746479 59.154930 57.746479 66.666667 59.154930 59.154930 59.154930 57.746479 61.971831 60.563380 61.764706 59.154930 59.154930 56.338028 54.929577 57.746479 66.197183 74.647887 59.154930 59.154930 57.746479 64.788732 59.154930 59.154930 61.764706 60.563380 56.338028 54.929577 60.563380 100.000000 63.380282 54.929577 59.154930 59.154930 57.746479 59.154930 57.746479 59.154930 57.746479 57.746479 59.154930 53.521127 66.197183 71.830986 71.830986 78.333333 54.929577 60.563380 64.788732 57.746479
ola-mir-204    60.416667 67.708333 67.708333 55.208333 71.666667 57.291667 73.750000 67.708333 55.208333 68.817204 48.958333 75.000000 63.218391 74.390244 60.256410 66.304348 68.750000 61.458333 63.513514 67.708333 67.708333 55.208333 65.625000 67.708333 56.250000 75.000000 55.208333 61.458333 74.025974 58.510638 63.380282 100.000000 56.338028 67.708333 67.708333 56.250000 67.708333 55.208333 67.708333 54.166667 68.750000 64.583333 73.611111 72.222222 55.434783 55.434783 70.000000 64.516129 79.069767 56.250000 72.727273
pma-mir-204    63.380282 50.704225 49.295775 60.563380 55.000000 61.971831 49.295775 49.295775 60.563380 53.521127 60.563380 51.470588 60.563380 49.295775 61.971831 57.746479 50.704225 61.971831 54.929577 49.295775 49.295775 60.563380 63.380282 49.295775 61.971831 51.470588 64.788732 61.971831 49.295775 57.746479 54.929577 56.338028 100.000000 49.295775 49.295775 59.154930 49.295775 60.563380 49.295775 63.380282 50.704225 49.295775 50.704225 61.971831 57.746479 57.746479 63.333333 57.746479 63.380282 64.788732 52.112676
ppa-mir-204    63.541667 92.857143 100.000000 46.363636 100.000000 59.000000 100.000000 100.000000 46.363636 76.344086 52.727273 100.000000 65.517241 100.000000 57.692308 65.217391 88.461538 61.386139 60.810811 100.000000 100.000000 50.909091 61.855670 100.000000 54.128440 100.000000 53.773585 49.090909 93.506494 53.191489 59.154930 67.708333 49.295775 100.000000 100.000000 51.818182 100.000000 51.376147 97.272727 50.943396 94.545455 94.495413 95.833333 66.666667 53.260870 53.260870 68.333333 63.440860 66.279070 61.904762 94.318182
ppy-mir-204    63.541667 92.857143 100.000000 46.363636 100.000000 59.000000 100.000000 100.000000 46.363636 76.344086 52.727273 100.000000 65.517241 100.000000 57.692308 65.217391 88.461538 61.386139 60.810811 100.000000 100.000000 50.909091 61.855670 100.000000 54.128440 100.000000 53.773585 49.090909 93.506494 53.191489 59.154930 67.708333 49.295775 100.000000 100.000000 51.818182 100.000000 51.376147 97.272727 50.943396 94.545455 94.495413 95.833333 66.666667 53.260870 53.260870 68.333333 63.440860 66.279070 61.904762 94.318182
ppy-mir-211    71.875000 61.224490 59.375000 86.363636 55.000000 90.000000 63.750000 53.773585 88.181818 64.516129 54.545455 60.294118 91.954023 63.414634 84.615385 73.913043 53.846154 66.336634 56.756757 51.818182 51.818182 97.272727 72.164948 51.818182 91.743119 60.294118 70.754717 62.727273 64.935065 71.276596 57.746479 56.250000 59.154930 51.818182 51.818182 100.000000 51.818182 97.247706 51.818182 69.811321 56.363636 54.128440 59.722222 79.166667 56.521739 56.521739 63.333333 73.118280 68.604651 59.047619 64.772727
ptr-mir-204    63.541667 92.857143 100.000000 46.363636 100.000000 59.000000 100.000000 100.000000 46.363636 76.344086 52.727273 100.000000 65.517241 100.000000 57.692308 65.217391 88.461538 61.386139 60.810811 100.000000 100.000000 50.909091 61.855670 100.000000 54.128440 100.000000 53.773585 49.090909 93.506494 53.191489 59.154930 67.708333 49.295775 100.000000 100.000000 51.818182 100.000000 51.376147 97.272727 50.943396 94.545455 94.495413 95.833333 66.666667 53.260870 53.260870 68.333333 63.440860 66.279070 61.904762 94.318182
ptr-mir-211    72.916667 61.224490 58.333333 88.990826 55.000000 94.000000 62.500000 52.830189 90.825688 63.440860 54.128440 58.823529 93.103448 62.195122 85.897436 75.000000 55.769231 67.326733 58.108108 51.376147 51.376147 100.000000 76.288660 51.376147 94.495413 58.823529 74.528302 64.220183 63.636364 72.340426 57.746479 55.208333 60.563380 51.376147 51.376147 97.247706 51.376147 100.000000 51.376147 73.584906 57.798165 54.128440 58.333333 80.555556 57.608696 57.608696 65.000000 74.193548 67.441860 60.000000 65.909091
rno-mir-204    63.541667 91.836735 98.958333 49.090909 100.000000 59.000000 100.000000 97.169811 49.090909 76.344086 51.818182 100.000000 65.517241 100.000000 57.692308 65.217391 87.500000 59.405941 60.810811 97.272727 97.272727 50.909091 61.855670 97.272727 52.293578 100.000000 54.716981 50.909091 93.506494 53.191489 59.154930 67.708333 49.295775 97.272727 97.272727 51.818182 97.272727 51.376147 100.000000 51.886792 90.909091 94.495413 95.833333 66.666667 53.260870 53.260870 68.333333 63.440860 66.279070 62.857143 94.318182
rno-mir-211    69.791667 54.081633 54.166667 77.358491 55.000000 81.000000 57.500000 49.056604 77.358491 62.365591 61.320755 58.823529 90.804598 57.317073 79.487179 70.652174 52.884615 69.306931 66.216216 50.943396 50.943396 73.584906 74.226804 50.943396 74.528302 58.823529 96.226415 63.207547 61.038961 68.085106 57.746479 54.166667 63.380282 50.943396 50.943396 69.811321 50.943396 73.584906 51.886792 100.000000 51.886792 49.056604 59.722222 81.944444 57.608696 57.608696 70.000000 69.892473 67.441860 61.904762 64.772727
sha-mir-204    59.375000 91.836735 93.750000 53.636364 98.333333 65.000000 97.500000 94.339623 55.454545 79.569892 45.161290 98.529412 66.666667 97.560976 60.256410 69.565217 88.461538 58.415842 59.459459 94.545455 94.545455 57.272727 67.010309 94.545455 60.550459 98.529412 50.943396 50.420168 93.506494 52.127660 57.746479 68.750000 50.704225 94.545455 94.545455 56.363636 94.545455 57.798165 90.909091 51.886792 100.000000 89.908257 97.222222 65.277778 53.260870 53.260870 66.666667 65.591398 69.767442 57.142857 96.590909
ssc-mir-204    63.541667 91.836735 94.791667 49.541284 100.000000 61.000000 100.000000 93.396226 49.541284 76.344086 53.211009 100.000000 65.517241 100.000000 57.692308 65.217391 84.615385 59.405941 60.810811 94.495413 94.495413 54.128440 63.917526 94.495413 54.128440 100.000000 51.886792 49.541284 93.506494 53.191489 59.154930 64.583333 49.295775 94.495413 94.495413 54.128440 94.495413 54.128440 94.495413 49.056604 89.908257 100.000000 95.833333 66.666667 53.260870 53.260870 68.333333 63.440860 66.279070 60.952381 94.318182
tgu-mir-204-1  63.888889 98.611111 95.833333 61.111111 96.666667 61.111111 95.833333 95.833333 61.111111 76.388889 56.944444 95.588235 61.111111 95.833333 55.555556 62.500000 98.611111 62.500000 59.722222 95.833333 95.833333 58.333333 69.444444 95.833333 59.722222 95.588235 58.333333 61.111111 94.444444 58.333333 53.521127 73.611111 50.704225 95.833333 95.833333 59.722222 95.833333 58.333333 95.833333 59.722222 97.222222 95.833333 100.000000 62.500000 61.111111 61.111111 65.000000 62.500000 62.500000 69.444444 95.833333
tgu-mir-204-2  95.833333 65.277778 66.666667 84.722222 63.333333 81.944444 66.666667 66.666667 84.722222 77.777778 77.777778 66.176471 83.333333 66.666667 72.222222 83.333333 65.277778 100.000000 70.833333 66.666667 66.666667 80.555556 95.833333 66.666667 81.944444 66.176471 84.722222 83.333333 68.055556 88.888889 66.197183 72.222222 61.971831 66.666667 66.666667 79.166667 66.666667 80.555556 66.666667 81.944444 65.277778 66.666667 62.500000 100.000000 73.611111 73.611111 75.000000 83.333333 73.611111 84.722222 69.444444
tgu-mir-204-3  63.043478 51.086957 53.260870 61.956522 66.666667 58.695652 57.500000 53.260870 61.956522 56.521739 56.521739 66.176471 55.172414 56.097561 51.282051 58.695652 51.086957 57.608696 97.297297 53.260870 53.260870 57.608696 55.434783 53.260870 58.695652 66.176471 60.869565 57.608696 62.337662 54.347826 71.830986 55.434783 57.746479 53.260870 53.260870 56.521739 53.260870 57.608696 53.260870 57.608696 53.260870 53.260870 61.111111 73.611111 100.000000 100.000000 100.000000 57.608696 56.976744 59.782609 57.954545
tgu-mir-204-4  63.043478 51.086957 53.260870 61.956522 66.666667 58.695652 57.500000 53.260870 61.956522 56.521739 56.521739 66.176471 55.172414 56.097561 51.282051 58.695652 51.086957 57.608696 97.297297 53.260870 53.260870 57.608696 55.434783 53.260870 58.695652 66.176471 60.869565 57.608696 62.337662 54.347826 71.830986 55.434783 57.746479 53.260870 53.260870 56.521739 53.260870 57.608696 53.260870 57.608696 53.260870 53.260870 61.111111 73.611111 100.000000 100.000000 100.000000 57.608696 56.976744 59.782609 57.954545
tgu-mir-204-5  76.666667 66.666667 68.333333 65.000000 66.666667 66.666667 68.333333 68.333333 65.000000 70.000000 73.333333 68.333333 66.666667 68.333333 66.666667 65.000000 66.666667 75.000000 96.666667 68.333333 68.333333 65.000000 71.666667 68.333333 66.666667 68.333333 73.333333 68.333333 66.666667 66.666667 78.333333 70.000000 63.333333 68.333333 68.333333 63.333333 68.333333 65.000000 68.333333 70.000000 66.666667 68.333333 65.000000 75.000000 100.000000 100.000000 100.000000 65.000000 68.333333 78.333333 68.333333
tni-mir-204a   74.193548 59.139785 61.290323 74.193548 60.000000 73.118280 62.500000 61.290323 74.193548 68.817204 67.741935 63.235294 77.011494 62.195122 69.230769 97.826087 59.139785 75.268817 60.810811 63.440860 63.440860 74.193548 73.118280 63.440860 75.268817 63.235294 72.043011 73.118280 63.636364 70.967742 54.929577 64.516129 57.746479 63.440860 63.440860 73.118280 63.440860 74.193548 63.440860 69.892473 65.591398 63.440860 62.500000 83.333333 57.608696 57.608696 65.000000 100.000000 65.116279 70.967742 68.181818
tni-mir-204b   69.767442 69.767442 66.279070 68.604651 60.000000 70.930233 63.750000 66.279070 68.604651 75.581395 59.302326 63.235294 68.604651 64.634146 60.256410 66.279070 68.604651 70.930233 64.864865 66.279070 66.279070 67.441860 74.418605 66.279070 68.604651 63.235294 65.116279 72.093023 70.129870 63.953488 60.563380 79.069767 63.380282 66.279070 66.279070 68.604651 66.279070 67.441860 66.279070 67.441860 69.767442 66.279070 62.500000 73.611111 56.976744 56.976744 68.333333 65.116279 100.000000 69.767442 70.930233
xtr-mir-204-1  77.083333 61.224490 63.541667 60.952381 71.666667 69.000000 68.750000 60.000000 60.952381 61.290323 58.095238 73.529412 74.712644 68.292683 65.384615 72.826087 56.730769 78.217822 68.918919 61.904762 61.904762 60.000000 74.226804 61.904762 60.952381 73.529412 63.809524 61.904762 67.532468 65.957447 64.788732 56.250000 64.788732 61.904762 61.904762 59.047619 61.904762 60.000000 62.857143 61.904762 57.142857 60.952381 69.444444 84.722222 59.782609 59.782609 78.333333 70.967742 69.767442 100.000000 68.181818
xtr-mir-204-2  65.909091 95.454545 94.318182 65.909091 98.333333 68.181818 93.750000 94.318182 65.909091 79.545455 59.090909 97.058824 67.816092 93.902439 58.974359 69.318182 94.318182 68.181818 64.864865 94.318182 94.318182 65.909091 75.000000 94.318182 67.045455 97.058824 63.636364 62.500000 96.103896 57.954545 57.746479 72.727273 52.112676 94.318182 94.318182 64.772727 94.318182 65.909091 94.318182 64.772727 96.590909 94.318182 95.833333 69.444444 57.954545 57.954545 68.333333 68.181818 70.930233 68.181818 100.000000
