17
aca-mir-489 100.000000 76.829268 82.142857 81.318681 75.294118 80.219780 92.857143 84.523810 82.142857 68.131868 83.333333 83.132530 63.736264 80.246914 94.505495 78.021978 88.095238
bta-mir-489 76.829268 100.000000 92.682927 74.390244 82.926829 69.512195 81.707317 91.463415 90.243902 69.512195 92.682927 91.463415 70.731707 93.827160 81.707317 67.073171 81.707317
cfa-mir-489 82.142857 92.682927 100.000000 77.380952 90.476190 73.809524 84.523810 96.428571 96.428571 71.428571 97.619048 96.385542 70.238095 92.592593 84.523810 71.428571 80.952381
dre-mir-489 81.318681 74.390244 77.380952 100.000000 72.941176 79.411765 83.333333 79.761905 77.380952 60.576923 78.571429 79.518072 53.846154 74.074074 78.571429 83.695652 79.761905
eca-mir-489 75.294118 82.926829 90.476190 72.941176 100.000000 72.941176 76.190476 89.285714 89.285714 65.882353 90.476190 89.156627 63.529412 86.419753 75.294118 70.588235 73.809524
fru-mir-489 80.219780 69.512195 73.809524 79.411765 72.941176 100.000000 84.523810 76.190476 73.809524 51.960784 75.000000 75.903614 53.921569 72.839506 77.551020 97.826087 79.761905
gga-mir-489 92.857143 81.707317 84.523810 83.333333 76.190476 84.523810 100.000000 86.904762 83.333333 65.476190 85.714286 87.951807 64.285714 82.716049 100.000000 82.142857 92.857143
hsa-mir-489 84.523810 91.463415 96.428571 79.761905 89.285714 76.190476 86.904762 100.000000 97.619048 77.380952 98.809524 100.000000 75.000000 91.358025 86.904762 73.809524 83.333333
mml-mir-489 82.142857 90.243902 96.428571 77.380952 89.285714 73.809524 83.333333 97.619048 100.000000 77.380952 98.809524 97.590361 75.000000 90.123457 83.333333 70.238095 79.761905
mmu-mir-489 68.131868 69.512195 71.428571 60.576923 65.882353 51.960784 65.476190 77.380952 77.380952 100.000000 76.190476 77.108434 86.792453 69.135802 64.285714 54.347826 64.285714
ppy-mir-489 83.333333 92.682927 97.619048 78.571429 90.476190 75.000000 85.714286 98.809524 98.809524 76.190476 100.000000 98.795181 73.809524 92.592593 85.714286 72.619048 82.142857
ptr-mir-489 83.132530 91.463415 96.385542 79.518072 89.156627 75.903614 87.951807 100.000000 97.590361 77.108434 98.795181 100.000000 74.698795 91.358025 87.951807 73.493976 84.337349
rno-mir-489 63.736264 70.731707 70.238095 53.846154 63.529412 53.921569 64.285714 75.000000 75.000000 86.792453 73.809524 74.698795 100.000000 67.901235 57.142857 55.434783 63.095238
ssc-mir-489 80.246914 93.827160 92.592593 74.074074 86.419753 72.839506 82.716049 91.358025 90.123457 69.135802 92.592593 91.358025 67.901235 100.000000 82.716049 70.370370 81.481481
tgu-mir-489 94.505495 81.707317 84.523810 78.571429 75.294118 77.551020 100.000000 86.904762 83.333333 64.285714 85.714286 87.951807 57.142857 82.716049 100.000000 80.434783 92.857143
tni-mir-489 78.021978 67.073171 71.428571 83.695652 70.588235 97.826087 82.142857 73.809524 70.238095 54.347826 72.619048 73.493976 55.434783 70.370370 80.434783 100.000000 76.190476
xtr-mir-489 88.095238 81.707317 80.952381 79.761905 73.809524 79.761905 92.857143 83.333333 79.761905 64.285714 82.142857 84.337349 63.095238 81.481481 92.857143 76.190476 100.000000
