12
bta-mir-412 100.000000 90.540541 98.888889 97.500000 93.333333 88.888889 88.888889 92.500000 100.000000 88.888889 87.777778 94.285714
cgr-mir-412 90.540541 100.000000 90.540541 90.540541 86.486486 89.189189 89.189189 98.648649 90.540541 89.189189 89.189189 98.571429
chi-mir-412 98.888889 90.540541 100.000000 97.500000 93.333333 86.813187 86.813187 92.500000 95.901639 86.813187 86.666667 94.285714
eca-mir-412 97.500000 90.540541 97.500000 100.000000 94.666667 91.250000 91.250000 92.500000 97.500000 91.250000 91.250000 94.285714
efu-mir-412 93.333333 86.486486 93.333333 94.666667 100.000000 94.666667 94.666667 86.666667 93.333333 94.666667 94.666667 92.857143
hsa-mir-412 88.888889 89.189189 86.813187 91.250000 94.666667 100.000000 100.000000 88.750000 87.912088 100.000000 100.000000 95.714286
mml-mir-412 88.888889 89.189189 86.813187 91.250000 94.666667 100.000000 100.000000 88.750000 87.912088 100.000000 100.000000 95.714286
mmu-mir-412 92.500000 98.648649 92.500000 92.500000 86.666667 88.750000 88.750000 100.000000 92.500000 88.750000 88.750000 100.000000
oar-mir-412 100.000000 90.540541 95.901639 97.500000 93.333333 87.912088 87.912088 92.500000 100.000000 87.912088 87.777778 94.285714
ppy-mir-412 88.888889 89.189189 86.813187 91.250000 94.666667 100.000000 100.000000 88.750000 87.912088 100.000000 100.000000 95.714286
ptr-mir-412 87.777778 89.189189 86.666667 91.250000 94.666667 100.000000 100.000000 88.750000 87.777778 100.000000 100.000000 95.714286
rno-mir-412 94.285714 98.571429 94.285714 94.285714 92.857143 95.714286 95.714286 100.000000 94.285714 95.714286 95.714286 100.000000
