16
aca-mir-454  100.000000 59.615385 68.571429 59.615385 51.923077 56.730769 69.565217 66.346154 54.807692 58.653846 60.576923 59.574468 60.576923 58.653846 56.730769 79.452055
bta-mir-454  59.615385 100.000000 100.000000 98.245614 57.017544 45.614035 98.550725 43.859649 85.714286 94.736842 95.614035 95.744681 88.288288 94.736842 87.719298 65.753425
cfa-mir-454  68.571429 100.000000 100.000000 100.000000 74.285714 64.285714 98.550725 61.428571 97.142857 97.142857 97.142857 95.714286 97.142857 97.142857 95.714286 64.285714
chi-mir-454  59.615385 98.245614 100.000000 100.000000 57.017544 45.614035 98.550725 42.982456 85.714286 96.491228 97.368421 95.744681 88.288288 95.614035 87.719298 65.753425
dre-mir-454a 51.923077 57.017544 74.285714 57.017544 100.000000 52.586207 75.362319 50.413223 59.821429 57.391304 59.130435 65.957447 57.657658 57.894737 54.838710 69.863014
dre-mir-454b 56.730769 45.614035 64.285714 45.614035 52.586207 100.000000 63.768116 56.034483 48.214286 48.695652 48.695652 51.063830 49.549550 49.122807 43.965517 73.972603
eca-mir-454  69.565217 98.550725 98.550725 98.550725 75.362319 63.768116 100.000000 65.217391 94.202899 94.202899 94.202899 95.652174 94.202899 94.202899 95.652174 66.666667
gga-mir-454  66.346154 43.859649 61.428571 42.982456 50.413223 56.034483 65.217391 100.000000 46.428571 43.478261 43.478261 54.255319 45.045045 43.859649 43.801653 98.630137
ggo-mir-454  54.807692 85.714286 97.142857 85.714286 59.821429 48.214286 94.202899 46.428571 100.000000 89.285714 88.392857 89.361702 92.792793 89.285714 82.142857 67.123288
hsa-mir-454  58.653846 94.736842 97.142857 96.491228 57.391304 48.695652 94.202899 43.478261 89.285714 100.000000 99.130435 89.361702 91.891892 100.000000 84.347826 67.123288
mml-mir-454  60.576923 95.614035 97.142857 97.368421 59.130435 48.695652 94.202899 43.478261 88.392857 99.130435 100.000000 90.425532 92.792793 99.122807 83.478261 67.123288
oan-mir-454  59.574468 95.744681 95.714286 95.744681 65.957447 51.063830 95.652174 54.255319 89.361702 89.361702 90.425532 100.000000 90.425532 89.361702 94.680851 68.493151
ppy-mir-454  60.576923 88.288288 97.142857 88.288288 57.657658 49.549550 94.202899 45.045045 92.792793 91.891892 92.792793 90.425532 100.000000 91.891892 81.081081 67.123288
ptr-mir-454  58.653846 94.736842 97.142857 95.614035 57.894737 49.122807 94.202899 43.859649 89.285714 100.000000 99.122807 89.361702 91.891892 100.000000 85.087719 67.123288
sha-mir-454  56.730769 87.719298 95.714286 87.719298 54.838710 43.965517 95.652174 43.801653 82.142857 84.347826 83.478261 94.680851 81.081081 85.087719 100.000000 68.493151
tgu-mir-454  79.452055 65.753425 64.285714 65.753425 69.863014 73.972603 66.666667 98.630137 67.123288 67.123288 67.123288 68.493151 67.123288 67.123288 68.493151 100.000000
