8
cfa-mir-632 100.000000 78.888889 84.615385 82.978723 88.297872 81.914894 83.870968 78.205128
cgr-mir-632 78.888889 100.000000 81.538462 73.333333 74.444444 70.000000 72.222222 89.743590
eca-mir-632 84.615385 81.538462 100.000000 87.692308 92.307692 87.692308 87.692308 78.461538
hsa-mir-632 82.978723 73.333333 87.692308 100.000000 94.680851 96.808511 98.924731 75.641026
mml-mir-632 88.297872 74.444444 92.307692 94.680851 100.000000 93.617021 95.698925 74.358974
ppy-mir-632 81.914894 70.000000 87.692308 96.808511 93.617021 100.000000 95.698925 73.076923
ptr-mir-632 83.870968 72.222222 87.692308 98.924731 95.698925 95.698925 100.000000 74.358974
rno-mir-632 78.205128 89.743590 78.461538 75.641026 74.358974 73.076923 74.358974 100.000000
