30
aca-mir-126  100.000000 87.671233 98.305085 76.250000 79.268293 38.271605 34.831461 64.044944 69.662921 84.931507 81.012658 92.063492 83.333333 77.647059 86.956522 80.000000 80.821918 53.448276 70.786517 53.246753 70.786517 81.481481 77.380952 79.452055 48.314607 74.157303 87.671233 79.775281 92.063492 89.855072
bta-mir-126  87.671233 100.000000 100.000000 95.890411 98.630137 42.465753 42.465753 72.602740 82.191781 95.890411 95.890411 88.888889 94.520548 95.890411 89.855072 97.260274 94.520548 53.448276 82.191781 50.684932 80.821918 95.890411 95.890411 93.150685 58.904110 87.671233 97.260274 94.520548 88.888889 84.057971
cfa-mir-126  98.305085 100.000000 100.000000 100.000000 100.000000 45.762712 47.457627 79.661017 88.135593 100.000000 100.000000 89.830508 100.000000 100.000000 98.305085 100.000000 100.000000 53.448276 98.305085 54.237288 89.830508 100.000000 100.000000 100.000000 54.237288 98.305085 100.000000 100.000000 89.830508 96.610169
cgr-mir-126a 76.250000 95.890411 100.000000 100.000000 93.750000 41.250000 38.750000 68.750000 72.500000 91.780822 92.405063 87.301587 92.500000 86.250000 85.507246 91.250000 98.630137 53.448276 85.000000 50.649351 70.000000 86.250000 86.250000 97.260274 53.750000 81.250000 93.150685 92.500000 87.301587 84.057971
chi-mir-126  79.268293 98.630137 100.000000 93.750000 100.000000 40.740741 37.804878 62.195122 70.731707 97.260274 97.468354 88.888889 92.682927 92.682927 91.304348 95.121951 94.520548 53.448276 84.146341 49.350649 68.292683 93.827160 92.682927 93.150685 56.097561 89.024390 95.890411 92.682927 88.888889 84.057971
cin-mir-126  38.271605 42.465753 45.762712 41.250000 40.740741 100.000000 95.061728 46.913580 44.444444 45.205479 45.569620 50.793651 38.271605 39.506173 42.028986 43.209877 42.465753 53.448276 39.506173 42.857143 43.209877 39.506173 39.506173 42.465753 45.679012 46.913580 45.205479 39.506173 50.793651 46.376812
csa-mir-126  34.831461 42.465753 47.457627 38.750000 37.804878 95.061728 100.000000 40.594059 33.663366 45.205479 43.037975 50.793651 36.904762 41.176471 43.478261 41.176471 42.465753 53.448276 31.683168 42.857143 36.633663 39.506173 41.666667 42.465753 39.603960 37.623762 45.205479 28.712871 50.793651 43.478261
dre-mir-126a 64.044944 72.602740 79.661017 68.750000 62.195122 46.913580 40.594059 100.000000 65.346535 69.863014 64.556962 80.952381 66.666667 60.000000 68.115942 60.000000 72.602740 48.275862 51.485149 45.454545 62.376238 62.962963 60.714286 72.602740 36.633663 49.504950 72.602740 58.415842 80.952381 71.014493
dre-mir-126b 69.662921 82.191781 88.135593 72.500000 70.731707 44.444444 33.663366 65.346535 100.000000 79.452055 73.417722 95.238095 72.619048 70.588235 78.260870 68.235294 76.712329 58.620690 53.398058 49.350649 76.699029 71.604938 71.428571 76.712329 50.485437 56.310680 82.191781 60.194175 95.238095 76.811594
eca-mir-126  84.931507 95.890411 100.000000 91.780822 97.260274 45.205479 45.205479 69.863014 79.452055 100.000000 100.000000 88.888889 91.780822 98.630137 91.304348 94.520548 91.780822 53.448276 82.191781 49.315068 76.712329 98.630137 98.630137 90.410959 54.794521 90.410959 98.630137 91.780822 88.888889 84.057971
efu-mir-126  81.012658 95.890411 100.000000 92.405063 97.468354 45.569620 43.037975 64.556962 73.417722 100.000000 100.000000 88.888889 91.139241 93.670886 91.304348 93.670886 91.780822 53.448276 86.075949 49.350649 70.886076 93.670886 93.670886 90.410959 50.632911 89.873418 98.630137 91.139241 88.888889 84.057971
fru-mir-126  92.063492 88.888889 89.830508 87.301587 88.888889 50.793651 50.793651 80.952381 95.238095 88.888889 88.888889 100.000000 92.063492 88.888889 85.714286 87.301587 87.301587 60.344828 85.714286 53.968254 98.412698 88.888889 88.888889 87.301587 57.142857 85.714286 88.888889 92.063492 100.000000 82.539683
gga-mir-126  83.333333 94.520548 100.000000 92.500000 92.682927 38.271605 36.904762 66.666667 72.619048 91.780822 91.139241 92.063492 100.000000 89.285714 88.405797 92.857143 93.150685 53.448276 86.904762 54.545455 71.428571 88.888889 89.285714 91.780822 57.142857 84.523810 93.150685 96.428571 92.063492 84.057971
hsa-mir-126  77.647059 95.890411 100.000000 86.250000 92.682927 39.506173 41.176471 60.000000 70.588235 98.630137 93.670886 88.888889 89.285714 100.000000 91.304348 95.294118 91.780822 53.448276 81.176471 46.753247 68.235294 100.000000 100.000000 90.410959 58.823529 85.882353 97.260274 85.882353 88.888889 84.057971
mdo-mir-126  86.956522 89.855072 98.305085 85.507246 91.304348 42.028986 43.478261 68.115942 78.260870 91.304348 91.304348 85.714286 88.405797 91.304348 100.000000 89.855072 85.507246 53.448276 84.057971 49.275362 78.260870 91.304348 91.304348 84.057971 49.275362 100.000000 89.855072 88.405797 85.714286 85.507246
mml-mir-126  80.000000 97.260274 100.000000 91.250000 95.121951 43.209877 41.176471 60.000000 68.235294 94.520548 93.670886 87.301587 92.857143 95.294118 89.855072 100.000000 91.780822 53.448276 80.000000 50.649351 68.235294 96.296296 95.238095 90.410959 57.647059 87.058824 95.890411 90.588235 87.301587 84.057971
mmu-mir-126a 80.821918 94.520548 100.000000 98.630137 94.520548 42.465753 42.465753 72.602740 76.712329 91.780822 91.780822 87.301587 93.150685 91.780822 85.507246 91.780822 100.000000 53.448276 87.671233 49.315068 72.602740 91.780822 91.780822 98.630137 57.534247 83.561644 91.780822 93.150685 87.301587 84.057971
mmu-mir-126b 53.448276 53.448276 53.448276 53.448276 53.448276 53.448276 53.448276 48.275862 58.620690 53.448276 53.448276 60.344828 53.448276 53.448276 53.448276 53.448276 53.448276 100.000000 53.448276 94.827586 60.344828 53.448276 53.448276 53.448276 100.000000 53.448276 53.448276 53.448276 60.344828 53.448276
oan-mir-126  70.786517 82.191781 98.305085 85.000000 84.146341 39.506173 31.683168 51.485149 53.398058 82.191781 86.075949 85.714286 86.904762 81.176471 84.057971 80.000000 87.671233 53.448276 100.000000 44.155844 58.653846 81.481481 82.142857 89.041096 40.909091 68.181818 82.191781 67.272727 85.714286 82.608696
oha-mir-126  53.246753 50.684932 54.237288 50.649351 49.350649 42.857143 42.857143 45.454545 49.350649 49.315068 49.350649 53.968254 54.545455 46.753247 49.275362 50.649351 49.315068 94.827586 44.155844 100.000000 48.051948 46.753247 46.753247 46.575342 85.714286 49.350649 50.684932 53.246753 53.968254 50.724638
ola-mir-126  70.786517 80.821918 89.830508 70.000000 68.292683 43.209877 36.633663 62.376238 76.699029 76.712329 70.886076 98.412698 71.428571 68.235294 78.260870 68.235294 72.602740 60.344828 58.653846 48.051948 100.000000 69.135802 69.047619 72.602740 48.076923 52.884615 80.821918 60.576923 98.412698 81.159420
ppy-mir-126  81.481481 95.890411 100.000000 86.250000 93.827160 39.506173 39.506173 62.962963 71.604938 98.630137 93.670886 88.888889 88.888889 100.000000 91.304348 96.296296 91.780822 53.448276 81.481481 46.753247 69.135802 100.000000 98.765432 90.410959 55.555556 87.654321 97.260274 90.123457 88.888889 84.057971
ptr-mir-126  77.380952 95.890411 100.000000 86.250000 92.682927 39.506173 41.666667 60.714286 71.428571 98.630137 93.670886 88.888889 89.285714 100.000000 91.304348 95.238095 91.780822 53.448276 82.142857 46.753247 69.047619 98.765432 100.000000 90.410959 58.333333 85.714286 97.260274 85.714286 88.888889 84.057971
rno-mir-126a 79.452055 93.150685 100.000000 97.260274 93.150685 42.465753 42.465753 72.602740 76.712329 90.410959 90.410959 87.301587 91.780822 90.410959 84.057971 90.410959 98.630137 53.448276 89.041096 46.575342 72.602740 90.410959 90.410959 100.000000 54.794521 82.191781 90.410959 91.780822 87.301587 82.608696
rno-mir-126b 48.314607 58.904110 54.237288 53.750000 56.097561 45.679012 39.603960 36.633663 50.485437 54.794521 50.632911 57.142857 57.142857 58.823529 49.275362 57.647059 57.534247 100.000000 40.909091 85.714286 48.076923 55.555556 58.333333 54.794521 100.000000 41.525424 56.164384 42.372881 57.142857 50.724638
sha-mir-126  74.157303 87.671233 98.305085 81.250000 89.024390 46.913580 37.623762 49.504950 56.310680 90.410959 89.873418 85.714286 84.523810 85.882353 100.000000 87.058824 83.561644 53.448276 68.181818 49.350649 52.884615 87.654321 85.714286 82.191781 41.525424 100.000000 89.041096 62.121212 85.714286 85.507246
ssc-mir-126  87.671233 97.260274 100.000000 93.150685 95.890411 45.205479 45.205479 72.602740 82.191781 98.630137 98.630137 88.888889 93.150685 97.260274 89.855072 95.890411 91.780822 53.448276 82.191781 50.684932 80.821918 97.260274 97.260274 90.410959 56.164384 89.041096 100.000000 93.150685 88.888889 84.057971
tgu-mir-126  79.775281 94.520548 100.000000 92.500000 92.682927 39.506173 28.712871 58.415842 60.194175 91.780822 91.139241 92.063492 96.428571 85.882353 88.405797 90.588235 93.150685 53.448276 67.272727 53.246753 60.576923 90.123457 85.714286 91.780822 42.372881 62.121212 93.150685 100.000000 92.063492 84.057971
tni-mir-126  92.063492 88.888889 89.830508 87.301587 88.888889 50.793651 50.793651 80.952381 95.238095 88.888889 88.888889 100.000000 92.063492 88.888889 85.714286 87.301587 87.301587 60.344828 85.714286 53.968254 98.412698 88.888889 88.888889 87.301587 57.142857 85.714286 88.888889 92.063492 100.000000 82.539683
xtr-mir-126  89.855072 84.057971 96.610169 84.057971 84.057971 46.376812 43.478261 71.014493 76.811594 84.057971 84.057971 82.539683 84.057971 84.057971 85.507246 84.057971 84.057971 53.448276 82.608696 50.724638 81.159420 84.057971 84.057971 82.608696 50.724638 85.507246 84.057971 84.057971 82.539683 100.000000
