24
aca-mir-139 100.000000 76.470588 77.192982 73.076923 76.811594 76.190476 69.230769 69.230769 77.941176 88.405797 77.941176 77.941176 62.820513 89.610390 79.487179 77.941176 77.941176 77.611940 77.941176 84.615385 77.941176 77.966102 89.743590 82.089552
bta-mir-139 76.470588 100.000000 96.491228 97.058824 72.058824 98.412698 98.529412 98.529412 98.529412 77.941176 98.529412 98.529412 69.117647 77.941176 73.529412 98.529412 98.529412 98.507463 98.529412 82.352941 98.529412 96.610169 79.411765 68.656716
cfa-mir-139 77.192982 96.491228 100.000000 96.491228 68.421053 98.245614 96.491228 96.491228 96.491228 78.947368 96.491228 96.491228 71.929825 78.947368 73.684211 96.491228 96.491228 96.491228 96.491228 82.456140 96.491228 94.736842 80.701754 66.666667
cgr-mir-139 73.076923 97.058824 96.491228 100.000000 69.565217 96.825397 98.717949 98.717949 98.529412 84.057971 98.529412 98.529412 65.384615 74.025974 69.230769 98.529412 98.529412 98.507463 98.529412 84.615385 98.529412 98.305085 74.358974 73.134328
dre-mir-139 76.811594 72.058824 68.421053 69.565217 100.000000 68.253968 72.463768 72.463768 73.529412 79.710145 73.529412 73.529412 60.869565 71.014493 73.913043 73.529412 73.529412 73.134328 73.529412 76.811594 73.529412 64.406780 76.811594 76.119403
eca-mir-139 76.190476 98.412698 98.245614 96.825397 68.253968 100.000000 96.825397 96.825397 96.825397 77.777778 96.825397 96.825397 69.841270 77.777778 73.015873 96.825397 96.825397 96.825397 96.825397 80.952381 96.825397 96.610169 79.365079 66.666667
efu-mir-139 69.230769 98.529412 96.491228 98.717949 72.463768 96.825397 100.000000 100.000000 100.000000 81.159420 100.000000 100.000000 64.556962 71.428571 68.354430 100.000000 100.000000 100.000000 100.000000 81.012658 100.000000 96.610169 70.886076 70.149254
ggo-mir-139 69.230769 98.529412 96.491228 98.717949 72.463768 96.825397 100.000000 100.000000 100.000000 81.159420 100.000000 100.000000 65.517241 71.428571 60.606061 100.000000 100.000000 100.000000 100.000000 66.964286 100.000000 96.610169 72.941176 70.149254
hsa-mir-139 77.941176 98.529412 96.491228 98.529412 73.529412 96.825397 100.000000 100.000000 100.000000 79.411765 100.000000 100.000000 69.117647 79.411765 75.000000 100.000000 100.000000 100.000000 100.000000 83.823529 100.000000 96.610169 80.882353 70.149254
mdo-mir-139 88.405797 77.941176 78.947368 84.057971 79.710145 77.777778 81.159420 81.159420 79.411765 100.000000 79.411765 79.411765 72.463768 88.405797 72.463768 79.411765 79.411765 79.104478 79.411765 98.550725 79.411765 77.966102 91.304348 85.074627
mml-mir-139 77.941176 98.529412 96.491228 98.529412 73.529412 96.825397 100.000000 100.000000 100.000000 79.411765 100.000000 100.000000 69.117647 79.411765 75.000000 100.000000 100.000000 100.000000 100.000000 83.823529 100.000000 96.610169 80.882353 70.149254
mmu-mir-139 77.941176 98.529412 96.491228 98.529412 73.529412 96.825397 100.000000 100.000000 100.000000 79.411765 100.000000 100.000000 69.117647 79.411765 75.000000 100.000000 100.000000 100.000000 100.000000 83.823529 100.000000 96.610169 80.882353 70.149254
oan-mir-139 62.820513 69.117647 71.929825 65.384615 60.869565 69.841270 64.556962 65.517241 69.117647 72.463768 69.117647 69.117647 100.000000 68.831169 57.471264 69.117647 69.117647 70.149254 69.117647 73.563218 69.117647 69.491525 63.529412 68.656716
oha-mir-139 89.610390 77.941176 78.947368 74.025974 71.014493 77.777778 71.428571 71.428571 79.411765 88.405797 79.411765 79.411765 68.831169 100.000000 76.623377 79.411765 79.411765 79.104478 79.411765 87.012987 79.411765 77.966102 87.012987 79.104478
ola-mir-139 79.487179 73.529412 73.684211 69.230769 73.913043 73.015873 68.354430 60.606061 75.000000 72.463768 75.000000 75.000000 57.471264 76.623377 100.000000 75.000000 75.000000 74.626866 75.000000 65.656566 75.000000 69.491525 76.470588 73.134328
ppa-mir-139 77.941176 98.529412 96.491228 98.529412 73.529412 96.825397 100.000000 100.000000 100.000000 79.411765 100.000000 100.000000 69.117647 79.411765 75.000000 100.000000 100.000000 100.000000 100.000000 83.823529 100.000000 96.610169 80.882353 70.149254
ppy-mir-139 77.941176 98.529412 96.491228 98.529412 73.529412 96.825397 100.000000 100.000000 100.000000 79.411765 100.000000 100.000000 69.117647 79.411765 75.000000 100.000000 100.000000 100.000000 100.000000 83.823529 100.000000 96.610169 80.882353 70.149254
ptr-mir-139 77.611940 98.507463 96.491228 98.507463 73.134328 96.825397 100.000000 100.000000 100.000000 79.104478 100.000000 100.000000 70.149254 79.104478 74.626866 100.000000 100.000000 100.000000 100.000000 83.582090 100.000000 96.610169 80.597015 68.656716
rno-mir-139 77.941176 98.529412 96.491228 98.529412 73.529412 96.825397 100.000000 100.000000 100.000000 79.411765 100.000000 100.000000 69.117647 79.411765 75.000000 100.000000 100.000000 100.000000 100.000000 83.823529 100.000000 96.610169 80.882353 70.149254
sha-mir-139 84.615385 82.352941 82.456140 84.615385 76.811594 80.952381 81.012658 66.964286 83.823529 98.550725 83.823529 83.823529 73.563218 87.012987 65.656566 83.823529 83.823529 83.582090 83.823529 100.000000 83.823529 81.355932 89.411765 83.582090
ssc-mir-139 77.941176 98.529412 96.491228 98.529412 73.529412 96.825397 100.000000 100.000000 100.000000 79.411765 100.000000 100.000000 69.117647 79.411765 75.000000 100.000000 100.000000 100.000000 100.000000 83.823529 100.000000 96.610169 80.882353 70.149254
tch-mir-139 77.966102 96.610169 94.736842 98.305085 64.406780 96.610169 96.610169 96.610169 96.610169 77.966102 96.610169 96.610169 69.491525 77.966102 69.491525 96.610169 96.610169 96.610169 96.610169 81.355932 96.610169 100.000000 79.661017 66.101695
tgu-mir-139 89.743590 79.411765 80.701754 74.358974 76.811594 79.365079 70.886076 72.941176 80.882353 91.304348 80.882353 80.882353 63.529412 87.012987 76.470588 80.882353 80.882353 80.597015 80.882353 89.411765 80.882353 79.661017 100.000000 79.104478
xtr-mir-139 82.089552 68.656716 66.666667 73.134328 76.119403 66.666667 70.149254 70.149254 70.149254 85.074627 70.149254 70.149254 68.656716 79.104478 73.134328 70.149254 70.149254 68.656716 70.149254 83.582090 70.149254 66.101695 79.104478 100.000000
