10
bta-mir-448 100.000000 90.909091 92.660550 88.181818 87.387387 86.486486 90.090090 87.387387 86.363636 91.891892
cfa-mir-448 90.909091 100.000000 89.908257 88.181818 88.181818 90.000000 86.363636 88.181818 86.363636 88.181818
eca-mir-448 92.660550 89.908257 100.000000 88.990826 88.990826 88.073394 90.825688 88.990826 87.155963 92.660550
ggo-mir-448 88.181818 88.181818 88.990826 100.000000 100.000000 93.636364 89.090909 100.000000 99.090909 90.909091
hsa-mir-448 87.387387 88.181818 88.990826 100.000000 100.000000 93.693694 89.189189 100.000000 100.000000 90.990991
mml-mir-448 86.486486 90.000000 88.073394 93.636364 93.693694 100.000000 88.288288 93.693694 93.636364 90.090090
mmu-mir-448 90.090090 86.363636 90.825688 89.090909 89.189189 88.288288 100.000000 89.189189 90.000000 98.214286
ppy-mir-448 87.387387 88.181818 88.990826 100.000000 100.000000 93.693694 89.189189 100.000000 100.000000 90.990991
ptr-mir-448 86.363636 86.363636 87.155963 99.090909 100.000000 93.636364 90.000000 100.000000 100.000000 91.818182
rno-mir-448 91.891892 88.181818 92.660550 90.909091 90.990991 90.090090 98.214286 90.990991 91.818182 100.000000
