10
bta-mir-484 100.000000 84.126984 90.476190 90.476190 90.476190 74.603175 90.476190 90.476190 50.793651 92.063492
cgr-mir-484 84.126984 100.000000 87.323944 83.098592 84.126984 79.104478 83.098592 81.690141 56.338028 74.647887
ggo-mir-484 90.476190 87.323944 100.000000 100.000000 100.000000 73.134328 100.000000 100.000000 62.337662 85.542169
hsa-mir-484 90.476190 83.098592 100.000000 100.000000 100.000000 73.134328 100.000000 100.000000 45.454545 88.607595
mml-mir-484 90.476190 84.126984 100.000000 100.000000 100.000000 73.015873 100.000000 100.000000 47.619048 93.650794
mmu-mir-484 74.603175 79.104478 73.134328 73.134328 73.015873 100.000000 73.134328 73.134328 53.731343 70.149254
ppy-mir-484 90.476190 83.098592 100.000000 100.000000 100.000000 73.134328 100.000000 100.000000 45.454545 88.607595
ptr-mir-484 90.476190 81.690141 100.000000 100.000000 100.000000 73.134328 100.000000 100.000000 45.454545 89.743590
rno-mir-484 50.793651 56.338028 62.337662 45.454545 47.619048 53.731343 45.454545 45.454545 100.000000 41.558442
ssc-mir-484 92.063492 74.647887 85.542169 88.607595 93.650794 70.149254 88.607595 89.743590 41.558442 100.000000
