25
aca-mir-223 100.000000 50.537634 56.989247 51.612903 43.010753 56.989247 57.647059 49.438202 56.989247 56.989247 56.989247 54.838710 59.139785 53.763441 56.989247 60.759494 48.387097 56.989247 59.139785 56.989247 53.763441 63.380282 52.941176 52.325581 54.651163
bta-mir-223 50.537634 100.000000 83.495146 97.196262 50.505051 88.461538 87.058824 60.674157 76.000000 87.962963 87.962963 81.481481 88.888889 82.407407 69.444444 81.012658 60.606061 87.962963 86.111111 87.962963 80.555556 80.281690 65.882353 70.930233 73.255814
cfa-mir-223 56.989247 83.495146 100.000000 80.582524 55.555556 95.145631 94.117647 66.292135 83.000000 97.087379 97.087379 85.436893 94.174757 89.320388 70.873786 77.215190 67.676768 97.087379 97.087379 97.087379 89.320388 84.507042 72.941176 82.558140 84.883721
chi-mir-223 51.612903 97.196262 80.582524 100.000000 50.505051 86.538462 87.058824 60.674157 75.000000 85.981308 85.981308 79.439252 87.850467 82.242991 69.158879 83.544304 60.606061 85.981308 84.112150 85.981308 80.373832 80.281690 65.882353 70.930233 73.255814
dre-mir-223 43.010753 50.505051 55.555556 50.505051 100.000000 53.535354 60.000000 66.292135 56.565657 55.555556 55.555556 56.565657 51.515152 51.515152 48.484848 50.632911 60.606061 55.555556 53.535354 55.555556 52.525253 64.788732 75.294118 61.627907 63.953488
eca-mir-223 56.989247 88.461538 95.145631 86.538462 53.535354 100.000000 97.647059 64.044944 81.000000 97.115385 97.115385 87.500000 96.153846 88.461538 74.038462 77.215190 66.666667 97.115385 95.192308 97.115385 88.461538 84.507042 70.588235 80.232558 82.558140
efu-mir-223 57.647059 87.058824 94.117647 87.058824 60.000000 97.647059 100.000000 67.058824 83.529412 97.647059 97.647059 94.117647 97.647059 91.764706 88.235294 75.949367 77.647059 97.647059 95.294118 97.647059 90.588235 84.507042 70.588235 78.823529 80.000000
fru-mir-223 49.438202 60.674157 66.292135 60.674157 66.292135 64.044944 67.058824 100.000000 71.910112 64.044944 64.044944 69.662921 64.044944 65.168539 58.426966 60.759494 83.146067 64.044944 64.044944 64.044944 65.168539 71.830986 83.529412 70.930233 70.930233
gga-mir-223 56.989247 76.000000 83.000000 75.000000 56.565657 81.000000 83.529412 71.910112 100.000000 84.000000 84.000000 84.000000 85.000000 82.000000 73.000000 81.012658 69.696970 84.000000 86.000000 84.000000 83.000000 88.732394 77.647059 88.372093 87.209302
ggo-mir-223 56.989247 87.962963 97.087379 85.981308 55.555556 97.115385 97.647059 64.044944 84.000000 100.000000 100.000000 83.636364 97.272727 90.909091 71.818182 77.215190 67.676768 100.000000 98.181818 100.000000 91.818182 84.507042 70.588235 80.232558 82.558140
hsa-mir-223 56.989247 87.962963 97.087379 85.981308 55.555556 97.115385 97.647059 64.044944 84.000000 100.000000 100.000000 83.636364 97.272727 90.909091 71.818182 77.215190 67.676768 100.000000 98.181818 100.000000 91.818182 84.507042 70.588235 80.232558 82.558140
mdo-mir-223 54.838710 81.481481 85.436893 79.439252 56.565657 87.500000 94.117647 69.662921 84.000000 83.636364 83.636364 100.000000 86.363636 81.818182 68.468468 77.215190 69.696970 83.636364 83.636364 83.636364 80.000000 85.915493 81.176471 83.720930 83.720930
mml-mir-223 59.139785 88.888889 94.174757 87.850467 51.515152 96.153846 97.647059 64.044944 85.000000 97.272727 97.272727 86.363636 100.000000 89.090909 72.727273 79.746835 65.656566 97.272727 97.272727 97.272727 90.000000 85.915493 72.941176 80.232558 80.232558
mmu-mir-223 53.763441 82.407407 89.320388 82.242991 51.515152 88.461538 91.764706 65.168539 82.000000 90.909091 90.909091 81.818182 89.090909 100.000000 67.272727 75.949367 63.636364 90.909091 90.909091 90.909091 97.272727 84.507042 74.117647 80.232558 80.232558
oan-mir-223 56.989247 69.444444 70.873786 69.158879 48.484848 74.038462 88.235294 58.426966 73.000000 71.818182 71.818182 68.468468 72.727273 67.272727 100.000000 75.949367 60.606061 71.818182 71.818182 71.818182 68.181818 84.507042 67.058824 75.581395 75.581395
oha-mir-223 60.759494 81.012658 77.215190 83.544304 50.632911 77.215190 75.949367 60.759494 81.012658 77.215190 77.215190 77.215190 79.746835 75.949367 75.949367 100.000000 68.354430 77.215190 78.481013 77.215190 75.949367 80.281690 68.354430 74.683544 73.417722
ola-mir-223 48.387097 60.606061 67.676768 60.606061 60.606061 66.666667 77.647059 83.146067 69.696970 67.676768 67.676768 69.696970 65.656566 63.636364 60.606061 68.354430 100.000000 67.676768 64.646465 67.676768 63.636364 76.056338 90.588235 74.418605 76.744186
ppa-mir-223 56.989247 87.962963 97.087379 85.981308 55.555556 97.115385 97.647059 64.044944 84.000000 100.000000 100.000000 83.636364 97.272727 90.909091 71.818182 77.215190 67.676768 100.000000 98.181818 100.000000 91.818182 84.507042 70.588235 80.232558 82.558140
ppy-mir-223 59.139785 86.111111 97.087379 84.112150 53.535354 95.192308 95.294118 64.044944 86.000000 98.181818 98.181818 83.636364 97.272727 90.909091 71.818182 78.481013 64.646465 98.181818 100.000000 98.181818 91.818182 85.915493 72.941176 81.395349 81.395349
ptr-mir-223 56.989247 87.962963 97.087379 85.981308 55.555556 97.115385 97.647059 64.044944 84.000000 100.000000 100.000000 83.636364 97.272727 90.909091 71.818182 77.215190 67.676768 100.000000 98.181818 100.000000 91.818182 84.507042 70.588235 80.232558 82.558140
rno-mir-223 53.763441 80.555556 89.320388 80.373832 52.525253 88.461538 90.588235 65.168539 83.000000 91.818182 91.818182 80.000000 90.000000 97.272727 68.181818 75.949367 63.636364 91.818182 91.818182 91.818182 100.000000 84.507042 74.117647 80.232558 80.232558
tgu-mir-223 63.380282 80.281690 84.507042 80.281690 64.788732 84.507042 84.507042 71.830986 88.732394 84.507042 84.507042 85.915493 85.915493 84.507042 84.507042 80.281690 76.056338 84.507042 85.915493 84.507042 84.507042 100.000000 77.464789 90.140845 88.732394
tni-mir-223 52.941176 65.882353 72.941176 65.882353 75.294118 70.588235 70.588235 83.529412 77.647059 70.588235 70.588235 81.176471 72.941176 74.117647 67.058824 68.354430 90.588235 70.588235 72.941176 70.588235 74.117647 77.464789 100.000000 76.470588 74.117647
xla-mir-223 52.325581 70.930233 82.558140 70.930233 61.627907 80.232558 78.823529 70.930233 88.372093 80.232558 80.232558 83.720930 80.232558 80.232558 75.581395 74.683544 74.418605 80.232558 81.395349 80.232558 80.232558 90.140845 76.470588 100.000000 97.674419
xtr-mir-223 54.651163 73.255814 84.883721 73.255814 63.953488 82.558140 80.000000 70.930233 87.209302 82.558140 82.558140 83.720930 80.232558 80.232558 75.581395 73.417722 76.744186 82.558140 81.395349 82.558140 80.232558 88.732394 74.117647 97.674419 100.000000
