13
bta-mir-149 100.000000 87.951807 86.419753 94.382022 87.804878 90.000000 88.764045 92.134831 92.424242 92.941176 91.358025 86.516854 96.052632
cfa-mir-149 87.951807 100.000000 85.185185 91.566265 81.707317 91.566265 92.771084 91.566265 87.878788 91.566265 90.123457 89.156627 89.473684
cgr-mir-149 86.419753 85.185185 100.000000 90.123457 92.592593 90.123457 93.827160 91.358025 100.000000 91.358025 90.123457 100.000000 96.052632
eca-mir-149 94.382022 91.566265 90.123457 100.000000 92.682927 94.382022 93.258427 96.629213 96.969697 94.117647 95.061728 91.011236 100.000000
efu-mir-149 87.804878 81.707317 92.592593 92.682927 100.000000 91.463415 89.024390 91.463415 93.939394 89.024390 90.123457 92.682927 96.052632
ggo-mir-149 90.000000 91.566265 90.123457 94.382022 91.463415 100.000000 97.752809 96.629213 95.454545 96.470588 100.000000 91.011236 94.736842
hsa-mir-149 88.764045 92.771084 93.827160 93.258427 89.024390 97.752809 100.000000 96.629213 95.454545 97.647059 100.000000 94.382022 94.736842
mml-mir-149 92.134831 91.566265 91.358025 96.629213 91.463415 96.629213 96.629213 100.000000 96.969697 97.647059 97.530864 92.134831 97.368421
mmu-mir-149 92.424242 87.878788 100.000000 96.969697 93.939394 95.454545 95.454545 96.969697 100.000000 95.454545 95.454545 100.000000 96.969697
ppy-mir-149 92.941176 91.566265 91.358025 94.117647 89.024390 96.470588 97.647059 97.647059 95.454545 100.000000 97.530864 92.941176 94.736842
ptr-mir-149 91.358025 90.123457 90.123457 95.061728 90.123457 100.000000 100.000000 97.530864 95.454545 97.530864 100.000000 95.061728 94.736842
rno-mir-149 86.516854 89.156627 100.000000 91.011236 92.682927 91.011236 94.382022 92.134831 100.000000 92.941176 95.061728 100.000000 96.052632
ssc-mir-149 96.052632 89.473684 96.052632 100.000000 96.052632 94.736842 94.736842 97.368421 96.969697 94.736842 94.736842 96.052632 100.000000
