20
aca-mir-32   100.000000 88.235294 95.161290 94.117647 92.647059 94.117647 92.647059 92.647059 88.235294 92.647059 92.647059 92.647059 92.647059 92.647059 92.647059 92.647059 92.647059 94.117647 95.161290 86.764706
bta-mir-32   88.235294 100.000000 95.161290 95.714286 94.285714 92.857143 94.285714 94.285714 92.753623 94.285714 94.285714 91.428571 91.428571 94.285714 94.285714 94.285714 90.000000 95.714286 95.161290 84.285714
cfa-mir-32   95.161290 95.161290 100.000000 98.387097 96.774194 93.548387 100.000000 100.000000 90.322581 100.000000 100.000000 93.548387 96.774194 100.000000 100.000000 100.000000 100.000000 98.387097 100.000000 90.322581
cgr-mir-32   94.117647 95.714286 98.387097 100.000000 98.571429 97.142857 98.571429 98.571429 94.202899 98.571429 98.571429 95.061728 94.936709 98.571429 98.571429 98.571429 95.714286 100.000000 98.387097 94.366197
eca-mir-32   92.647059 94.285714 96.774194 98.571429 100.000000 95.714286 97.142857 97.142857 92.753623 97.142857 97.142857 94.285714 95.714286 97.142857 97.142857 97.142857 94.285714 98.571429 96.774194 90.000000
gga-mir-32   94.117647 92.857143 93.548387 97.142857 95.714286 100.000000 95.714286 95.714286 91.304348 95.714286 95.714286 95.714286 94.285714 95.714286 95.714286 95.714286 91.428571 97.142857 93.548387 91.428571
ggo-mir-32   92.647059 94.285714 100.000000 98.571429 97.142857 95.714286 100.000000 100.000000 91.304348 100.000000 100.000000 94.285714 95.714286 100.000000 100.000000 100.000000 97.142857 98.571429 100.000000 87.142857
hsa-mir-32   92.647059 94.285714 100.000000 98.571429 97.142857 95.714286 100.000000 100.000000 91.304348 100.000000 100.000000 94.285714 95.714286 100.000000 100.000000 100.000000 97.142857 98.571429 100.000000 87.142857
mdo-mir-32   88.235294 92.753623 90.322581 94.202899 92.753623 91.304348 91.304348 91.304348 100.000000 91.304348 91.304348 89.855072 95.652174 91.304348 91.304348 91.304348 86.956522 94.202899 90.322581 84.057971
mml-mir-32   92.647059 94.285714 100.000000 98.571429 97.142857 95.714286 100.000000 100.000000 91.304348 100.000000 100.000000 94.285714 95.714286 100.000000 100.000000 100.000000 97.142857 98.571429 100.000000 87.142857
mmu-mir-32   92.647059 94.285714 100.000000 98.571429 97.142857 95.714286 100.000000 100.000000 91.304348 100.000000 100.000000 94.285714 95.714286 100.000000 100.000000 100.000000 97.142857 98.571429 100.000000 87.142857
oan-mir-32   92.647059 91.428571 93.548387 95.061728 94.285714 95.714286 94.285714 94.285714 89.855072 94.285714 94.285714 100.000000 93.670886 94.285714 94.285714 94.285714 91.428571 95.714286 93.548387 92.957746
oha-mir-32-1 92.647059 91.428571 96.774194 94.936709 95.714286 94.285714 95.714286 95.714286 95.652174 95.714286 95.714286 93.670886 100.000000 95.714286 95.714286 95.714286 94.285714 97.142857 96.774194 91.549296
ppa-mir-32   92.647059 94.285714 100.000000 98.571429 97.142857 95.714286 100.000000 100.000000 91.304348 100.000000 100.000000 94.285714 95.714286 100.000000 100.000000 100.000000 97.142857 98.571429 100.000000 87.142857
ppy-mir-32   92.647059 94.285714 100.000000 98.571429 97.142857 95.714286 100.000000 100.000000 91.304348 100.000000 100.000000 94.285714 95.714286 100.000000 100.000000 100.000000 97.142857 98.571429 100.000000 87.142857
ptr-mir-32   92.647059 94.285714 100.000000 98.571429 97.142857 95.714286 100.000000 100.000000 91.304348 100.000000 100.000000 94.285714 95.714286 100.000000 100.000000 100.000000 97.142857 98.571429 100.000000 87.142857
rno-mir-32   92.647059 90.000000 100.000000 95.714286 94.285714 91.428571 97.142857 97.142857 86.956522 97.142857 97.142857 91.428571 94.285714 97.142857 97.142857 97.142857 100.000000 95.714286 100.000000 85.714286
ssc-mir-32   94.117647 95.714286 98.387097 100.000000 98.571429 97.142857 98.571429 98.571429 94.202899 98.571429 98.571429 95.714286 97.142857 98.571429 98.571429 98.571429 95.714286 100.000000 98.387097 88.571429
tch-mir-32   95.161290 95.161290 100.000000 98.387097 96.774194 93.548387 100.000000 100.000000 90.322581 100.000000 100.000000 93.548387 96.774194 100.000000 100.000000 100.000000 100.000000 98.387097 100.000000 90.322581
tgu-mir-32   86.764706 84.285714 90.322581 94.366197 90.000000 91.428571 87.142857 87.142857 84.057971 87.142857 87.142857 92.957746 91.549296 87.142857 87.142857 87.142857 85.714286 88.571429 90.322581 100.000000
