38
aca-mir-132   100.000000 31.313131 63.636364 37.373737 73.333333 50.000000 71.428571 43.939394 64.705882 51.515152 38.297872 71.212121 50.000000 71.794872 63.529412 38.947368 63.636364 37.373737 75.757576 36.263736 63.636364 37.373737 72.727273 38.461538 73.333333 35.353535 57.575758 48.421053 63.636364 63.636364 37.373737 71.794872 40.243902 55.208333 62.352941 38.947368 68.965517 39.583333
aca-mir-212   31.313131 100.000000 31.313131 64.646465 48.333333 69.354839 37.662338 71.212121 41.176471 33.333333 72.340426 43.939394 70.000000 37.179487 40.000000 72.631579 31.313131 64.646465 46.969697 70.329670 31.313131 64.646465 43.939394 70.329670 35.555556 64.646465 34.343434 42.105263 31.313131 31.313131 64.646465 37.179487 73.170732 34.375000 41.176471 73.684211 36.781609 69.791667
bta-mir-132   63.636364 31.313131 100.000000 38.613861 100.000000 46.774194 100.000000 40.909091 70.588235 55.445545 36.170213 98.484848 46.666667 100.000000 68.235294 35.789474 99.009901 38.613861 95.454545 39.560440 99.009901 38.613861 100.000000 38.461538 67.777778 33.663366 61.616162 54.736842 99.009901 98.019802 39.603960 100.000000 40.243902 60.416667 68.235294 35.789474 63.218391 32.291667
bta-mir-212   37.373737 64.646465 38.613861 100.000000 48.333333 100.000000 40.259740 100.000000 30.588235 39.639640 60.638298 46.969697 100.000000 39.743590 32.941176 67.368421 36.633663 93.636364 46.969697 98.901099 36.633663 92.727273 46.969697 98.901099 47.777778 64.150943 30.303030 41.052632 36.633663 38.613861 94.594595 39.743590 100.000000 34.375000 32.941176 71.578947 33.333333 60.416667
cfa-mir-132   73.333333 48.333333 100.000000 48.333333 100.000000 48.333333 100.000000 45.000000 78.333333 71.666667 53.333333 100.000000 46.666667 100.000000 76.666667 53.333333 98.333333 48.333333 95.000000 50.000000 98.333333 48.333333 100.000000 48.333333 73.333333 41.666667 78.333333 58.333333 98.333333 100.000000 48.333333 100.000000 48.333333 71.666667 76.666667 51.666667 73.333333 48.333333
cfa-mir-212   50.000000 69.354839 46.774194 100.000000 48.333333 100.000000 46.774194 91.935484 41.935484 54.838710 66.129032 46.774194 100.000000 46.774194 45.161290 72.580645 43.548387 100.000000 46.774194 98.387097 43.548387 98.387097 46.774194 98.387097 54.838710 72.580645 45.161290 50.000000 43.548387 46.774194 100.000000 46.774194 100.000000 43.548387 45.161290 75.806452 43.548387 64.516129
cgr-mir-132   71.428571 37.662338 100.000000 40.259740 100.000000 46.774194 100.000000 40.909091 74.025974 66.233766 44.155844 98.484848 46.666667 100.000000 71.428571 44.155844 98.701299 40.259740 95.454545 41.558442 98.701299 40.259740 100.000000 40.259740 70.129870 35.064935 72.727273 62.337662 98.701299 100.000000 40.259740 100.000000 40.259740 64.935065 71.428571 44.155844 67.532468 40.259740
cgr-mir-212   43.939394 71.212121 40.909091 100.000000 45.000000 91.935484 40.909091 100.000000 36.363636 48.484848 60.606061 40.909091 93.333333 40.909091 39.393939 69.696970 37.878788 100.000000 40.909091 98.484848 37.878788 98.484848 40.909091 98.484848 48.484848 63.636364 39.393939 40.909091 37.878788 40.909091 100.000000 40.909091 100.000000 40.909091 39.393939 72.727273 37.878788 65.151515
dre-mir-132-1 64.705882 41.176471 70.588235 30.588235 78.333333 41.935484 74.025974 36.363636 100.000000 71.764706 43.529412 71.212121 41.666667 74.358974 85.882353 42.352941 70.588235 30.588235 75.757576 30.588235 70.588235 30.588235 75.757576 32.941176 62.352941 41.176471 88.235294 52.941176 70.588235 70.588235 30.588235 74.358974 31.707317 55.294118 84.705882 41.176471 68.235294 42.352941
dre-mir-132-2 51.515152 33.333333 55.445545 39.639640 71.666667 54.838710 66.233766 48.484848 71.764706 100.000000 35.106383 66.666667 55.000000 66.666667 78.823529 36.842105 55.445545 34.545455 66.666667 40.659341 55.445545 34.545455 66.666667 39.560440 70.000000 36.792453 70.707071 46.315789 55.445545 53.465347 36.936937 66.666667 43.902439 55.208333 76.470588 38.947368 68.965517 38.541667
dre-mir-212   38.297872 72.340426 36.170213 60.638298 53.333333 66.129032 44.155844 60.606061 43.529412 35.106383 100.000000 48.484848 66.666667 43.589744 44.705882 85.106383 36.170213 60.638298 48.484848 62.637363 36.170213 60.638298 48.484848 64.835165 38.888889 75.531915 36.170213 41.489362 36.170213 36.170213 60.638298 43.589744 63.414634 31.914894 44.705882 86.170213 40.229885 78.723404
eca-mir-132   71.212121 43.939394 98.484848 46.969697 100.000000 46.774194 98.484848 40.909091 71.212121 66.666667 48.484848 100.000000 46.666667 98.484848 69.696970 48.484848 96.969697 46.969697 93.939394 48.484848 96.969697 46.969697 98.484848 46.969697 74.242424 40.909091 71.212121 60.606061 96.969697 98.484848 46.969697 98.484848 46.969697 69.696970 69.696970 46.969697 71.212121 43.939394
eca-mir-212   50.000000 70.000000 46.666667 100.000000 46.666667 100.000000 46.666667 93.333333 41.666667 55.000000 66.666667 46.666667 100.000000 46.666667 45.000000 73.333333 43.333333 100.000000 46.666667 98.333333 43.333333 98.333333 46.666667 98.333333 55.000000 71.666667 45.000000 48.333333 43.333333 46.666667 100.000000 46.666667 100.000000 43.333333 45.000000 76.666667 43.333333 65.000000
efu-mir-132   71.794872 37.179487 100.000000 39.743590 100.000000 46.774194 100.000000 40.909091 74.358974 66.666667 43.589744 98.484848 46.666667 100.000000 71.794872 43.589744 98.717949 39.743590 95.454545 41.025641 98.717949 39.743590 100.000000 39.743590 70.512821 35.897436 73.076923 61.538462 98.717949 100.000000 39.743590 100.000000 39.743590 64.102564 71.794872 43.589744 67.948718 39.743590
fru-mir-132   63.529412 40.000000 68.235294 32.941176 76.666667 45.161290 71.428571 39.393939 85.882353 78.823529 44.705882 69.696970 45.000000 71.794872 100.000000 44.705882 69.411765 32.941176 75.757576 35.294118 69.411765 32.941176 72.727273 32.941176 63.529412 42.352941 96.470588 54.117647 69.411765 68.235294 32.941176 71.794872 34.146341 57.647059 98.823529 43.529412 71.764706 44.705882
fru-mir-212   38.947368 72.631579 35.789474 67.368421 53.333333 72.580645 44.155844 69.696970 42.352941 36.842105 85.106383 48.484848 73.333333 43.589744 44.705882 100.000000 33.684211 67.368421 46.969697 68.131868 33.684211 67.368421 48.484848 70.329670 35.555556 68.421053 40.000000 38.947368 33.684211 35.789474 67.368421 43.589744 73.170732 31.578947 44.705882 94.736842 42.528736 81.052632
hsa-mir-132   63.636364 31.313131 99.009901 36.633663 98.333333 43.548387 98.701299 37.878788 70.588235 55.445545 36.170213 96.969697 43.333333 98.717949 69.411765 33.684211 100.000000 36.633663 93.939394 38.461538 100.000000 36.633663 98.484848 36.263736 68.888889 34.653465 60.606061 54.736842 100.000000 97.029703 37.623762 98.717949 37.804878 60.416667 69.411765 33.684211 63.218391 34.375000
hsa-mir-212   37.373737 64.646465 38.613861 93.636364 48.333333 100.000000 40.259740 100.000000 30.588235 34.545455 60.638298 46.969697 100.000000 39.743590 32.941176 67.368421 36.633663 100.000000 46.969697 97.802198 36.633663 99.090909 46.969697 97.802198 46.666667 64.150943 30.303030 38.947368 36.633663 38.613861 94.545455 39.743590 100.000000 35.416667 32.941176 71.578947 33.333333 60.416667
mdo-mir-132   75.757576 46.969697 95.454545 46.969697 95.000000 46.774194 95.454545 40.909091 75.757576 66.666667 48.484848 93.939394 46.666667 95.454545 75.757576 46.969697 93.939394 46.969697 100.000000 48.484848 93.939394 46.969697 95.454545 46.969697 78.787879 42.424242 75.757576 60.606061 93.939394 95.454545 46.969697 95.454545 46.969697 74.242424 75.757576 45.454545 75.757576 43.939394
mdo-mir-212   36.263736 70.329670 39.560440 98.901099 50.000000 98.387097 41.558442 98.484848 30.588235 40.659341 62.637363 48.484848 98.333333 41.025641 35.294118 68.131868 38.461538 97.802198 48.484848 100.000000 38.461538 96.703297 48.484848 97.802198 40.000000 69.230769 32.967033 43.956044 38.461538 39.560440 98.901099 41.025641 98.780488 34.065934 35.294118 72.527473 34.482759 63.736264
mml-mir-132   63.636364 31.313131 99.009901 36.633663 98.333333 43.548387 98.701299 37.878788 70.588235 55.445545 36.170213 96.969697 43.333333 98.717949 69.411765 33.684211 100.000000 36.633663 93.939394 38.461538 100.000000 36.633663 98.484848 36.263736 68.888889 34.653465 60.606061 54.736842 100.000000 97.029703 37.623762 98.717949 37.804878 60.416667 69.411765 33.684211 63.218391 34.375000
mml-mir-212   37.373737 64.646465 38.613861 92.727273 48.333333 98.387097 40.259740 98.484848 30.588235 34.545455 60.638298 46.969697 98.333333 39.743590 32.941176 67.368421 36.633663 99.090909 46.969697 96.703297 36.633663 100.000000 46.969697 96.703297 46.666667 64.150943 30.303030 37.894737 36.633663 38.613861 93.636364 39.743590 98.780488 35.416667 32.941176 71.578947 33.333333 60.416667
mmu-mir-132   72.727273 43.939394 100.000000 46.969697 100.000000 46.774194 100.000000 40.909091 75.757576 66.666667 48.484848 98.484848 46.666667 100.000000 72.727273 48.484848 98.484848 46.969697 95.454545 48.484848 98.484848 46.969697 100.000000 46.969697 75.757576 40.909091 74.242424 63.636364 98.484848 100.000000 46.969697 100.000000 46.969697 72.727273 72.727273 46.969697 72.727273 43.939394
mmu-mir-212   38.461538 70.329670 38.461538 98.901099 48.333333 98.387097 40.259740 98.484848 32.941176 39.560440 64.835165 46.969697 98.333333 39.743590 32.941176 70.329670 36.263736 97.802198 46.969697 97.802198 36.263736 96.703297 46.969697 100.000000 40.000000 69.230769 30.769231 41.758242 36.263736 38.461538 98.901099 39.743590 98.780488 34.065934 32.941176 72.527473 33.333333 65.934066
oha-mir-132   73.333333 35.555556 67.777778 47.777778 73.333333 54.838710 70.129870 48.484848 62.352941 70.000000 38.888889 74.242424 55.000000 70.512821 63.529412 35.555556 68.888889 46.666667 78.787879 40.000000 68.888889 46.666667 75.757576 40.000000 100.000000 42.222222 65.555556 57.777778 68.888889 67.777778 44.444444 70.512821 43.902439 70.000000 62.352941 37.777778 70.114943 42.222222
oha-mir-212   35.353535 64.646465 33.663366 64.150943 41.666667 72.580645 35.064935 63.636364 41.176471 36.792453 75.531915 40.909091 71.666667 35.897436 42.352941 68.421053 34.653465 64.150943 42.424242 69.230769 34.653465 64.150943 40.909091 69.230769 42.222222 100.000000 37.373737 41.052632 34.653465 33.663366 64.150943 35.897436 69.512195 37.500000 42.352941 74.736842 37.931034 67.708333
ola-mir-132   57.575758 34.343434 61.616162 30.303030 78.333333 45.161290 72.727273 39.393939 88.235294 70.707071 36.170213 71.212121 45.000000 73.076923 96.470588 40.000000 60.606061 30.303030 75.757576 32.967033 60.606061 30.303030 74.242424 30.769231 65.555556 37.373737 100.000000 48.421053 60.606061 61.616162 30.303030 73.076923 34.146341 54.166667 95.294118 38.947368 73.563218 38.541667
pma-mir-132   48.421053 42.105263 54.736842 41.052632 58.333333 50.000000 62.337662 40.909091 52.941176 46.315789 41.489362 60.606061 48.333333 61.538462 54.117647 38.947368 54.736842 38.947368 60.606061 43.956044 54.736842 37.894737 63.636364 41.758242 57.777778 41.052632 48.421053 100.000000 54.736842 54.736842 41.052632 61.538462 41.463415 57.894737 56.470588 38.947368 52.873563 41.052632
ppy-mir-132   63.636364 31.313131 99.009901 36.633663 98.333333 43.548387 98.701299 37.878788 70.588235 55.445545 36.170213 96.969697 43.333333 98.717949 69.411765 33.684211 100.000000 36.633663 93.939394 38.461538 100.000000 36.633663 98.484848 36.263736 68.888889 34.653465 60.606061 54.736842 100.000000 97.029703 37.623762 98.717949 37.804878 60.416667 69.411765 33.684211 63.218391 34.375000
rno-mir-132   63.636364 31.313131 98.019802 38.613861 100.000000 46.774194 100.000000 40.909091 70.588235 53.465347 36.170213 98.484848 46.666667 100.000000 68.235294 35.789474 97.029703 38.613861 95.454545 39.560440 97.029703 38.613861 100.000000 38.461538 67.777778 33.663366 61.616162 54.736842 97.029703 100.000000 39.603960 100.000000 40.243902 58.333333 68.235294 35.789474 63.218391 32.291667
rno-mir-212   37.373737 64.646465 39.603960 94.594595 48.333333 100.000000 40.259740 100.000000 30.588235 36.936937 60.638298 46.969697 100.000000 39.743590 32.941176 67.368421 37.623762 94.545455 46.969697 98.901099 37.623762 93.636364 46.969697 98.901099 44.444444 64.150943 30.303030 41.052632 37.623762 39.603960 100.000000 39.743590 100.000000 34.375000 32.941176 71.578947 33.333333 60.416667
ssc-mir-132   71.794872 37.179487 100.000000 39.743590 100.000000 46.774194 100.000000 40.909091 74.358974 66.666667 43.589744 98.484848 46.666667 100.000000 71.794872 43.589744 98.717949 39.743590 95.454545 41.025641 98.717949 39.743590 100.000000 39.743590 70.512821 35.897436 73.076923 61.538462 98.717949 100.000000 39.743590 100.000000 39.743590 64.102564 71.794872 43.589744 67.948718 39.743590
ssc-mir-212   40.243902 73.170732 40.243902 100.000000 48.333333 100.000000 40.259740 100.000000 31.707317 43.902439 63.414634 46.969697 100.000000 39.743590 34.146341 73.170732 37.804878 100.000000 46.969697 98.780488 37.804878 98.780488 46.969697 98.780488 43.902439 69.512195 34.146341 41.463415 37.804878 40.243902 100.000000 39.743590 100.000000 37.804878 34.146341 75.609756 35.365854 65.853659
tgu-mir-132   55.208333 34.375000 60.416667 34.375000 71.666667 43.548387 64.935065 40.909091 55.294118 55.208333 31.914894 69.696970 43.333333 64.102564 57.647059 31.578947 60.416667 35.416667 74.242424 34.065934 60.416667 35.416667 72.727273 34.065934 70.000000 37.500000 54.166667 57.894737 60.416667 58.333333 34.375000 64.102564 37.804878 100.000000 57.647059 30.526316 68.965517 38.541667
tni-mir-132   62.352941 41.176471 68.235294 32.941176 76.666667 45.161290 71.428571 39.393939 84.705882 76.470588 44.705882 69.696970 45.000000 71.794872 98.823529 44.705882 69.411765 32.941176 75.757576 35.294118 69.411765 32.941176 72.727273 32.941176 62.352941 42.352941 95.294118 56.470588 69.411765 68.235294 32.941176 71.794872 34.146341 57.647059 100.000000 43.529412 70.588235 44.705882
tni-mir-212   38.947368 73.684211 35.789474 71.578947 51.666667 75.806452 44.155844 72.727273 41.176471 38.947368 86.170213 46.969697 76.666667 43.589744 43.529412 94.736842 33.684211 71.578947 45.454545 72.527473 33.684211 71.578947 46.969697 72.527473 37.777778 74.736842 38.947368 38.947368 33.684211 35.789474 71.578947 43.589744 75.609756 30.526316 43.529412 100.000000 41.379310 74.736842
xtr-mir-132   68.965517 36.781609 63.218391 33.333333 73.333333 43.548387 67.532468 37.878788 68.235294 68.965517 40.229885 71.212121 43.333333 67.948718 71.764706 42.528736 63.218391 33.333333 75.757576 34.482759 63.218391 33.333333 72.727273 33.333333 70.114943 37.931034 73.563218 52.873563 63.218391 63.218391 33.333333 67.948718 35.365854 68.965517 70.588235 41.379310 100.000000 44.827586
xtr-mir-212   39.583333 69.791667 32.291667 60.416667 48.333333 64.516129 40.259740 65.151515 42.352941 38.541667 78.723404 43.939394 65.000000 39.743590 44.705882 81.052632 34.375000 60.416667 43.939394 63.736264 34.375000 60.416667 43.939394 65.934066 42.222222 67.708333 38.541667 41.052632 34.375000 32.291667 60.416667 39.743590 65.853659 38.541667 44.705882 74.736842 44.827586 100.000000
