10
bta-mir-653 100.000000 78.888889 72.500000 74.117647 84.444444 83.333333 70.588235 84.444444 84.444444 64.444444
cfa-mir-653 78.888889 100.000000 95.000000 94.117647 87.912088 86.813187 87.058824 87.912088 87.912088 83.516484
cgr-mir-653 72.500000 95.000000 100.000000 88.750000 82.500000 81.250000 92.500000 82.500000 82.500000 92.500000
eca-mir-653 74.117647 94.117647 88.750000 100.000000 83.529412 82.352941 85.882353 83.529412 83.529412 85.882353
hsa-mir-653 84.444444 87.912088 82.500000 83.529412 100.000000 98.958333 77.647059 100.000000 100.000000 72.916667
mml-mir-653 83.333333 86.813187 81.250000 82.352941 98.958333 100.000000 75.294118 98.958333 98.947368 71.875000
mmu-mir-653 70.588235 87.058824 92.500000 85.882353 77.647059 75.294118 100.000000 77.647059 77.647059 85.882353
ppy-mir-653 84.444444 87.912088 82.500000 83.529412 100.000000 98.958333 77.647059 100.000000 100.000000 72.916667
ptr-mir-653 84.444444 87.912088 82.500000 83.529412 100.000000 98.947368 77.647059 100.000000 100.000000 73.684211
rno-mir-653 64.444444 83.516484 92.500000 85.882353 72.916667 71.875000 85.882353 72.916667 73.684211 100.000000
