16
bta-mir-424   100.000000 98.245614 75.641026 97.916667 86.458333 81.250000 87.500000 78.125000 78.125000 70.526316 78.125000 78.125000 68.421053 68.421053 96.250000 96.610169
cfa-mir-424   98.245614 100.000000 71.929825 98.245614 96.491228 89.473684 94.736842 94.736842 94.736842 68.421053 94.736842 94.736842 68.421053 68.421053 98.245614 96.491228
cgr-mir-322   75.641026 71.929825 100.000000 70.512821 79.487179 70.512821 76.923077 76.923077 76.923077 93.589744 76.923077 76.923077 94.871795 94.871795 75.641026 74.576271
chi-mir-424   97.916667 98.245614 70.512821 100.000000 92.857143 82.500000 87.155963 85.714286 85.714286 66.315789 85.714286 85.567010 65.263158 65.263158 93.750000 96.610169
eca-mir-424   86.458333 96.491228 79.487179 92.857143 100.000000 82.500000 90.816327 90.816327 90.816327 66.315789 90.816327 90.721649 66.315789 66.315789 92.500000 93.220339
efu-mir-424   81.250000 89.473684 70.512821 82.500000 82.500000 100.000000 82.500000 82.500000 82.500000 63.750000 82.500000 82.500000 66.250000 66.250000 83.750000 86.440678
ggo-mir-424   87.500000 94.736842 76.923077 87.155963 90.816327 82.500000 100.000000 100.000000 100.000000 75.789474 100.000000 100.000000 75.789474 75.789474 91.250000 93.220339
hsa-mir-424   78.125000 94.736842 76.923077 85.714286 90.816327 82.500000 100.000000 100.000000 100.000000 66.315789 100.000000 100.000000 67.368421 67.368421 88.750000 93.220339
mml-mir-424   78.125000 94.736842 76.923077 85.714286 90.816327 82.500000 100.000000 100.000000 100.000000 66.315789 100.000000 100.000000 67.368421 67.368421 88.750000 93.220339
mmu-mir-322   70.526316 68.421053 93.589744 66.315789 66.315789 63.750000 75.789474 66.315789 66.315789 100.000000 66.315789 66.315789 96.842105 96.842105 71.250000 71.186441
ppy-mir-424   78.125000 94.736842 76.923077 85.714286 90.816327 82.500000 100.000000 100.000000 100.000000 66.315789 100.000000 100.000000 67.368421 67.368421 88.750000 93.220339
ptr-mir-424   78.125000 94.736842 76.923077 85.567010 90.721649 82.500000 100.000000 100.000000 100.000000 66.315789 100.000000 100.000000 67.368421 67.368421 88.750000 93.220339
rno-mir-322-1 68.421053 68.421053 94.871795 65.263158 66.315789 66.250000 75.789474 67.368421 67.368421 96.842105 67.368421 67.368421 100.000000 100.000000 72.500000 71.186441
rno-mir-322-2 68.421053 68.421053 94.871795 65.263158 66.315789 66.250000 75.789474 67.368421 67.368421 96.842105 67.368421 67.368421 100.000000 100.000000 72.500000 71.186441
ssc-mir-424   96.250000 98.245614 75.641026 93.750000 92.500000 83.750000 91.250000 88.750000 88.750000 71.250000 88.750000 88.750000 72.500000 72.500000 100.000000 94.915254
tch-mir-424   96.610169 96.491228 74.576271 96.610169 93.220339 86.440678 93.220339 93.220339 93.220339 71.186441 93.220339 93.220339 71.186441 71.186441 94.915254 100.000000
