9
bta-mir-761 100.000000 98.571429 98.412698 100.000000 95.652174 98.571429 93.421053 97.142857 96.052632
cfa-mir-761 98.571429 100.000000 100.000000 100.000000 95.652174 100.000000 97.142857 98.571429 98.571429
eca-mir-761 98.412698 100.000000 100.000000 100.000000 98.412698 100.000000 96.825397 98.412698 98.412698
hsa-mir-761 100.000000 100.000000 100.000000 100.000000 98.305085 100.000000 98.305085 100.000000 100.000000
mdo-mir-761 95.652174 95.652174 98.412698 98.305085 100.000000 95.652174 92.753623 94.202899 95.652174
mml-mir-761 98.571429 100.000000 100.000000 100.000000 95.652174 100.000000 97.142857 98.571429 98.571429
mmu-mir-761 93.421053 97.142857 96.825397 98.305085 92.753623 97.142857 100.000000 97.142857 97.368421
ptr-mir-761 97.142857 98.571429 98.412698 100.000000 94.202899 98.571429 97.142857 100.000000 98.571429
rno-mir-761 96.052632 98.571429 98.412698 100.000000 95.652174 98.571429 97.368421 98.571429 100.000000
