69
bta-mir-1197 100.000000 59.302326 54.098361 64.634146 65.333333 50.000000 54.545455 57.627119 57.894737 58.620690 54.320988 58.750000 100.000000 54.639175 52.577320 45.360825 56.701031 59.793814 48.453608 89.690722 59.701493 54.098361 45.360825 64.634146 52.941176 60.759494 60.256410 91.752577 55.670103 54.639175 61.855670 95.454545 58.208955 52.459016 60.416667 53.409091 58.208955 52.459016 64.634146 51.136364 88.659794 59.090909 52.459016 64.634146 53.086420 100.000000 54.639175 52.577320 45.360825 56.701031 59.793814 47.422680 96.590909 58.208955 48.333333 60.416667 53.409091 96.551724 57.575758 53.333333 60.000000 54.022989 58.823529 55.844156 61.842105 55.128205 61.842105 50.000000 59.649123
bta-mir-379  59.302326 100.000000 50.819672 69.512195 73.333333 47.297297 52.325581 100.000000 52.631579 65.517241 55.555556 88.750000 59.302326 96.511628 52.325581 46.511628 63.953488 67.441860 51.162791 58.139535 98.507463 44.262295 45.348837 69.512195 52.941176 98.734177 53.846154 60.465116 95.348837 55.813953 66.279070 60.465116 95.522388 52.459016 66.279070 52.325581 97.014925 52.459016 69.512195 47.674419 59.302326 89.393939 50.819672 69.512195 51.851852 59.302326 96.511628 52.325581 46.511628 63.953488 67.441860 51.162791 60.465116 97.014925 55.000000 66.279070 52.325581 60.465116 95.454545 53.333333 65.116279 52.325581 89.411765 57.142857 69.736842 53.846154 69.736842 55.263158 63.157895
bta-mir-380  54.098361 50.819672 100.000000 60.655738 68.852459 59.016393 62.295082 47.457627 94.736842 60.344828 62.295082 50.819672 54.098361 54.098361 98.360656 59.016393 60.655738 68.852459 60.655738 52.459016 50.819672 93.442623 59.016393 60.655738 62.295082 50.819672 63.934426 50.819672 49.180328 93.442623 60.655738 50.819672 49.180328 93.442623 60.655738 62.295082 49.180328 95.081967 60.655738 62.295082 54.098361 50.819672 86.885246 60.655738 60.655738 54.098361 54.098361 98.360656 59.016393 60.655738 68.852459 60.655738 54.098361 49.180328 88.333333 60.655738 62.295082 50.819672 49.180328 93.333333 60.655738 62.295082 49.180328 86.885246 60.655738 60.655738 60.655738 52.459016 57.894737
bta-mir-411a 64.634146 69.512195 60.655738 100.000000 70.666667 50.000000 69.512195 61.016949 61.403509 100.000000 70.370370 65.000000 64.634146 65.853659 62.195122 51.219512 98.780488 70.731707 65.853659 67.073171 65.671642 60.655738 51.219512 100.000000 69.512195 67.088608 65.384615 68.292683 68.292683 65.853659 100.000000 68.292683 64.179104 62.295082 100.000000 68.292683 64.179104 62.295082 100.000000 67.073171 64.634146 65.151515 60.655738 100.000000 65.432099 64.634146 65.853659 62.195122 51.219512 98.780488 70.731707 65.853659 65.853659 64.179104 65.000000 100.000000 68.292683 68.292683 63.636364 63.333333 98.780488 68.292683 65.853659 63.636364 100.000000 67.948718 100.000000 65.789474 100.000000
bta-mir-411b 65.333333 73.333333 68.852459 70.666667 100.000000 54.054054 62.666667 67.796610 70.175439 67.241379 62.666667 72.000000 65.333333 74.666667 64.000000 53.333333 69.333333 100.000000 61.333333 64.000000 68.656716 60.655738 52.000000 70.666667 62.666667 73.333333 74.666667 65.333333 70.666667 65.333333 70.666667 65.333333 68.656716 67.213115 70.666667 62.666667 68.656716 67.213115 70.666667 57.333333 66.666667 71.212121 63.934426 70.666667 61.333333 65.333333 74.666667 64.000000 53.333333 69.333333 100.000000 61.333333 66.666667 68.656716 66.666667 70.666667 62.666667 65.333333 68.181818 68.333333 70.666667 62.666667 70.666667 62.666667 70.666667 61.333333 70.666667 53.333333 64.912281
bta-mir-411c 50.000000 47.297297 59.016393 50.000000 54.054054 100.000000 60.810811 45.762712 61.403509 51.724138 60.810811 50.000000 50.000000 44.594595 59.459459 100.000000 50.000000 54.054054 56.756757 51.351351 43.283582 50.819672 95.945946 50.000000 60.810811 50.000000 45.945946 48.648649 45.945946 59.459459 50.000000 48.648649 41.791045 59.016393 50.000000 60.810811 41.791045 57.377049 50.000000 60.810811 50.000000 46.969697 59.016393 50.000000 54.054054 50.000000 44.594595 59.459459 100.000000 50.000000 54.054054 56.756757 50.000000 41.791045 58.333333 50.000000 60.810811 48.648649 42.424242 60.000000 50.000000 60.810811 44.594595 59.459459 50.000000 54.054054 50.000000 51.351351 49.122807
bta-mir-758  54.545455 52.325581 62.295082 69.512195 62.666667 60.810811 100.000000 54.237288 63.157895 75.862069 100.000000 57.500000 54.545455 55.681818 60.227273 55.681818 70.454545 56.818182 97.727273 55.681818 56.716418 59.016393 54.545455 69.512195 100.000000 56.962025 61.538462 57.954545 56.818182 62.500000 70.454545 54.545455 55.223881 65.573770 70.454545 96.590909 55.223881 65.573770 69.512195 93.181818 54.545455 56.060606 65.573770 69.512195 93.827160 54.545455 55.681818 60.227273 55.681818 69.318182 56.818182 97.727273 53.409091 55.223881 68.333333 70.454545 96.590909 55.172414 56.060606 66.666667 70.454545 96.551724 50.588235 62.337662 73.684211 93.589744 73.684211 92.105263 73.684211
cfa-mir-379  57.627119 100.000000 47.457627 61.016949 67.796610 45.762712 54.237288 100.000000 50.877193 62.068966 54.237288 86.440678 57.627119 96.610169 44.067797 45.762712 61.016949 67.796610 52.542373 55.932203 98.305085 40.677966 45.762712 61.016949 54.237288 100.000000 55.932203 57.627119 94.915254 49.152542 61.016949 57.627119 94.915254 49.152542 61.016949 54.237288 96.610169 49.152542 61.016949 47.457627 57.627119 86.440678 47.457627 61.016949 50.847458 57.627119 96.610169 44.067797 45.762712 61.016949 67.796610 52.542373 57.627119 96.610169 50.847458 61.016949 54.237288 57.627119 94.915254 49.152542 61.016949 54.237288 84.745763 47.457627 61.016949 50.847458 61.016949 50.847458 63.157895
cfa-mir-380  57.894737 52.631579 94.736842 61.403509 70.175439 61.403509 63.157895 50.877193 100.000000 61.403509 63.157895 56.140351 57.894737 52.631579 92.982456 61.403509 61.403509 70.175439 61.403509 57.894737 52.631579 89.473684 61.403509 61.403509 63.157895 52.631579 63.157895 54.385965 50.877193 94.736842 61.403509 54.385965 50.877193 94.736842 61.403509 63.157895 50.877193 96.491228 61.403509 63.157895 57.894737 56.140351 91.228070 61.403509 63.157895 57.894737 52.631579 92.982456 61.403509 61.403509 70.175439 61.403509 57.894737 50.877193 89.473684 61.403509 63.157895 54.385965 50.877193 94.736842 61.403509 63.157895 54.385965 91.228070 61.403509 63.157895 61.403509 52.631579 57.894737
cfa-mir-411  58.620690 65.517241 60.344828 100.000000 67.241379 51.724138 75.862069 62.068966 61.403509 100.000000 75.862069 63.793103 58.620690 62.068966 56.896552 51.724138 100.000000 67.241379 70.689655 58.620690 65.517241 58.620690 53.448276 100.000000 75.862069 65.517241 62.068966 62.068966 63.793103 62.068966 100.000000 62.068966 63.793103 62.068966 100.000000 75.862069 63.793103 62.068966 100.000000 74.137931 58.620690 63.793103 60.344828 100.000000 70.689655 58.620690 62.068966 56.896552 51.724138 100.000000 67.241379 70.689655 58.620690 63.793103 63.793103 100.000000 75.862069 62.068966 63.793103 62.068966 100.000000 75.862069 60.344828 60.344828 100.000000 70.689655 100.000000 63.793103 100.000000
cfa-mir-758  54.320988 55.555556 62.295082 70.370370 62.666667 60.810811 100.000000 54.237288 63.157895 75.862069 100.000000 55.000000 54.320988 53.086420 59.259259 56.790123 69.135802 59.259259 97.530864 56.790123 56.716418 59.016393 58.024691 70.370370 100.000000 56.962025 61.538462 58.024691 54.320988 61.728395 70.370370 58.024691 55.223881 65.573770 70.370370 98.765432 55.223881 65.573770 70.370370 95.061728 55.555556 56.060606 65.573770 70.370370 92.592593 54.320988 53.086420 59.259259 56.790123 69.135802 59.259259 97.530864 56.790123 55.223881 68.333333 70.370370 98.765432 58.024691 56.060606 66.666667 70.370370 98.765432 53.086420 62.337662 73.684211 93.589744 73.684211 92.105263 73.684211
cgr-mir-379  58.750000 88.750000 50.819672 65.000000 72.000000 50.000000 57.500000 86.440678 56.140351 63.793103 55.000000 100.000000 58.750000 86.250000 56.250000 50.000000 65.000000 68.750000 53.750000 57.500000 89.552239 44.262295 48.750000 65.000000 57.500000 88.607595 55.128205 60.000000 92.500000 63.750000 67.500000 60.000000 89.552239 57.377049 67.500000 57.500000 91.044776 57.377049 65.000000 52.500000 60.000000 100.000000 54.098361 65.000000 53.750000 58.750000 86.250000 56.250000 50.000000 65.000000 68.750000 53.750000 60.000000 91.044776 60.000000 67.500000 57.500000 60.000000 89.393939 58.333333 67.500000 57.500000 95.000000 61.038961 68.421053 55.128205 68.421053 55.263158 61.403509
chi-mir-1197 100.000000 59.302326 54.098361 64.634146 65.333333 50.000000 54.545455 57.627119 57.894737 58.620690 54.320988 58.750000 100.000000 47.286822 50.485437 43.564356 49.606299 56.862745 47.524752 83.333333 59.701493 54.098361 43.243243 64.634146 52.941176 60.759494 60.256410 88.181818 50.458716 51.351351 54.054054 95.454545 58.208955 52.459016 60.416667 53.409091 58.208955 52.459016 64.634146 51.136364 73.333333 59.090909 52.459016 64.634146 53.086420 100.000000 48.800000 50.485437 43.564356 50.400000 57.425743 46.000000 96.590909 58.208955 48.333333 60.416667 53.409091 96.551724 57.575758 53.333333 60.000000 54.022989 58.823529 55.844156 61.842105 55.128205 61.842105 50.000000 59.649123
chi-mir-379  54.639175 96.511628 54.098361 65.853659 74.666667 44.594595 55.681818 96.610169 52.631579 62.068966 53.086420 86.250000 47.286822 100.000000 54.368932 43.564356 59.842520 60.784314 49.504950 55.000000 94.029851 47.540984 36.936937 65.853659 54.117647 96.202532 55.128205 59.090909 90.825688 55.855856 59.459459 59.090909 94.029851 52.459016 66.666667 52.272727 92.537313 52.459016 65.853659 47.727273 51.666667 84.848485 50.819672 65.853659 51.851852 47.286822 100.000000 54.368932 43.564356 60.800000 60.396040 50.000000 59.090909 92.537313 55.000000 66.666667 52.272727 58.620690 93.939394 53.333333 67.368421 52.873563 87.058824 57.142857 67.105263 53.846154 67.105263 52.631579 59.649123
chi-mir-380  52.577320 52.325581 98.360656 62.195122 64.000000 59.459459 60.227273 44.067797 92.982456 56.896552 59.259259 56.250000 50.485437 54.368932 100.000000 50.495050 50.485437 54.901961 53.465347 51.456311 47.761194 91.803279 53.398058 62.195122 61.176471 55.696203 60.256410 48.543689 51.456311 87.378641 54.368932 54.545455 46.268657 91.803279 58.333333 57.954545 46.268657 93.442623 62.195122 57.954545 52.427184 48.484848 85.245902 62.195122 55.555556 50.485437 54.368932 100.000000 50.495050 50.485437 53.465347 54.000000 56.818182 46.268657 86.666667 58.333333 57.954545 55.172414 46.969697 91.666667 58.947368 58.620690 51.764706 87.012987 59.210526 57.692308 59.210526 55.263158 54.385965
chi-mir-3959 45.360825 46.511628 59.016393 51.219512 53.333333 100.000000 55.681818 45.762712 61.403509 51.724138 56.790123 50.000000 43.564356 43.564356 50.495050 100.000000 47.524752 44.554455 51.485149 44.554455 43.283582 50.819672 91.089109 51.219512 55.294118 48.101266 44.871795 42.574257 47.524752 51.485149 44.554455 46.590909 41.791045 59.016393 45.833333 55.681818 41.791045 57.377049 51.219512 55.681818 41.584158 46.969697 59.016393 51.219512 54.320988 43.564356 43.564356 50.495050 100.000000 47.524752 44.554455 52.000000 47.727273 41.791045 58.333333 45.833333 55.681818 47.126437 42.424242 60.000000 44.210526 56.321839 47.058824 58.441558 50.000000 56.410256 50.000000 52.631579 49.122807
chi-mir-411a 56.701031 63.953488 60.655738 98.780488 69.333333 50.000000 70.454545 61.016949 61.403509 100.000000 69.135802 65.000000 49.606299 59.842520 50.485437 47.524752 100.000000 55.882353 64.356436 55.000000 65.671642 60.655738 42.342342 98.780488 69.411765 64.556962 64.102564 59.090909 60.550459 54.054054 90.090090 62.500000 64.179104 62.295082 96.875000 67.045455 64.179104 62.295082 98.780488 65.909091 49.166667 65.151515 60.655738 98.780488 65.432099 49.606299 59.200000 50.485437 47.524752 100.000000 56.435644 63.000000 60.227273 64.179104 65.000000 96.875000 67.045455 63.218391 63.636364 63.333333 96.842105 67.816092 61.176471 61.038961 98.684211 67.948718 98.684211 64.473684 100.000000
chi-mir-411b 59.793814 67.441860 68.852459 70.731707 100.000000 54.054054 56.818182 67.796610 70.175439 67.241379 59.259259 68.750000 56.862745 60.784314 54.901961 44.554455 55.882353 100.000000 51.485149 57.843137 68.656716 60.655738 41.176471 70.731707 58.823529 70.886076 75.641026 58.823529 58.823529 53.921569 57.843137 65.909091 68.656716 67.213115 60.416667 56.818182 68.656716 67.213115 70.731707 52.272727 56.862745 71.212121 63.934426 70.731707 58.024691 56.862745 60.784314 54.901961 44.554455 55.882353 100.000000 52.000000 67.045455 68.656716 66.666667 60.416667 56.818182 66.666667 68.181818 68.333333 61.052632 55.172414 65.882353 62.337662 71.052632 60.256410 71.052632 53.947368 64.912281
chi-mir-758  48.453608 51.162791 60.655738 65.853659 61.333333 56.756757 97.727273 52.542373 61.403509 70.689655 97.530864 53.750000 47.524752 49.504950 53.465347 51.485149 64.356436 51.485149 100.000000 47.524752 53.731343 57.377049 50.495050 65.853659 97.647059 54.430380 61.538462 48.514851 48.514851 55.445545 60.396040 52.272727 50.746269 63.934426 61.458333 94.318182 50.746269 63.934426 65.853659 90.909091 47.524752 51.515152 63.934426 65.853659 93.827160 47.524752 49.504950 53.465347 51.485149 64.356436 51.485149 100.000000 51.136364 50.746269 66.666667 61.458333 94.318182 52.873563 51.515152 65.000000 62.105263 94.252874 50.588235 61.038961 69.736842 93.589744 69.736842 92.105263 71.929825
eca-mir-1197 89.690722 58.139535 52.459016 67.073171 64.000000 51.351351 55.681818 55.932203 57.894737 58.620690 56.790123 57.500000 83.333333 55.000000 51.456311 44.554455 55.000000 57.843137 47.524752 100.000000 56.716418 52.459016 43.243243 67.073171 55.294118 59.493671 56.410256 93.636364 50.458716 49.549550 55.855856 95.454545 55.223881 50.819672 62.500000 55.681818 55.223881 50.819672 67.073171 52.272727 85.000000 56.060606 50.819672 67.073171 55.555556 83.333333 55.000000 51.456311 44.554455 55.000000 58.415842 48.000000 96.590909 55.223881 48.333333 62.500000 55.681818 95.402299 54.545455 51.666667 62.105263 55.172414 57.647059 55.844156 64.473684 57.692308 64.473684 52.631579 59.649123
eca-mir-379  59.701493 98.507463 50.819672 65.671642 68.656716 43.283582 56.716418 98.305085 52.631579 65.517241 56.716418 89.552239 59.701493 94.029851 47.761194 43.283582 65.671642 68.656716 53.731343 56.716418 100.000000 44.262295 46.268657 65.671642 56.716418 98.507463 50.746269 59.701493 97.014925 52.238806 65.671642 59.701493 97.014925 52.459016 65.671642 56.716418 98.507463 52.459016 65.671642 50.746269 59.701493 90.909091 50.819672 65.671642 53.731343 59.701493 94.029851 47.761194 43.283582 65.671642 68.656716 53.731343 59.701493 98.507463 55.000000 65.671642 56.716418 59.701493 96.969697 53.333333 65.671642 56.716418 86.567164 50.746269 65.671642 53.731343 65.671642 53.731343 63.157895
eca-mir-380  54.098361 44.262295 93.442623 60.655738 60.655738 50.819672 59.016393 40.677966 89.473684 58.620690 59.016393 44.262295 54.098361 47.540984 91.803279 50.819672 60.655738 60.655738 57.377049 52.459016 44.262295 100.000000 50.819672 60.655738 59.016393 44.262295 67.213115 50.819672 42.622951 90.163934 60.655738 50.819672 42.622951 90.163934 60.655738 59.016393 42.622951 91.803279 60.655738 59.016393 54.098361 44.262295 85.245902 60.655738 57.377049 54.098361 47.540984 91.803279 50.819672 60.655738 60.655738 57.377049 54.098361 42.622951 85.000000 60.655738 59.016393 50.819672 42.622951 90.000000 60.655738 59.016393 42.622951 85.245902 60.655738 57.377049 60.655738 49.180328 59.649123
eca-mir-3959 45.360825 45.348837 59.016393 51.219512 52.000000 95.945946 54.545455 45.762712 61.403509 53.448276 58.024691 48.750000 43.243243 36.936937 53.398058 91.089109 42.342342 41.176471 50.495050 43.243243 46.268657 50.819672 100.000000 51.219512 56.470588 48.101266 46.153846 39.090909 43.119266 49.549550 40.540541 48.863636 44.776119 59.016393 43.750000 56.818182 44.776119 57.377049 51.219512 56.818182 43.243243 45.454545 59.016393 51.219512 53.086420 43.243243 36.936937 53.398058 91.089109 42.342342 41.584158 49.000000 50.000000 44.776119 58.333333 43.750000 56.818182 49.425287 45.454545 60.000000 42.105263 57.471264 42.352941 58.441558 50.000000 55.128205 50.000000 55.263158 50.877193
eca-mir-411  64.634146 69.512195 60.655738 100.000000 70.666667 50.000000 69.512195 61.016949 61.403509 100.000000 70.370370 65.000000 64.634146 65.853659 62.195122 51.219512 98.780488 70.731707 65.853659 67.073171 65.671642 60.655738 51.219512 100.000000 69.512195 67.088608 65.384615 68.292683 68.292683 65.853659 100.000000 68.292683 64.179104 62.295082 100.000000 68.292683 64.179104 62.295082 100.000000 67.073171 64.634146 65.151515 60.655738 100.000000 65.432099 64.634146 65.853659 62.195122 51.219512 98.780488 70.731707 65.853659 65.853659 64.179104 65.000000 100.000000 68.292683 68.292683 63.636364 63.333333 98.780488 68.292683 65.853659 63.636364 100.000000 67.948718 100.000000 65.789474 100.000000
eca-mir-758  52.941176 52.941176 62.295082 69.512195 62.666667 60.810811 100.000000 54.237288 63.157895 75.862069 100.000000 57.500000 52.941176 54.117647 61.176471 55.294118 69.411765 58.823529 97.647059 55.294118 56.716418 59.016393 56.470588 69.512195 100.000000 56.962025 61.538462 56.470588 55.294118 63.529412 69.411765 56.470588 55.223881 65.573770 69.411765 98.823529 55.223881 65.573770 69.512195 95.294118 52.941176 56.060606 65.573770 69.512195 93.827160 52.941176 54.117647 61.176471 55.294118 69.411765 58.823529 97.647059 55.294118 55.223881 68.333333 69.411765 98.823529 56.470588 56.060606 66.666667 69.411765 97.647059 50.588235 62.337662 73.684211 93.589744 73.684211 92.105263 73.684211
efu-mir-379  60.759494 98.734177 50.819672 67.088608 73.333333 50.000000 56.962025 100.000000 52.631579 65.517241 56.962025 88.607595 60.759494 96.202532 55.696203 48.101266 64.556962 70.886076 54.430380 59.493671 98.507463 44.262295 48.101266 67.088608 56.962025 100.000000 53.846154 62.025316 96.202532 59.493671 67.088608 62.025316 95.522388 52.459016 67.088608 56.962025 97.014925 52.459016 67.088608 51.898734 62.025316 89.393939 50.819672 67.088608 53.164557 60.759494 96.202532 55.696203 48.101266 64.556962 70.886076 54.430380 62.025316 97.014925 55.000000 67.088608 56.962025 62.025316 95.454545 53.333333 67.088608 56.962025 86.075949 59.740260 69.736842 53.846154 69.736842 55.263158 63.157895
efu-mir-411  60.256410 53.846154 63.934426 65.384615 74.666667 45.945946 61.538462 55.932203 63.157895 62.068966 61.538462 55.128205 60.256410 55.128205 60.256410 44.871795 64.102564 75.641026 61.538462 56.410256 50.746269 67.213115 46.153846 65.384615 61.538462 53.846154 100.000000 60.256410 51.282051 66.666667 65.384615 60.256410 50.746269 70.491803 65.384615 61.538462 50.746269 70.491803 65.384615 60.256410 58.974359 56.060606 70.491803 65.384615 60.256410 60.256410 55.128205 60.256410 44.871795 64.102564 75.641026 61.538462 58.974359 50.746269 71.666667 65.384615 61.538462 60.256410 51.515152 71.666667 65.384615 61.538462 53.846154 66.233766 65.789474 60.256410 65.789474 53.947368 63.157895
ggo-mir-1197 91.752577 60.465116 50.819672 68.292683 65.333333 48.648649 57.954545 57.627119 54.385965 62.068966 58.024691 60.000000 88.181818 59.090909 48.543689 42.574257 59.090909 58.823529 48.514851 93.636364 59.701493 50.819672 39.090909 68.292683 56.470588 62.025316 60.256410 100.000000 50.458716 50.909091 55.454545 100.000000 58.208955 55.737705 61.458333 56.818182 58.208955 55.737705 68.292683 55.681818 89.090909 59.090909 55.737705 68.292683 55.555556 88.181818 59.090909 48.543689 42.574257 59.090909 59.405941 49.000000 98.863636 58.208955 51.666667 61.458333 56.818182 100.000000 57.575758 56.666667 61.052632 57.471264 60.000000 59.740260 65.789474 57.692308 65.789474 52.631579 63.157895
ggo-mir-379  55.670103 95.348837 49.180328 68.292683 70.666667 45.945946 56.818182 94.915254 50.877193 63.793103 54.320988 92.500000 50.458716 90.825688 51.456311 47.524752 60.550459 58.823529 48.514851 50.458716 97.014925 42.622951 43.119266 68.292683 55.294118 96.202532 51.282051 50.458716 100.000000 58.715596 62.385321 59.090909 100.000000 50.819672 69.791667 53.409091 98.507463 50.819672 68.292683 48.863636 51.376147 90.909091 49.180328 68.292683 51.851852 50.458716 87.155963 51.456311 47.524752 60.550459 59.405941 49.000000 59.090909 98.507463 53.333333 69.791667 53.409091 59.770115 100.000000 51.666667 69.473684 54.022989 91.764706 58.441558 68.421053 53.846154 68.421053 55.263158 61.403509
ggo-mir-380  54.639175 55.813953 93.442623 65.853659 65.333333 59.459459 62.500000 49.152542 94.736842 62.068966 61.728395 63.750000 51.351351 55.855856 87.378641 51.485149 54.054054 53.921569 55.445545 49.549550 52.238806 90.163934 49.549550 65.853659 63.529412 59.493671 66.666667 50.909091 58.715596 100.000000 56.756757 61.363636 50.746269 100.000000 61.458333 60.227273 50.746269 98.360656 65.853659 60.227273 49.549550 57.575758 95.081967 65.853659 60.493827 51.351351 52.252252 87.378641 51.485149 53.153153 54.455446 56.000000 59.090909 50.746269 93.333333 61.458333 60.227273 62.068966 51.515152 100.000000 62.105263 60.919540 58.823529 94.805195 63.157895 62.820513 63.157895 57.894737 59.649123
ggo-mir-411  61.855670 66.279070 60.655738 100.000000 70.666667 50.000000 70.454545 61.016949 61.403509 100.000000 70.370370 67.500000 54.054054 59.459459 54.368932 44.554455 90.090090 57.843137 60.396040 55.855856 65.671642 60.655738 40.540541 100.000000 69.411765 67.088608 65.384615 55.454545 62.385321 56.756757 100.000000 65.909091 64.179104 62.295082 100.000000 67.045455 64.179104 62.295082 100.000000 65.909091 52.252252 65.151515 60.655738 100.000000 65.432099 54.054054 59.459459 54.368932 44.554455 88.288288 58.415842 61.000000 63.636364 64.179104 65.000000 100.000000 67.045455 66.666667 63.636364 63.333333 100.000000 67.816092 63.529412 63.636364 100.000000 67.948718 100.000000 65.789474 100.000000
hsa-mir-1197 95.454545 60.465116 50.819672 68.292683 65.333333 48.648649 54.545455 57.627119 54.385965 62.068966 58.024691 60.000000 95.454545 59.090909 54.545455 46.590909 62.500000 65.909091 52.272727 95.454545 59.701493 50.819672 48.863636 68.292683 56.470588 62.025316 60.256410 100.000000 59.090909 61.363636 65.909091 100.000000 58.208955 55.737705 63.636364 54.545455 58.208955 55.737705 68.292683 53.409091 95.454545 59.090909 55.737705 68.292683 55.555556 95.454545 59.090909 54.545455 46.590909 62.500000 65.909091 52.272727 98.863636 58.208955 51.666667 63.636364 54.545455 100.000000 57.575758 56.666667 62.500000 55.172414 60.000000 59.740260 65.789474 57.692308 65.789474 52.631579 63.157895
hsa-mir-379  58.208955 95.522388 49.180328 64.179104 68.656716 41.791045 55.223881 94.915254 50.877193 63.793103 55.223881 89.552239 58.208955 94.029851 46.268657 41.791045 64.179104 68.656716 50.746269 55.223881 97.014925 42.622951 44.776119 64.179104 55.223881 95.522388 50.746269 58.208955 100.000000 50.746269 64.179104 58.208955 100.000000 50.819672 64.179104 55.223881 98.507463 50.819672 64.179104 49.253731 58.208955 90.909091 49.180328 64.179104 52.238806 58.208955 94.029851 46.268657 41.791045 64.179104 68.656716 50.746269 58.208955 98.507463 53.333333 64.179104 55.223881 58.208955 100.000000 51.666667 64.179104 55.223881 89.552239 49.253731 64.179104 52.238806 64.179104 52.238806 61.403509
hsa-mir-380  52.459016 52.459016 93.442623 62.295082 67.213115 59.016393 65.573770 49.152542 94.736842 62.068966 65.573770 57.377049 52.459016 52.459016 91.803279 59.016393 62.295082 67.213115 63.934426 50.819672 52.459016 90.163934 59.016393 62.295082 65.573770 52.459016 70.491803 55.737705 50.819672 100.000000 62.295082 55.737705 50.819672 100.000000 62.295082 65.573770 50.819672 98.360656 62.295082 65.573770 52.459016 57.377049 95.081967 62.295082 67.213115 52.459016 52.459016 91.803279 59.016393 62.295082 67.213115 63.934426 52.459016 50.819672 93.333333 62.295082 65.573770 55.737705 50.819672 100.000000 62.295082 65.573770 55.737705 95.081967 62.295082 67.213115 62.295082 55.737705 59.649123
hsa-mir-411  60.416667 66.279070 60.655738 100.000000 70.666667 50.000000 70.454545 61.016949 61.403509 100.000000 70.370370 67.500000 60.416667 66.666667 58.333333 45.833333 96.875000 60.416667 61.458333 62.500000 65.671642 60.655738 43.750000 100.000000 69.411765 67.088608 65.384615 61.458333 69.791667 61.458333 100.000000 63.636364 64.179104 62.295082 100.000000 67.045455 64.179104 62.295082 100.000000 65.909091 60.416667 65.151515 60.655738 100.000000 65.432099 60.416667 66.666667 58.333333 45.833333 96.875000 60.416667 61.458333 61.363636 64.179104 65.000000 100.000000 67.045455 64.367816 63.636364 63.333333 100.000000 67.816092 63.529412 63.636364 100.000000 67.948718 100.000000 65.789474 100.000000
hsa-mir-758  53.409091 52.325581 62.295082 68.292683 62.666667 60.810811 96.590909 54.237288 63.157895 75.862069 98.765432 57.500000 53.409091 52.272727 57.954545 55.681818 67.045455 56.818182 94.318182 55.681818 56.716418 59.016393 56.818182 68.292683 98.823529 56.962025 61.538462 56.818182 53.409091 60.227273 67.045455 54.545455 55.223881 65.573770 67.045455 100.000000 55.223881 65.573770 68.292683 96.590909 55.681818 56.060606 65.573770 68.292683 91.358025 53.409091 52.272727 57.954545 55.681818 67.045455 56.818182 94.318182 53.409091 55.223881 68.333333 67.045455 100.000000 55.172414 56.060606 66.666667 67.045455 100.000000 50.588235 62.337662 73.684211 89.743590 73.684211 89.473684 73.684211
mml-mir-379  58.208955 97.014925 49.180328 64.179104 68.656716 41.791045 55.223881 96.610169 50.877193 63.793103 55.223881 91.044776 58.208955 92.537313 46.268657 41.791045 64.179104 68.656716 50.746269 55.223881 98.507463 42.622951 44.776119 64.179104 55.223881 97.014925 50.746269 58.208955 98.507463 50.746269 64.179104 58.208955 98.507463 50.819672 64.179104 55.223881 100.000000 50.819672 64.179104 49.253731 58.208955 92.424242 49.180328 64.179104 52.238806 58.208955 92.537313 46.268657 41.791045 64.179104 68.656716 50.746269 58.208955 100.000000 53.333333 64.179104 55.223881 58.208955 98.484848 51.666667 64.179104 55.223881 88.059701 49.253731 64.179104 52.238806 64.179104 52.238806 61.403509
mml-mir-380  52.459016 52.459016 95.081967 62.295082 67.213115 57.377049 65.573770 49.152542 96.491228 62.068966 65.573770 57.377049 52.459016 52.459016 93.442623 57.377049 62.295082 67.213115 63.934426 50.819672 52.459016 91.803279 57.377049 62.295082 65.573770 52.459016 70.491803 55.737705 50.819672 98.360656 62.295082 55.737705 50.819672 98.360656 62.295082 65.573770 50.819672 100.000000 62.295082 65.573770 52.459016 57.377049 93.442623 62.295082 67.213115 52.459016 52.459016 93.442623 57.377049 62.295082 67.213115 63.934426 52.459016 50.819672 93.333333 62.295082 65.573770 55.737705 50.819672 98.333333 62.295082 65.573770 55.737705 93.442623 62.295082 67.213115 62.295082 55.737705 59.649123
mml-mir-411  64.634146 69.512195 60.655738 100.000000 70.666667 50.000000 69.512195 61.016949 61.403509 100.000000 70.370370 65.000000 64.634146 65.853659 62.195122 51.219512 98.780488 70.731707 65.853659 67.073171 65.671642 60.655738 51.219512 100.000000 69.512195 67.088608 65.384615 68.292683 68.292683 65.853659 100.000000 68.292683 64.179104 62.295082 100.000000 68.292683 64.179104 62.295082 100.000000 67.073171 64.634146 65.151515 60.655738 100.000000 65.432099 64.634146 65.853659 62.195122 51.219512 98.780488 70.731707 65.853659 65.853659 64.179104 65.000000 100.000000 68.292683 68.292683 63.636364 63.333333 98.780488 68.292683 65.853659 63.636364 100.000000 67.948718 100.000000 65.789474 100.000000
mml-mir-758  51.136364 47.674419 62.295082 67.073171 57.333333 60.810811 93.181818 47.457627 63.157895 74.137931 95.061728 52.500000 51.136364 47.727273 57.954545 55.681818 65.909091 52.272727 90.909091 52.272727 50.746269 59.016393 56.818182 67.073171 95.294118 51.898734 60.256410 55.681818 48.863636 60.227273 65.909091 53.409091 49.253731 65.573770 65.909091 96.590909 49.253731 65.573770 67.073171 100.000000 51.136364 50.000000 65.573770 67.073171 91.358025 51.136364 47.727273 57.954545 55.681818 65.909091 52.272727 90.909091 51.136364 49.253731 68.333333 65.909091 96.590909 54.022989 50.000000 66.666667 65.909091 96.551724 45.882353 62.337662 72.368421 89.743590 72.368421 86.842105 71.929825
mmu-mir-1197 88.659794 59.302326 54.098361 64.634146 66.666667 50.000000 54.545455 57.627119 57.894737 58.620690 55.555556 60.000000 73.333333 51.666667 52.427184 41.584158 49.166667 56.862745 47.524752 85.000000 59.701493 54.098361 43.243243 64.634146 52.941176 62.025316 58.974359 89.090909 51.376147 49.549550 52.252252 95.454545 58.208955 52.459016 60.416667 55.681818 58.208955 52.459016 64.634146 51.136364 100.000000 59.090909 52.459016 64.634146 54.320988 73.333333 51.666667 52.427184 41.584158 49.166667 57.425743 48.000000 96.590909 58.208955 48.333333 60.416667 55.681818 94.252874 57.575758 53.333333 61.052632 54.022989 58.823529 57.142857 63.157895 56.410256 63.157895 51.315789 59.649123
mmu-mir-379  59.090909 89.393939 50.819672 65.151515 71.212121 46.969697 56.060606 86.440678 56.140351 63.793103 56.060606 100.000000 59.090909 84.848485 48.484848 46.969697 65.151515 71.212121 51.515152 56.060606 90.909091 44.262295 45.454545 65.151515 56.060606 89.393939 56.060606 59.090909 90.909091 57.575758 65.151515 59.090909 90.909091 57.377049 65.151515 56.060606 92.424242 57.377049 65.151515 50.000000 59.090909 100.000000 54.098361 65.151515 54.545455 59.090909 84.848485 48.484848 46.969697 65.151515 71.212121 51.515152 59.090909 92.424242 60.000000 65.151515 56.060606 59.090909 89.393939 58.333333 65.151515 56.060606 96.969697 54.545455 65.151515 54.545455 65.151515 53.030303 61.403509
mmu-mir-380  52.459016 50.819672 86.885246 60.655738 63.934426 59.016393 65.573770 47.457627 91.228070 60.344828 65.573770 54.098361 52.459016 50.819672 85.245902 59.016393 60.655738 63.934426 63.934426 50.819672 50.819672 85.245902 59.016393 60.655738 65.573770 50.819672 70.491803 55.737705 49.180328 95.081967 60.655738 55.737705 49.180328 95.081967 60.655738 65.573770 49.180328 93.442623 60.655738 65.573770 52.459016 54.098361 100.000000 60.655738 65.573770 52.459016 50.819672 85.245902 59.016393 60.655738 63.934426 63.934426 52.459016 49.180328 88.333333 60.655738 65.573770 55.737705 49.180328 95.000000 60.655738 65.573770 52.459016 100.000000 60.655738 65.573770 60.655738 55.737705 57.894737
mmu-mir-411  64.634146 69.512195 60.655738 100.000000 70.666667 50.000000 69.512195 61.016949 61.403509 100.000000 70.370370 65.000000 64.634146 65.853659 62.195122 51.219512 98.780488 70.731707 65.853659 67.073171 65.671642 60.655738 51.219512 100.000000 69.512195 67.088608 65.384615 68.292683 68.292683 65.853659 100.000000 68.292683 64.179104 62.295082 100.000000 68.292683 64.179104 62.295082 100.000000 67.073171 64.634146 65.151515 60.655738 100.000000 65.432099 64.634146 65.853659 62.195122 51.219512 98.780488 70.731707 65.853659 65.853659 64.179104 65.000000 100.000000 68.292683 68.292683 63.636364 63.333333 98.780488 68.292683 65.853659 63.636364 100.000000 67.948718 100.000000 65.789474 100.000000
mmu-mir-758  53.086420 51.851852 60.655738 65.432099 61.333333 54.054054 93.827160 50.847458 63.157895 70.689655 92.592593 53.750000 53.086420 51.851852 55.555556 54.320988 65.432099 58.024691 93.827160 55.555556 53.731343 57.377049 53.086420 65.432099 93.827160 53.164557 60.256410 55.555556 51.851852 60.493827 65.432099 55.555556 52.238806 67.213115 65.432099 91.358025 52.238806 67.213115 65.432099 91.358025 54.320988 54.545455 65.573770 65.432099 100.000000 53.086420 51.851852 55.555556 50.617284 65.432099 58.024691 93.827160 54.320988 52.238806 70.000000 65.432099 91.358025 55.555556 53.030303 68.333333 65.432099 91.358025 54.320988 62.337662 69.736842 100.000000 69.736842 88.157895 71.929825
oar-mir-1197 100.000000 59.302326 54.098361 64.634146 65.333333 50.000000 54.545455 57.627119 57.894737 58.620690 54.320988 58.750000 100.000000 47.286822 50.485437 43.564356 49.606299 56.862745 47.524752 83.333333 59.701493 54.098361 43.243243 64.634146 52.941176 60.759494 60.256410 88.181818 50.458716 51.351351 54.054054 95.454545 58.208955 52.459016 60.416667 53.409091 58.208955 52.459016 64.634146 51.136364 73.333333 59.090909 52.459016 64.634146 53.086420 100.000000 48.800000 50.485437 43.564356 50.400000 57.425743 46.000000 96.590909 58.208955 48.333333 60.416667 53.409091 96.551724 57.575758 53.333333 60.000000 54.022989 58.823529 55.844156 61.842105 55.128205 61.842105 50.000000 59.649123
oar-mir-379  54.639175 96.511628 54.098361 65.853659 74.666667 44.594595 55.681818 96.610169 52.631579 62.068966 53.086420 86.250000 48.800000 100.000000 54.368932 43.564356 59.200000 60.784314 49.504950 55.000000 94.029851 47.540984 36.936937 65.853659 54.117647 96.202532 55.128205 59.090909 87.155963 52.252252 59.459459 59.090909 94.029851 52.459016 66.666667 52.272727 92.537313 52.459016 65.853659 47.727273 51.666667 84.848485 50.819672 65.853659 51.851852 48.800000 100.000000 54.368932 43.564356 59.200000 60.396040 50.000000 59.090909 92.537313 55.000000 66.666667 52.272727 58.620690 93.939394 53.333333 67.368421 52.873563 87.058824 57.142857 67.105263 53.846154 67.105263 52.631579 59.649123
oar-mir-380  52.577320 52.325581 98.360656 62.195122 64.000000 59.459459 60.227273 44.067797 92.982456 56.896552 59.259259 56.250000 50.485437 54.368932 100.000000 50.495050 50.485437 54.901961 53.465347 51.456311 47.761194 91.803279 53.398058 62.195122 61.176471 55.696203 60.256410 48.543689 51.456311 87.378641 54.368932 54.545455 46.268657 91.803279 58.333333 57.954545 46.268657 93.442623 62.195122 57.954545 52.427184 48.484848 85.245902 62.195122 55.555556 50.485437 54.368932 100.000000 50.495050 50.485437 53.465347 54.000000 56.818182 46.268657 86.666667 58.333333 57.954545 55.172414 46.969697 91.666667 58.947368 58.620690 51.764706 87.012987 59.210526 57.692308 59.210526 55.263158 54.385965
oar-mir-3959 45.360825 46.511628 59.016393 51.219512 53.333333 100.000000 55.681818 45.762712 61.403509 51.724138 56.790123 50.000000 43.564356 43.564356 50.495050 100.000000 47.524752 44.554455 51.485149 44.554455 43.283582 50.819672 91.089109 51.219512 55.294118 48.101266 44.871795 42.574257 47.524752 51.485149 44.554455 46.590909 41.791045 59.016393 45.833333 55.681818 41.791045 57.377049 51.219512 55.681818 41.584158 46.969697 59.016393 51.219512 50.617284 43.564356 43.564356 50.495050 100.000000 47.524752 44.554455 52.000000 47.727273 41.791045 58.333333 45.833333 55.681818 47.126437 42.424242 60.000000 44.210526 56.321839 47.058824 58.441558 50.000000 56.410256 50.000000 52.631579 49.122807
oar-mir-411a 56.701031 63.953488 60.655738 98.780488 69.333333 50.000000 69.318182 61.016949 61.403509 100.000000 69.135802 65.000000 50.400000 60.800000 50.485437 47.524752 100.000000 55.882353 64.356436 55.000000 65.671642 60.655738 42.342342 98.780488 69.411765 64.556962 64.102564 59.090909 60.550459 53.153153 88.288288 62.500000 64.179104 62.295082 96.875000 67.045455 64.179104 62.295082 98.780488 65.909091 49.166667 65.151515 60.655738 98.780488 65.432099 50.400000 59.200000 50.485437 47.524752 100.000000 56.435644 63.000000 60.227273 64.179104 65.000000 96.875000 67.045455 63.218391 63.636364 63.333333 96.842105 67.816092 61.176471 61.038961 98.684211 67.948718 98.684211 64.473684 100.000000
oar-mir-411b 59.793814 67.441860 68.852459 70.731707 100.000000 54.054054 56.818182 67.796610 70.175439 67.241379 59.259259 68.750000 57.425743 60.396040 53.465347 44.554455 56.435644 100.000000 51.485149 58.415842 68.656716 60.655738 41.584158 70.731707 58.823529 70.886076 75.641026 59.405941 59.405941 54.455446 58.415842 65.909091 68.656716 67.213115 60.416667 56.818182 68.656716 67.213115 70.731707 52.272727 57.425743 71.212121 63.934426 70.731707 58.024691 57.425743 60.396040 53.465347 44.554455 56.435644 100.000000 52.000000 67.045455 68.656716 66.666667 60.416667 56.818182 66.666667 68.181818 68.333333 61.052632 55.172414 65.882353 62.337662 71.052632 60.256410 71.052632 53.947368 64.912281
oar-mir-758  47.422680 51.162791 60.655738 65.853659 61.333333 56.756757 97.727273 52.542373 61.403509 70.689655 97.530864 53.750000 46.000000 50.000000 54.000000 52.000000 63.000000 52.000000 100.000000 48.000000 53.731343 57.377049 49.000000 65.853659 97.647059 54.430380 61.538462 49.000000 49.000000 56.000000 61.000000 52.272727 50.746269 63.934426 61.458333 94.318182 50.746269 63.934426 65.853659 90.909091 48.000000 51.515152 63.934426 65.853659 93.827160 46.000000 50.000000 54.000000 52.000000 63.000000 52.000000 100.000000 51.136364 50.746269 66.666667 61.458333 94.318182 52.873563 51.515152 65.000000 62.105263 94.252874 50.588235 61.038961 69.736842 93.589744 69.736842 92.105263 71.929825
ppy-mir-1197 96.590909 60.465116 54.098361 65.853659 66.666667 50.000000 53.409091 57.627119 57.894737 58.620690 56.790123 60.000000 96.590909 59.090909 56.818182 47.727273 60.227273 67.045455 51.136364 96.590909 59.701493 54.098361 50.000000 65.853659 55.294118 62.025316 58.974359 98.863636 59.090909 59.090909 63.636364 98.863636 58.208955 52.459016 61.363636 53.409091 58.208955 52.459016 65.853659 51.136364 96.590909 59.090909 52.459016 65.853659 54.320988 96.590909 59.090909 56.818182 47.727273 60.227273 67.045455 51.136364 100.000000 58.208955 48.333333 61.363636 53.409091 98.850575 57.575758 53.333333 60.227273 54.022989 60.000000 57.142857 63.157895 56.410256 63.157895 51.315789 59.649123
ppy-mir-379  58.208955 97.014925 49.180328 64.179104 68.656716 41.791045 55.223881 96.610169 50.877193 63.793103 55.223881 91.044776 58.208955 92.537313 46.268657 41.791045 64.179104 68.656716 50.746269 55.223881 98.507463 42.622951 44.776119 64.179104 55.223881 97.014925 50.746269 58.208955 98.507463 50.746269 64.179104 58.208955 98.507463 50.819672 64.179104 55.223881 100.000000 50.819672 64.179104 49.253731 58.208955 92.424242 49.180328 64.179104 52.238806 58.208955 92.537313 46.268657 41.791045 64.179104 68.656716 50.746269 58.208955 100.000000 53.333333 64.179104 55.223881 58.208955 98.484848 51.666667 64.179104 55.223881 88.059701 49.253731 64.179104 52.238806 64.179104 52.238806 61.403509
ppy-mir-380  48.333333 55.000000 88.333333 65.000000 66.666667 58.333333 68.333333 50.847458 89.473684 63.793103 68.333333 60.000000 48.333333 55.000000 86.666667 58.333333 65.000000 66.666667 66.666667 48.333333 55.000000 85.000000 58.333333 65.000000 68.333333 55.000000 71.666667 51.666667 53.333333 93.333333 65.000000 51.666667 53.333333 93.333333 65.000000 68.333333 53.333333 93.333333 65.000000 68.333333 48.333333 60.000000 88.333333 65.000000 70.000000 48.333333 55.000000 86.666667 58.333333 65.000000 66.666667 66.666667 48.333333 53.333333 100.000000 65.000000 68.333333 51.666667 53.333333 91.666667 65.000000 68.333333 58.333333 88.333333 65.000000 70.000000 65.000000 58.333333 61.403509
ppy-mir-411  60.416667 66.279070 60.655738 100.000000 70.666667 50.000000 70.454545 61.016949 61.403509 100.000000 70.370370 67.500000 60.416667 66.666667 58.333333 45.833333 96.875000 60.416667 61.458333 62.500000 65.671642 60.655738 43.750000 100.000000 69.411765 67.088608 65.384615 61.458333 69.791667 61.458333 100.000000 63.636364 64.179104 62.295082 100.000000 67.045455 64.179104 62.295082 100.000000 65.909091 60.416667 65.151515 60.655738 100.000000 65.432099 60.416667 66.666667 58.333333 45.833333 96.875000 60.416667 61.458333 61.363636 64.179104 65.000000 100.000000 67.045455 64.367816 63.636364 63.333333 100.000000 67.816092 63.529412 63.636364 100.000000 67.948718 100.000000 65.789474 100.000000
