12
aca-mir-875 100.000000 84.415584 85.135135 77.631579 81.333333 78.947368 73.076923 84.810127 90.000000 78.947368 78.666667 71.232877
bta-mir-875 84.415584 100.000000 97.297297 88.157895 88.000000 88.157895 84.415584 89.610390 75.324675 89.473684 89.333333 82.191781
cfa-mir-875 85.135135 97.297297 100.000000 89.189189 89.189189 89.189189 90.540541 91.891892 71.621622 90.540541 89.189189 84.931507
hsa-mir-875 77.631579 88.157895 89.189189 100.000000 78.666667 97.368421 78.947368 85.526316 73.684211 98.684211 98.666667 80.821918
mdo-mir-875 81.333333 88.000000 89.189189 78.666667 100.000000 78.666667 88.000000 85.333333 73.333333 80.000000 80.000000 86.301370
mml-mir-875 78.947368 88.157895 89.189189 97.368421 78.666667 100.000000 78.947368 84.210526 73.684211 98.684211 98.666667 76.712329
mmu-mir-875 73.076923 84.415584 90.540541 78.947368 88.000000 78.947368 100.000000 78.205128 66.666667 80.263158 81.333333 91.780822
oan-mir-875 84.810127 89.610390 91.891892 85.526316 85.333333 84.210526 78.205128 100.000000 72.151899 86.842105 86.666667 82.191781
oha-mir-875 90.000000 75.324675 71.621622 73.684211 73.333333 73.684211 66.666667 72.151899 100.000000 73.684211 73.333333 57.534247
ppy-mir-875 78.947368 89.473684 90.540541 98.684211 80.000000 98.684211 80.263158 86.842105 73.684211 100.000000 100.000000 79.452055
ptr-mir-875 78.666667 89.333333 89.189189 98.666667 80.000000 98.666667 81.333333 86.666667 73.333333 100.000000 100.000000 79.452055
rno-mir-875 71.232877 82.191781 84.931507 80.821918 86.301370 76.712329 91.780822 82.191781 57.534247 79.452055 79.452055 100.000000
