28
aca-mir-122   100.000000 81.176471 91.379310 87.500000 81.176471 76.315789 92.424242 90.909091 92.207792 90.909091 81.176471 81.176471 57.534247 89.189189 80.000000 95.454545 81.176471 93.333333 75.294118 81.176471 82.142857 78.823529 55.294118 81.176471 91.228070 77.777778 92.424242 84.057971
bta-mir-122   81.176471 100.000000 100.000000 98.750000 100.000000 75.000000 100.000000 90.909091 97.402597 96.103896 97.647059 97.647059 57.534247 95.945946 96.470588 98.484848 90.588235 86.666667 81.176471 97.647059 96.428571 92.941176 57.647059 100.000000 98.245614 83.333333 93.939394 89.855072
cfa-mir-122   91.379310 100.000000 100.000000 100.000000 100.000000 77.586207 100.000000 91.379310 98.275862 98.275862 98.275862 98.275862 58.620690 96.551724 98.275862 98.275862 96.551724 91.379310 93.103448 98.275862 96.551724 91.379310 56.896552 100.000000 98.245614 87.931034 93.103448 87.931034
cgr-mir-122   87.500000 98.750000 100.000000 100.000000 98.750000 75.000000 100.000000 90.909091 97.402597 96.103896 98.750000 98.750000 57.534247 94.594595 97.500000 98.484848 91.250000 86.666667 83.750000 98.750000 97.500000 93.750000 57.500000 98.750000 98.245614 83.333333 93.939394 89.855072
chi-mir-122   81.176471 100.000000 100.000000 98.750000 100.000000 75.000000 100.000000 90.909091 97.402597 96.103896 97.894737 97.647059 57.534247 95.945946 96.470588 98.484848 87.368421 86.666667 76.842105 97.647059 96.428571 92.941176 53.684211 100.000000 98.245614 83.333333 93.939394 89.855072
dre-mir-122   76.315789 75.000000 77.586207 75.000000 75.000000 100.000000 78.787879 77.272727 75.000000 73.684211 75.000000 75.000000 52.054795 75.675676 75.000000 78.787879 76.315789 73.333333 77.631579 75.000000 75.000000 71.052632 53.947368 75.000000 77.192982 76.388889 78.787879 76.811594
eca-mir-122   92.424242 100.000000 100.000000 100.000000 100.000000 78.787879 100.000000 90.909091 98.484848 96.969697 98.484848 98.484848 63.636364 95.454545 98.484848 98.484848 96.969697 90.909091 93.939394 98.484848 96.969697 92.424242 65.151515 100.000000 98.245614 86.363636 93.939394 89.393939
fru-mir-122   90.909091 90.909091 91.379310 90.909091 90.909091 77.272727 90.909091 100.000000 92.424242 93.939394 89.393939 89.393939 69.696970 93.939394 89.393939 87.878788 92.424242 86.363636 93.939394 89.393939 86.363636 84.848485 65.151515 90.909091 91.228070 81.818182 96.969697 87.878788
gga-mir-122-1 92.207792 97.402597 98.275862 97.402597 97.402597 75.000000 98.484848 92.424242 100.000000 98.701299 96.103896 96.103896 57.534247 95.945946 94.805195 95.454545 93.506494 86.666667 87.012987 96.103896 94.805195 90.909091 58.441558 97.402597 98.245614 84.722222 95.454545 89.855072
gga-mir-122-2 90.909091 96.103896 98.275862 96.103896 96.103896 73.684211 96.969697 93.939394 98.701299 100.000000 94.805195 94.805195 60.273973 97.297297 93.506494 93.939394 92.207792 86.666667 85.714286 94.805195 93.506494 90.909091 55.844156 96.103896 98.245614 83.333333 93.939394 91.304348
ggo-mir-122   81.176471 97.647059 98.275862 98.750000 97.894737 75.000000 98.484848 89.393939 96.103896 94.805195 100.000000 100.000000 57.534247 91.891892 98.823529 96.969697 77.064220 85.333333 66.055046 100.000000 98.809524 92.941176 46.788991 97.647059 96.491228 80.555556 92.424242 89.855072
hsa-mir-122   81.176471 97.647059 98.275862 98.750000 97.647059 75.000000 98.484848 89.393939 96.103896 94.805195 100.000000 100.000000 57.534247 91.891892 98.823529 96.969697 87.058824 85.333333 77.647059 100.000000 98.809524 92.941176 57.647059 97.647059 96.491228 80.555556 92.424242 89.855072
hsa-mir-122b  57.534247 57.534247 58.620690 57.534247 57.534247 52.054795 63.636364 69.696970 57.534247 60.273973 57.534247 57.534247 100.000000 60.273973 57.534247 63.636364 57.534247 57.534247 57.534247 57.534247 57.534247 58.904110 91.780822 57.534247 59.649123 51.388889 66.666667 63.768116
mdo-mir-122   89.189189 95.945946 96.551724 94.594595 95.945946 75.675676 95.454545 93.939394 95.945946 97.297297 91.891892 91.891892 60.273973 100.000000 90.540541 92.424242 98.648649 86.486486 91.891892 91.891892 90.540541 89.189189 55.405405 95.945946 96.491228 83.333333 93.939394 91.304348
mml-mir-122a  80.000000 96.470588 98.275862 97.500000 96.470588 75.000000 98.484848 89.393939 94.805195 93.506494 98.823529 98.823529 57.534247 90.540541 100.000000 96.969697 85.882353 84.000000 77.647059 98.823529 97.619048 91.764706 57.647059 96.470588 96.491228 80.555556 92.424242 89.855072
mmu-mir-122   95.454545 98.484848 98.275862 98.484848 98.484848 78.787879 98.484848 87.878788 95.454545 93.939394 96.969697 96.969697 63.636364 92.424242 96.969697 100.000000 93.939394 87.878788 90.909091 96.969697 95.454545 93.939394 65.151515 98.484848 94.736842 83.333333 90.909091 86.363636
oan-mir-122   81.176471 90.588235 96.551724 91.250000 87.368421 76.315789 96.969697 92.424242 93.506494 92.207792 77.064220 87.058824 57.534247 98.648649 85.882353 93.939394 100.000000 85.333333 69.090909 87.058824 86.904762 83.529412 44.036697 90.588235 96.491228 86.111111 95.454545 89.855072
oha-mir-122   93.333333 86.666667 91.379310 86.666667 86.666667 73.333333 90.909091 86.363636 86.666667 86.666667 85.333333 85.333333 57.534247 86.486486 84.000000 87.878788 85.333333 100.000000 80.000000 85.333333 82.666667 81.333333 57.333333 86.666667 92.982456 73.611111 86.363636 86.956522
ola-mir-122   75.294118 81.176471 93.103448 83.750000 76.842105 77.631579 93.939394 93.939394 87.012987 85.714286 66.055046 77.647059 57.534247 91.891892 77.647059 90.909091 69.090909 80.000000 100.000000 77.647059 77.380952 72.941176 45.871560 81.176471 92.982456 81.944444 93.939394 88.405797
ppy-mir-122   81.176471 97.647059 98.275862 98.750000 97.647059 75.000000 98.484848 89.393939 96.103896 94.805195 100.000000 100.000000 57.534247 91.891892 98.823529 96.969697 87.058824 85.333333 77.647059 100.000000 98.809524 92.941176 57.647059 97.647059 96.491228 80.555556 92.424242 89.855072
ptr-mir-122   82.142857 96.428571 96.551724 97.500000 96.428571 75.000000 96.969697 86.363636 94.805195 93.506494 98.809524 98.809524 57.534247 90.540541 97.619048 95.454545 86.904762 82.666667 77.380952 98.809524 100.000000 92.857143 57.142857 96.428571 94.736842 79.166667 89.393939 88.405797
rno-mir-122   78.823529 92.941176 91.379310 93.750000 92.941176 71.052632 92.424242 84.848485 90.909091 90.909091 92.941176 92.941176 58.904110 89.189189 91.764706 93.939394 83.529412 81.333333 72.941176 92.941176 92.857143 100.000000 54.117647 92.941176 91.228070 76.388889 86.363636 85.507246
rno-mir-122b  55.294118 57.647059 56.896552 57.500000 53.684211 53.947368 65.151515 65.151515 58.441558 55.844156 46.788991 57.647059 91.780822 55.405405 57.647059 65.151515 44.036697 57.333333 45.871560 57.647059 57.142857 54.117647 100.000000 57.647059 57.894737 56.944444 68.181818 60.869565
ssc-mir-122   81.176471 100.000000 100.000000 98.750000 100.000000 75.000000 100.000000 90.909091 97.402597 96.103896 97.647059 97.647059 57.534247 95.945946 96.470588 98.484848 90.588235 86.666667 81.176471 97.647059 96.428571 92.941176 57.647059 100.000000 98.245614 83.333333 93.939394 89.855072
tch-mir-122   91.228070 98.245614 98.245614 98.245614 98.245614 77.192982 98.245614 91.228070 98.245614 98.245614 96.491228 96.491228 59.649123 96.491228 96.491228 94.736842 96.491228 92.982456 92.982456 96.491228 94.736842 91.228070 57.894737 98.245614 100.000000 87.719298 92.982456 92.982456
tgu-mir-122   77.777778 83.333333 87.931034 83.333333 83.333333 76.388889 86.363636 81.818182 84.722222 83.333333 80.555556 80.555556 51.388889 83.333333 80.555556 83.333333 86.111111 73.611111 81.944444 80.555556 79.166667 76.388889 56.944444 83.333333 87.719298 100.000000 84.848485 76.811594
tni-mir-122   92.424242 93.939394 93.103448 93.939394 93.939394 78.787879 93.939394 96.969697 95.454545 93.939394 92.424242 92.424242 66.666667 93.939394 92.424242 90.909091 95.454545 86.363636 93.939394 92.424242 89.393939 86.363636 68.181818 93.939394 92.982456 84.848485 100.000000 87.878788
xtr-mir-122   84.057971 89.855072 87.931034 89.855072 89.855072 76.811594 89.393939 87.878788 89.855072 91.304348 89.855072 89.855072 63.768116 91.304348 89.855072 86.363636 89.855072 86.956522 88.405797 89.855072 88.405797 85.507246 60.869565 89.855072 92.982456 76.811594 87.878788 100.000000
