13
bta-mir-224 100.000000 91.304348 100.000000 97.530864 96.296296 96.296296 96.296296 90.123457 96.296296 96.296296 96.296296 88.888889 93.827160
cfa-mir-224 91.304348 100.000000 91.304348 95.652174 97.101449 97.101449 97.101449 86.956522 97.101449 97.101449 97.101449 88.405797 92.753623
chi-mir-224 100.000000 91.304348 100.000000 97.530864 96.296296 96.296296 96.296296 90.123457 96.296296 96.296296 96.296296 88.888889 93.827160
eca-mir-224 97.530864 95.652174 97.530864 100.000000 98.765432 98.765432 98.765432 92.592593 98.765432 98.765432 98.765432 92.592593 97.530864
ggo-mir-224 96.296296 97.101449 96.296296 98.765432 100.000000 100.000000 100.000000 91.358025 100.000000 100.000000 100.000000 91.358025 95.061728
hsa-mir-224 96.296296 97.101449 96.296296 98.765432 100.000000 100.000000 100.000000 91.358025 100.000000 100.000000 100.000000 91.358025 95.061728
mml-mir-224 96.296296 97.101449 96.296296 98.765432 100.000000 100.000000 100.000000 91.358025 100.000000 100.000000 100.000000 91.358025 95.061728
mmu-mir-224 90.123457 86.956522 90.123457 92.592593 91.358025 91.358025 91.358025 100.000000 91.358025 91.358025 91.358025 97.560976 91.358025
ppa-mir-224 96.296296 97.101449 96.296296 98.765432 100.000000 100.000000 100.000000 91.358025 100.000000 100.000000 100.000000 91.358025 95.061728
ppy-mir-224 96.296296 97.101449 96.296296 98.765432 100.000000 100.000000 100.000000 91.358025 100.000000 100.000000 100.000000 91.358025 95.061728
ptr-mir-224 96.296296 97.101449 96.296296 98.765432 100.000000 100.000000 100.000000 91.358025 100.000000 100.000000 100.000000 91.358025 95.061728
rno-mir-224 88.888889 88.405797 88.888889 92.592593 91.358025 91.358025 91.358025 97.560976 91.358025 91.358025 91.358025 100.000000 92.592593
ssc-mir-224 93.827160 92.753623 93.827160 97.530864 95.061728 95.061728 95.061728 91.358025 95.061728 95.061728 95.061728 92.592593 100.000000
