13
bta-mir-326 100.000000 96.703297 91.250000 100.000000 96.842105 96.842105 96.842105 91.578947 96.842105 96.808511 90.526316 98.901099 96.774194
cfa-mir-326 96.703297 100.000000 90.000000 96.703297 94.505495 96.703297 96.703297 89.010989 96.703297 95.604396 87.912088 95.604396 98.387097
cgr-mir-326 91.250000 90.000000 100.000000 91.250000 90.000000 91.250000 91.250000 97.500000 91.250000 91.250000 95.000000 90.000000 93.548387
chi-mir-326 100.000000 96.703297 91.250000 100.000000 96.842105 97.058824 96.842105 91.578947 96.842105 96.808511 90.526316 98.901099 96.774194
eca-mir-326 96.842105 94.505495 90.000000 96.842105 100.000000 93.684211 93.684211 88.421053 93.684211 93.617021 87.368421 95.604396 95.161290
ggo-mir-326 96.842105 96.703297 91.250000 97.058824 93.684211 100.000000 100.000000 92.631579 100.000000 100.000000 91.578947 96.703297 98.387097
hsa-mir-326 96.842105 96.703297 91.250000 96.842105 93.684211 100.000000 100.000000 92.631579 100.000000 100.000000 91.578947 96.703297 98.387097
mmu-mir-326 91.578947 89.010989 97.500000 91.578947 88.421053 92.631579 92.631579 100.000000 92.631579 93.617021 98.947368 91.208791 91.935484
ppy-mir-326 96.842105 96.703297 91.250000 96.842105 93.684211 100.000000 100.000000 92.631579 100.000000 100.000000 91.578947 96.703297 98.387097
ptr-mir-326 96.808511 95.604396 91.250000 96.808511 93.617021 100.000000 100.000000 93.617021 100.000000 100.000000 92.553191 95.604396 98.387097
rno-mir-326 90.526316 87.912088 95.000000 90.526316 87.368421 91.578947 91.578947 98.947368 91.578947 92.553191 100.000000 90.109890 91.935484
ssc-mir-326 98.901099 95.604396 90.000000 98.901099 95.604396 96.703297 96.703297 91.208791 96.703297 95.604396 90.109890 100.000000 95.161290
tch-mir-326 96.774194 98.387097 93.548387 96.774194 95.161290 98.387097 98.387097 91.935484 98.387097 98.387097 91.935484 95.161290 100.000000
