28
bta-mir-374a 100.000000 75.000000 94.230769 84.615385 73.239437 100.000000 75.000000 100.000000 73.611111 97.222222 73.611111 97.222222 72.222222 70.000000 98.611111 72.222222 72.222222 81.632653 100.000000 75.000000 95.833333 97.183099 73.239437 67.647059 97.222222 70.833333 94.230769 82.692308
bta-mir-374b 75.000000 100.000000 84.615385 100.000000 95.774648 68.421053 100.000000 75.000000 100.000000 73.684211 97.894737 75.000000 98.611111 72.857143 73.611111 98.611111 92.631579 79.591837 75.000000 100.000000 75.000000 76.056338 98.591549 91.176471 67.500000 100.000000 82.692308 98.076923
cfa-mir-374a 94.230769 84.615385 100.000000 84.615385 86.538462 94.230769 84.615385 94.230769 84.615385 94.230769 84.615385 94.230769 84.615385 73.076923 92.307692 84.615385 86.538462 77.551020 94.230769 84.615385 96.153846 94.230769 84.615385 84.615385 94.230769 84.615385 86.538462 86.538462
cfa-mir-374b 84.615385 100.000000 84.615385 100.000000 98.076923 84.615385 100.000000 84.615385 100.000000 84.615385 98.076923 84.615385 98.076923 75.000000 82.692308 98.076923 96.153846 79.591837 84.615385 100.000000 84.615385 84.615385 98.076923 92.307692 84.615385 100.000000 82.692308 98.076923
cgr-mir-374  73.239437 95.774648 86.538462 98.076923 100.000000 73.239437 95.774648 73.239437 95.774648 73.239437 94.366197 73.239437 94.366197 70.000000 71.830986 94.366197 92.957746 79.591837 73.239437 95.774648 73.239437 73.239437 94.366197 92.647059 73.239437 94.366197 84.615385 96.153846
chi-mir-374a 100.000000 68.421053 94.230769 84.615385 73.239437 100.000000 58.558559 100.000000 73.611111 92.792793 57.657658 97.222222 72.222222 70.000000 98.611111 72.222222 66.315789 81.632653 100.000000 68.421053 95.833333 97.183099 73.239437 67.647059 93.750000 73.750000 94.230769 82.692308
chi-mir-374b 75.000000 100.000000 84.615385 100.000000 95.774648 58.558559 100.000000 75.000000 100.000000 63.063063 98.214286 75.000000 98.611111 72.857143 73.611111 98.611111 92.631579 79.591837 75.000000 100.000000 75.000000 76.056338 98.591549 91.176471 67.500000 100.000000 82.692308 98.076923
eca-mir-374a 100.000000 75.000000 94.230769 84.615385 73.239437 100.000000 75.000000 100.000000 73.611111 97.222222 73.611111 97.222222 72.222222 70.000000 98.611111 72.222222 72.222222 81.632653 100.000000 75.000000 95.833333 97.183099 73.239437 67.647059 97.222222 70.833333 94.230769 82.692308
eca-mir-374b 73.611111 100.000000 84.615385 100.000000 95.774648 73.611111 100.000000 73.611111 100.000000 73.611111 98.611111 73.611111 98.611111 72.857143 72.222222 98.611111 88.888889 79.591837 73.611111 100.000000 73.611111 74.647887 98.591549 91.176471 70.833333 97.222222 82.692308 98.076923
ggo-mir-374a 97.222222 73.684211 94.230769 84.615385 73.239437 92.792793 63.063063 97.222222 73.611111 100.000000 61.261261 100.000000 72.222222 68.571429 98.611111 72.222222 71.578947 79.591837 97.222222 73.684211 98.611111 100.000000 73.239437 67.647059 91.250000 73.750000 92.307692 82.692308
ggo-mir-374b 73.611111 97.894737 84.615385 98.076923 94.366197 57.657658 98.214286 73.611111 98.611111 61.261261 100.000000 73.611111 100.000000 74.285714 72.222222 100.000000 92.631579 81.632653 73.611111 97.894737 73.611111 74.647887 100.000000 92.647059 66.250000 98.750000 80.769231 98.076923
hsa-mir-374a 97.222222 75.000000 94.230769 84.615385 73.239437 97.222222 75.000000 97.222222 73.611111 100.000000 73.611111 100.000000 72.222222 68.571429 98.611111 72.222222 72.222222 79.591837 97.222222 75.000000 98.611111 100.000000 73.239437 67.647059 94.444444 70.833333 92.307692 82.692308
hsa-mir-374b 72.222222 98.611111 84.615385 98.076923 94.366197 72.222222 98.611111 72.222222 98.611111 72.222222 100.000000 72.222222 100.000000 74.285714 70.833333 100.000000 90.277778 81.632653 72.222222 98.611111 72.222222 73.239437 100.000000 92.647059 69.444444 95.833333 80.769231 98.076923
hsa-mir-374c 70.000000 72.857143 73.076923 75.000000 70.000000 70.000000 72.857143 70.000000 72.857143 68.571429 74.285714 68.571429 74.285714 100.000000 68.571429 74.285714 72.857143 97.959184 70.000000 72.857143 65.714286 68.571429 74.285714 72.058824 68.571429 70.000000 73.076923 75.000000
mml-mir-374a 98.611111 73.611111 92.307692 82.692308 71.830986 98.611111 73.611111 98.611111 72.222222 98.611111 72.222222 98.611111 70.833333 68.571429 100.000000 70.833333 70.833333 79.591837 98.611111 73.611111 97.222222 98.591549 71.830986 66.176471 95.833333 69.444444 96.153846 80.769231
mml-mir-374b 72.222222 98.611111 84.615385 98.076923 94.366197 72.222222 98.611111 72.222222 98.611111 72.222222 100.000000 72.222222 100.000000 74.285714 70.833333 100.000000 90.277778 81.632653 72.222222 98.611111 72.222222 73.239437 100.000000 92.647059 69.444444 95.833333 80.769231 98.076923
mmu-mir-374b 72.222222 92.631579 86.538462 96.153846 92.957746 66.315789 92.631579 72.222222 88.888889 71.578947 92.631579 72.222222 90.277778 72.857143 70.833333 90.277778 100.000000 81.632653 72.222222 92.631579 72.222222 73.239437 91.549296 95.588235 65.000000 91.250000 82.692308 96.153846
mmu-mir-374c 81.632653 79.591837 77.551020 79.591837 79.591837 81.632653 79.591837 81.632653 79.591837 79.591837 81.632653 79.591837 81.632653 97.959184 79.591837 81.632653 81.632653 100.000000 81.632653 79.591837 75.510204 79.591837 81.632653 79.591837 81.632653 79.591837 79.591837 79.591837
oar-mir-374a 100.000000 75.000000 94.230769 84.615385 73.239437 100.000000 75.000000 100.000000 73.611111 97.222222 73.611111 97.222222 72.222222 70.000000 98.611111 72.222222 72.222222 81.632653 100.000000 75.000000 95.833333 97.183099 73.239437 67.647059 97.222222 70.833333 94.230769 82.692308
oar-mir-374b 75.000000 100.000000 84.615385 100.000000 95.774648 68.421053 100.000000 75.000000 100.000000 73.684211 97.894737 75.000000 98.611111 72.857143 73.611111 98.611111 92.631579 79.591837 75.000000 100.000000 75.000000 76.056338 98.591549 91.176471 67.500000 100.000000 82.692308 98.076923
ppy-mir-374a 95.833333 75.000000 96.153846 84.615385 73.239437 95.833333 75.000000 95.833333 73.611111 98.611111 73.611111 98.611111 72.222222 65.714286 97.222222 72.222222 72.222222 75.510204 95.833333 75.000000 100.000000 98.591549 73.239437 67.647059 93.055556 70.833333 90.384615 82.692308
ptr-mir-374a 97.183099 76.056338 94.230769 84.615385 73.239437 97.183099 76.056338 97.183099 74.647887 100.000000 74.647887 100.000000 73.239437 68.571429 98.591549 73.239437 73.239437 79.591837 97.183099 76.056338 98.591549 100.000000 73.239437 67.647059 94.366197 71.830986 92.307692 82.692308
ptr-mir-374b 73.239437 98.591549 84.615385 98.076923 94.366197 73.239437 98.591549 73.239437 98.591549 73.239437 100.000000 73.239437 100.000000 74.285714 71.830986 100.000000 91.549296 81.632653 73.239437 98.591549 73.239437 73.239437 100.000000 92.647059 70.422535 95.774648 80.769231 98.076923
rno-mir-374  67.647059 91.176471 84.615385 92.307692 92.647059 67.647059 91.176471 67.647059 91.176471 67.647059 92.647059 67.647059 92.647059 72.058824 66.176471 92.647059 95.588235 79.591837 67.647059 91.176471 67.647059 67.647059 92.647059 100.000000 67.647059 89.705882 76.923077 92.307692
ssc-mir-374a 97.222222 67.500000 94.230769 84.615385 73.239437 93.750000 67.500000 97.222222 70.833333 91.250000 66.250000 94.444444 69.444444 68.571429 95.833333 69.444444 65.000000 81.632653 97.222222 67.500000 93.055556 94.366197 70.422535 67.647059 100.000000 67.500000 94.230769 82.692308
ssc-mir-374b 70.833333 100.000000 84.615385 100.000000 94.366197 73.750000 100.000000 70.833333 97.222222 73.750000 98.750000 70.833333 95.833333 70.000000 69.444444 95.833333 91.250000 79.591837 70.833333 100.000000 70.833333 71.830986 95.774648 89.705882 67.500000 100.000000 82.692308 98.076923
tch-mir-374a 94.230769 82.692308 86.538462 82.692308 84.615385 94.230769 82.692308 94.230769 82.692308 92.307692 80.769231 92.307692 80.769231 73.076923 96.153846 80.769231 82.692308 79.591837 94.230769 82.692308 90.384615 92.307692 80.769231 76.923077 94.230769 82.692308 100.000000 80.769231
tch-mir-374b 82.692308 98.076923 86.538462 98.076923 96.153846 82.692308 98.076923 82.692308 98.076923 82.692308 98.076923 82.692308 98.076923 75.000000 80.769231 98.076923 96.153846 79.591837 82.692308 98.076923 82.692308 82.692308 98.076923 92.307692 82.692308 98.076923 80.769231 100.000000
