8
cfa-mir-325 100.000000 98.717949 96.808511 95.744681 98.936170 93.617021 98.936170 98.936170
cgr-mir-325 98.717949 100.000000 94.871795 93.589744 100.000000 91.025641 100.000000 98.717949
hsa-mir-325 96.808511 94.871795 100.000000 97.959184 94.897959 97.959184 94.897959 95.744681
mml-mir-325 95.744681 93.589744 97.959184 100.000000 92.857143 95.918367 92.857143 94.680851
mmu-mir-325 98.936170 100.000000 94.897959 92.857143 100.000000 91.836735 100.000000 97.872340
ppy-mir-325 93.617021 91.025641 97.959184 95.918367 91.836735 100.000000 91.836735 92.553191
rno-mir-325 98.936170 100.000000 94.897959 92.857143 100.000000 91.836735 100.000000 97.872340
ssc-mir-325 98.936170 98.717949 95.744681 94.680851 97.872340 92.553191 97.872340 100.000000
