14
bta-mir-582 100.000000 97.530864 96.250000 97.959184 97.058824 88.607595 92.857143 92.857143 93.877551 95.061728 92.857143 92.783505 95.061728 96.103896
cfa-mir-582 97.530864 100.000000 95.000000 98.765432 97.058824 89.873418 93.827160 93.827160 93.827160 96.296296 93.827160 93.827160 96.296296 96.103896
cgr-mir-582 96.250000 95.000000 100.000000 98.750000 98.529412 91.139241 95.000000 95.000000 93.750000 96.250000 95.000000 95.000000 96.250000 97.402597
chi-mir-582 97.959184 98.765432 98.750000 100.000000 98.529412 92.405063 94.339623 93.877551 92.857143 97.530864 93.877551 93.814433 97.530864 97.402597
eca-mir-582 97.058824 97.058824 98.529412 98.529412 100.000000 91.176471 97.058824 97.058824 95.588235 97.058824 97.058824 97.058824 97.058824 98.529412
efu-mir-582 88.607595 89.873418 91.139241 92.405063 91.176471 100.000000 88.607595 88.607595 87.341772 89.873418 88.607595 88.607595 89.873418 92.207792
ggo-mir-582 92.857143 93.827160 95.000000 94.339623 97.058824 88.607595 100.000000 100.000000 98.979592 93.827160 100.000000 100.000000 93.827160 96.103896
hsa-mir-582 92.857143 93.827160 95.000000 93.877551 97.058824 88.607595 100.000000 100.000000 98.979592 93.827160 100.000000 100.000000 93.827160 96.103896
mml-mir-582 93.877551 93.827160 93.750000 92.857143 95.588235 87.341772 98.979592 98.979592 100.000000 92.592593 98.979592 98.969072 92.592593 94.805195
mmu-mir-582 95.061728 96.296296 96.250000 97.530864 97.058824 89.873418 93.827160 93.827160 92.592593 100.000000 93.827160 93.827160 100.000000 96.103896
ppy-mir-582 92.857143 93.827160 95.000000 93.877551 97.058824 88.607595 100.000000 100.000000 98.979592 93.827160 100.000000 100.000000 93.827160 96.103896
ptr-mir-582 92.783505 93.827160 95.000000 93.814433 97.058824 88.607595 100.000000 100.000000 98.969072 93.827160 100.000000 100.000000 93.827160 96.103896
rno-mir-582 95.061728 96.296296 96.250000 97.530864 97.058824 89.873418 93.827160 93.827160 92.592593 100.000000 93.827160 93.827160 100.000000 96.103896
ssc-mir-582 96.103896 96.103896 97.402597 97.402597 98.529412 92.207792 96.103896 96.103896 94.805195 96.103896 96.103896 96.103896 96.103896 100.000000
