17
bta-mir-186 100.000000 100.000000 96.202532 100.000000 100.000000 97.674419 97.674419 86.764706 96.511628 97.183099 86.904762 97.674419 97.674419 97.674419 97.674419 98.780488 95.161290
cfa-mir-186 100.000000 100.000000 98.360656 100.000000 100.000000 98.360656 98.360656 86.885246 96.721311 96.721311 83.606557 98.360656 98.360656 98.360656 98.360656 98.360656 95.081967
cgr-mir-186 96.202532 98.360656 100.000000 96.202532 98.591549 92.405063 92.405063 86.764706 91.139241 98.591549 82.278481 92.405063 92.405063 92.405063 98.734177 92.405063 93.548387
chi-mir-186 100.000000 100.000000 96.202532 100.000000 100.000000 97.674419 97.674419 86.764706 96.511628 97.183099 86.904762 97.674419 97.674419 97.674419 97.674419 98.780488 95.161290
eca-mir-186 100.000000 100.000000 98.591549 100.000000 100.000000 98.591549 98.591549 86.764706 97.183099 97.183099 85.915493 98.591549 98.591549 98.591549 98.591549 98.591549 95.161290
ggo-mir-186 97.674419 98.360656 92.405063 97.674419 98.591549 100.000000 100.000000 86.764706 98.837209 95.774648 85.714286 100.000000 100.000000 100.000000 95.348837 96.341463 96.774194
hsa-mir-186 97.674419 98.360656 92.405063 97.674419 98.591549 100.000000 100.000000 86.764706 98.837209 95.774648 85.714286 100.000000 100.000000 100.000000 95.348837 96.341463 96.774194
mdo-mir-186 86.764706 86.885246 86.764706 86.764706 86.764706 86.764706 86.764706 100.000000 85.294118 85.294118 86.764706 86.764706 86.764706 86.764706 86.764706 86.764706 82.258065
mml-mir-186 96.511628 96.721311 91.139241 96.511628 97.183099 98.837209 98.837209 85.294118 100.000000 94.366197 84.523810 98.837209 98.837209 98.837209 94.186047 95.121951 95.161290
mmu-mir-186 97.183099 96.721311 98.591549 97.183099 97.183099 95.774648 95.774648 85.294118 94.366197 100.000000 84.507042 95.774648 95.774648 95.774648 98.591549 94.366197 91.935484
oan-mir-186 86.904762 83.606557 82.278481 86.904762 85.915493 85.714286 85.714286 86.764706 84.523810 84.507042 100.000000 85.714286 85.714286 85.714286 84.523810 82.926829 80.645161
ppa-mir-186 97.674419 98.360656 92.405063 97.674419 98.591549 100.000000 100.000000 86.764706 98.837209 95.774648 85.714286 100.000000 100.000000 100.000000 95.348837 96.341463 96.774194
ppy-mir-186 97.674419 98.360656 92.405063 97.674419 98.591549 100.000000 100.000000 86.764706 98.837209 95.774648 85.714286 100.000000 100.000000 100.000000 95.348837 96.341463 96.774194
ptr-mir-186 97.674419 98.360656 92.405063 97.674419 98.591549 100.000000 100.000000 86.764706 98.837209 95.774648 85.714286 100.000000 100.000000 100.000000 95.348837 96.341463 96.774194
rno-mir-186 97.674419 98.360656 98.734177 97.674419 98.591549 95.348837 95.348837 86.764706 94.186047 98.591549 84.523810 95.348837 95.348837 95.348837 100.000000 95.121951 93.548387
ssc-mir-186 98.780488 98.360656 92.405063 98.780488 98.591549 96.341463 96.341463 86.764706 95.121951 94.366197 82.926829 96.341463 96.341463 96.341463 95.121951 100.000000 93.548387
tch-mir-186 95.161290 95.081967 93.548387 95.161290 95.161290 96.774194 96.774194 82.258065 95.161290 91.935484 80.645161 96.774194 96.774194 96.774194 93.548387 93.548387 100.000000
