19
aca-mir-1306 100.000000 98.275862 98.275862 98.550725 97.101449 97.101449 100.000000 97.101449 97.101449 96.551724 98.550725 97.101449 85.507246 97.101449 97.101449 98.550725 98.550725 98.360656 100.000000
bta-mir-1306 98.275862 100.000000 100.000000 100.000000 98.275862 94.827586 98.275862 98.275862 98.275862 98.275862 100.000000 94.827586 93.103448 98.275862 98.275862 100.000000 100.000000 100.000000 98.275862
cfa-mir-1306 98.275862 100.000000 100.000000 100.000000 98.275862 94.827586 98.275862 98.275862 98.275862 98.275862 100.000000 94.827586 93.103448 98.275862 98.275862 100.000000 100.000000 100.000000 98.275862
cgr-mir-1306 98.550725 100.000000 100.000000 100.000000 97.500000 95.652174 98.550725 98.750000 98.750000 98.275862 100.000000 93.750000 73.750000 98.750000 98.750000 100.000000 96.250000 100.000000 92.500000
chi-mir-1306 97.101449 98.275862 98.275862 97.500000 100.000000 92.753623 97.101449 94.174757 94.117647 96.551724 97.468354 82.608696 58.252427 94.117647 94.047619 98.630137 98.750000 98.360656 83.529412
dre-mir-1306 97.101449 94.827586 94.827586 95.652174 92.753623 100.000000 97.101449 94.202899 94.202899 93.103448 95.652174 97.101449 85.507246 94.202899 94.202899 95.652174 95.652174 95.081967 97.101449
gga-mir-1306 100.000000 98.275862 98.275862 98.550725 97.101449 97.101449 100.000000 97.101449 97.101449 96.551724 98.550725 97.101449 85.507246 97.101449 97.101449 98.550725 98.550725 98.360656 100.000000
ggo-mir-1306 97.101449 98.275862 98.275862 98.750000 94.174757 94.202899 97.101449 100.000000 100.000000 100.000000 98.734177 84.782609 55.963303 100.000000 100.000000 98.630137 97.500000 98.360656 88.235294
hsa-mir-1306 97.101449 98.275862 98.275862 98.750000 94.117647 94.202899 97.101449 100.000000 100.000000 100.000000 98.734177 89.411765 68.235294 100.000000 100.000000 98.630137 95.000000 98.360656 88.235294
mml-mir-1306 96.551724 98.275862 98.275862 98.275862 96.551724 93.103448 96.551724 100.000000 100.000000 100.000000 98.275862 93.103448 91.379310 100.000000 100.000000 98.275862 98.275862 98.275862 96.551724
mmu-mir-1306 98.550725 100.000000 100.000000 100.000000 97.468354 95.652174 98.550725 98.734177 98.734177 98.275862 100.000000 92.405063 74.683544 98.734177 98.734177 100.000000 96.202532 100.000000 93.670886
oha-mir-1306 97.101449 94.827586 94.827586 93.750000 82.608696 97.101449 97.101449 84.782609 89.411765 93.103448 92.405063 100.000000 67.391304 89.411765 90.476190 94.520548 87.500000 95.081967 91.764706
ola-mir-1306 85.507246 93.103448 93.103448 73.750000 58.252427 85.507246 85.507246 55.963303 68.235294 91.379310 74.683544 67.391304 100.000000 68.235294 69.047619 80.821918 73.750000 88.524590 71.764706
ppy-mir-1306 97.101449 98.275862 98.275862 98.750000 94.117647 94.202899 97.101449 100.000000 100.000000 100.000000 98.734177 89.411765 68.235294 100.000000 100.000000 98.630137 95.000000 98.360656 88.235294
ptr-mir-1306 97.101449 98.275862 98.275862 98.750000 94.047619 94.202899 97.101449 100.000000 100.000000 100.000000 98.734177 90.476190 69.047619 100.000000 100.000000 98.630137 95.000000 98.360656 89.285714
rno-mir-1306 98.550725 100.000000 100.000000 100.000000 98.630137 95.652174 98.550725 98.630137 98.630137 98.275862 100.000000 94.520548 80.821918 98.630137 98.630137 100.000000 98.630137 100.000000 97.260274
ssc-mir-1306 98.550725 100.000000 100.000000 96.250000 98.750000 95.652174 98.550725 97.500000 95.000000 98.275862 96.202532 87.500000 73.750000 95.000000 95.000000 98.630137 100.000000 100.000000 87.500000
tch-mir-1306 98.360656 100.000000 100.000000 100.000000 98.360656 95.081967 98.360656 98.360656 98.360656 98.275862 100.000000 95.081967 88.524590 98.360656 98.360656 100.000000 100.000000 100.000000 98.360656
xla-mir-1306 100.000000 98.275862 98.275862 92.500000 83.529412 97.101449 100.000000 88.235294 88.235294 96.551724 93.670886 91.764706 71.764706 88.235294 89.285714 97.260274 87.500000 98.360656 100.000000
