22
aca-mir-451  100.000000 67.605634 68.115942 67.605634 78.333333 65.277778 71.014493 65.277778 54.411765 77.419355 63.888889 68.055556 51.388889 69.863014 89.830508 54.794521 65.277778 66.197183 68.055556 72.307692 60.273973 72.580645
bta-mir-451  67.605634 100.000000 91.304348 100.000000 80.000000 88.732394 73.913043 87.323944 67.647059 83.870968 84.507042 88.732394 64.788732 85.915493 77.966102 73.239437 87.323944 87.323944 87.323944 96.923077 66.197183 85.483871
cfa-mir-451  68.115942 91.304348 100.000000 91.304348 80.000000 94.202899 72.463768 95.652174 72.058824 82.258065 92.753623 94.202899 68.115942 88.405797 77.966102 73.913043 95.652174 95.652174 95.652174 93.846154 66.666667 82.258065
chi-mir-451  67.605634 100.000000 91.304348 100.000000 80.000000 88.732394 73.913043 87.323944 67.647059 83.870968 84.507042 88.732394 64.788732 85.915493 77.966102 73.239437 87.323944 87.323944 87.323944 96.923077 66.197183 85.483871
dre-mir-451  78.333333 80.000000 80.000000 80.000000 100.000000 75.000000 80.000000 78.333333 63.333333 80.000000 80.000000 80.000000 66.666667 78.333333 83.050847 70.000000 78.333333 78.333333 80.000000 78.333333 80.000000 85.000000
eca-mir-451  65.277778 88.732394 94.202899 88.732394 75.000000 100.000000 66.666667 91.666667 70.588235 82.258065 90.277778 91.666667 65.277778 83.333333 81.355932 72.222222 91.666667 91.549296 88.888889 90.769231 61.111111 80.645161
gga-mir-451  71.014493 73.913043 72.463768 73.913043 80.000000 66.666667 100.000000 71.014493 55.882353 75.806452 71.014493 71.014493 53.623188 69.565217 79.661017 55.072464 71.014493 71.014493 69.565217 75.384615 82.608696 79.032258
hsa-mir-451a 65.277778 87.323944 95.652174 87.323944 78.333333 91.666667 71.014493 100.000000 76.470588 79.032258 97.222222 90.277778 70.833333 81.944444 81.355932 68.055556 100.000000 100.000000 90.277778 89.230769 62.500000 87.096774
hsa-mir-451b 54.411765 67.647059 72.058824 67.647059 63.333333 70.588235 55.882353 76.470588 100.000000 54.838710 75.000000 75.000000 92.647059 69.117647 64.406780 61.764706 76.470588 76.470588 73.529412 69.230769 48.529412 64.516129
mdo-mir-451  77.419355 83.870968 82.258065 83.870968 80.000000 82.258065 75.806452 79.032258 54.838710 100.000000 80.645161 83.870968 58.064516 87.096774 77.966102 72.580645 79.032258 79.032258 83.870968 80.645161 79.032258 80.645161
mml-mir-451  63.888889 84.507042 92.753623 84.507042 80.000000 90.277778 71.014493 97.222222 75.000000 80.645161 100.000000 88.888889 69.444444 80.555556 79.661017 68.055556 97.222222 97.183099 87.500000 84.615385 62.500000 88.709677
mmu-mir-451a 68.055556 88.732394 94.202899 88.732394 80.000000 91.666667 71.014493 90.277778 75.000000 83.870968 88.888889 100.000000 69.444444 87.500000 77.966102 75.000000 90.277778 90.140845 97.222222 93.846154 65.277778 90.322581
mmu-mir-451b 51.388889 64.788732 68.115942 64.788732 66.666667 65.277778 53.623188 70.833333 92.647059 58.064516 69.444444 69.444444 100.000000 65.277778 64.406780 63.888889 70.833333 71.830986 68.055556 69.230769 50.000000 67.741935
oan-mir-451  69.863014 85.915493 88.405797 85.915493 78.333333 83.333333 69.565217 81.944444 69.117647 87.096774 80.555556 87.500000 65.277778 100.000000 77.966102 68.493151 81.944444 83.098592 86.111111 90.769231 69.863014 79.032258
oha-mir-451  89.830508 77.966102 77.966102 77.966102 83.050847 81.355932 79.661017 81.355932 64.406780 77.966102 79.661017 77.966102 64.406780 77.966102 100.000000 64.406780 81.355932 81.355932 77.966102 76.271186 69.491525 79.661017
pma-mir-451  54.794521 73.239437 73.913043 73.239437 70.000000 72.222222 55.072464 68.055556 61.764706 72.580645 68.055556 75.000000 63.888889 68.493151 64.406780 100.000000 68.055556 69.014085 75.000000 80.000000 49.315068 79.032258
ppy-mir-451  65.277778 87.323944 95.652174 87.323944 78.333333 91.666667 71.014493 100.000000 76.470588 79.032258 97.222222 90.277778 70.833333 81.944444 81.355932 68.055556 100.000000 100.000000 90.277778 89.230769 62.500000 87.096774
ptr-mir-451  66.197183 87.323944 95.652174 87.323944 78.333333 91.549296 71.014493 100.000000 76.470588 79.032258 97.183099 90.140845 71.830986 83.098592 81.355932 69.014085 100.000000 100.000000 91.549296 89.230769 63.380282 87.096774
rno-mir-451  68.055556 87.323944 95.652174 87.323944 80.000000 88.888889 69.565217 90.277778 73.529412 83.870968 87.500000 97.222222 68.055556 86.111111 77.966102 75.000000 90.277778 91.549296 100.000000 92.307692 63.888889 90.322581
ssc-mir-451  72.307692 96.923077 93.846154 96.923077 78.333333 90.769231 75.384615 89.230769 69.230769 80.645161 84.615385 93.846154 69.230769 90.769231 76.271186 80.000000 89.230769 89.230769 92.307692 100.000000 69.230769 83.870968
tgu-mir-451  60.273973 66.197183 66.666667 66.197183 80.000000 61.111111 82.608696 62.500000 48.529412 79.032258 62.500000 65.277778 50.000000 69.863014 69.491525 49.315068 62.500000 63.380282 63.888889 69.230769 100.000000 72.580645
xtr-mir-451  72.580645 85.483871 82.258065 85.483871 85.000000 80.645161 79.032258 87.096774 64.516129 80.645161 88.709677 90.322581 67.741935 79.032258 79.661017 79.032258 87.096774 87.096774 90.322581 83.870968 72.580645 100.000000
