13
bta-mir-1271  100.000000 96.551724 85.000000 100.000000 92.982456 53.488372 94.871795 96.511628 95.348837 95.348837 96.511628 94.117647 97.435897
cfa-mir-1271  96.551724 100.000000 86.206897 96.551724 96.491228 51.724138 96.551724 98.275862 96.551724 96.551724 98.275862 98.275862 98.275862
cgr-mir-1271  85.000000 86.206897 100.000000 85.000000 89.473684 46.250000 84.615385 85.000000 86.250000 83.750000 85.000000 83.750000 82.051282
chi-mir-1271  100.000000 96.551724 85.000000 100.000000 92.982456 45.714286 94.871795 95.238095 95.348837 95.238095 96.511628 94.117647 97.435897
eca-mir-1271a 92.982456 96.491228 89.473684 92.982456 100.000000 56.140351 94.736842 92.982456 91.228070 91.228070 92.982456 92.982456 94.736842
eca-mir-1271b 53.488372 51.724138 46.250000 45.714286 56.140351 100.000000 55.128205 43.119266 52.325581 42.201835 52.325581 50.588235 56.410256
efu-mir-1271  94.871795 96.551724 84.615385 94.871795 94.736842 55.128205 100.000000 94.871795 93.589744 93.589744 94.871795 94.871795 94.871795
ggo-mir-1271  96.511628 98.275862 85.000000 95.238095 92.982456 43.119266 94.871795 100.000000 98.837209 97.247706 100.000000 97.647059 96.153846
hsa-mir-1271  95.348837 96.551724 86.250000 95.348837 91.228070 52.325581 93.589744 98.837209 100.000000 97.674419 98.837209 96.470588 94.871795
mml-mir-1271  95.348837 96.551724 83.750000 95.238095 91.228070 42.201835 93.589744 97.247706 97.674419 100.000000 98.837209 96.470588 94.871795
ppy-mir-1271  96.511628 98.275862 85.000000 96.511628 92.982456 52.325581 94.871795 100.000000 98.837209 98.837209 100.000000 97.647059 96.153846
ptr-mir-1271  94.117647 98.275862 83.750000 94.117647 92.982456 50.588235 94.871795 97.647059 96.470588 96.470588 97.647059 100.000000 96.153846
ssc-mir-1271  97.435897 98.275862 82.051282 97.435897 94.736842 56.410256 94.871795 96.153846 94.871795 94.871795 96.153846 96.153846 100.000000
