8
bta-mir-877 100.000000 94.117647 84.313725 83.720930 86.274510 78.823529 84.883721 77.647059
chi-mir-877 94.117647 100.000000 81.250000 79.069767 81.553398 78.823529 80.232558 77.647059
ggo-mir-877 84.313725 81.250000 100.000000 100.000000 97.087379 75.294118 97.674419 75.294118
hsa-mir-877 83.720930 79.069767 100.000000 100.000000 96.511628 75.294118 97.674419 75.294118
mml-mir-877 86.274510 81.553398 97.087379 96.511628 100.000000 76.470588 98.837209 76.470588
mmu-mir-877 78.823529 78.823529 75.294118 75.294118 76.470588 100.000000 74.117647 98.823529
ppy-mir-877 84.883721 80.232558 97.674419 97.674419 98.837209 74.117647 100.000000 74.117647
rno-mir-877 77.647059 77.647059 75.294118 75.294118 76.470588 98.823529 74.117647 100.000000
