13
bta-mir-708 100.000000 95.652174 87.000000 100.000000 96.774194 96.590909 96.590909 89.908257 96.590909 96.551724 90.909091 96.250000 86.956522
cfa-mir-708 95.652174 100.000000 91.304348 95.652174 94.202899 92.753623 92.753623 88.405797 92.753623 92.753623 88.405797 95.652174 86.956522
cgr-mir-708 87.000000 91.304348 100.000000 92.000000 93.548387 96.590909 96.590909 92.000000 96.590909 97.701149 98.863636 96.250000 91.304348
chi-mir-708 100.000000 95.652174 92.000000 100.000000 96.774194 96.590909 96.590909 89.908257 96.590909 96.551724 90.909091 96.250000 86.956522
eca-mir-708 96.774194 94.202899 93.548387 96.774194 100.000000 97.727273 97.727273 94.623656 97.727273 98.850575 95.454545 98.750000 91.304348
hsa-mir-708 96.590909 92.753623 96.590909 96.590909 97.727273 100.000000 100.000000 95.454545 100.000000 100.000000 95.454545 97.500000 92.753623
mml-mir-708 96.590909 92.753623 96.590909 96.590909 97.727273 100.000000 100.000000 95.454545 100.000000 100.000000 95.454545 97.500000 92.753623
mmu-mir-708 89.908257 88.405797 92.000000 89.908257 94.623656 95.454545 95.454545 100.000000 95.454545 96.551724 100.000000 95.000000 89.855072
ppy-mir-708 96.590909 92.753623 96.590909 96.590909 97.727273 100.000000 100.000000 95.454545 100.000000 100.000000 95.454545 97.500000 92.753623
ptr-mir-708 96.551724 92.753623 97.701149 96.551724 98.850575 100.000000 100.000000 96.551724 100.000000 100.000000 96.551724 97.500000 92.753623
rno-mir-708 90.909091 88.405797 98.863636 90.909091 95.454545 95.454545 95.454545 100.000000 95.454545 96.551724 100.000000 95.000000 89.855072
ssc-mir-708 96.250000 95.652174 96.250000 96.250000 98.750000 97.500000 97.500000 95.000000 97.500000 97.500000 95.000000 100.000000 89.855072
tch-mir-708 86.956522 86.956522 91.304348 86.956522 91.304348 92.753623 92.753623 89.855072 92.753623 92.753623 89.855072 89.855072 100.000000
