21
aca-mir-145  100.000000 88.636364 91.566265 88.636364 69.791667 91.428571 93.827160 88.636364 88.636364 92.857143 87.500000 90.000000 66.666667 97.222222 68.333333 51.851852 88.636364 88.636364 89.772727 88.372093 77.906977
bta-mir-145  88.636364 100.000000 100.000000 100.000000 64.772727 100.000000 100.000000 100.000000 100.000000 98.571429 98.863636 98.571429 72.727273 90.277778 68.333333 54.320988 100.000000 100.000000 96.590909 98.837209 82.558140
cfa-mir-145  91.566265 100.000000 100.000000 100.000000 65.060241 100.000000 100.000000 100.000000 100.000000 98.571429 98.795181 98.571429 75.903614 90.277778 68.333333 54.320988 100.000000 100.000000 96.385542 96.385542 80.722892
chi-mir-145  88.636364 100.000000 100.000000 100.000000 64.772727 100.000000 100.000000 100.000000 100.000000 98.571429 98.863636 98.571429 72.727273 90.277778 68.333333 54.320988 100.000000 100.000000 96.590909 98.837209 82.558140
dre-mir-145  69.791667 64.772727 65.060241 64.772727 100.000000 65.714286 66.666667 64.772727 64.772727 67.142857 65.909091 68.571429 53.061224 79.166667 80.000000 44.444444 64.772727 64.772727 69.318182 68.604651 72.093023
eca-mir-145  91.428571 100.000000 100.000000 100.000000 65.714286 100.000000 100.000000 100.000000 100.000000 98.571429 98.571429 98.571429 77.142857 87.142857 68.333333 57.142857 100.000000 100.000000 98.571429 98.571429 85.714286
efu-mir-145  93.827160 100.000000 100.000000 100.000000 66.666667 100.000000 100.000000 100.000000 100.000000 98.571429 98.765432 98.571429 77.777778 90.277778 68.333333 54.320988 100.000000 100.000000 98.765432 98.765432 82.716049
ggo-mir-145  88.636364 100.000000 100.000000 100.000000 64.772727 100.000000 100.000000 100.000000 100.000000 98.571429 98.863636 98.571429 72.727273 90.277778 68.333333 54.320988 100.000000 100.000000 96.590909 98.837209 82.558140
hsa-mir-145  88.636364 100.000000 100.000000 100.000000 64.772727 100.000000 100.000000 100.000000 100.000000 98.571429 98.863636 98.571429 72.727273 90.277778 68.333333 54.320988 100.000000 100.000000 96.590909 98.837209 82.558140
mdo-mir-145  92.857143 98.571429 98.571429 98.571429 67.142857 98.571429 98.571429 98.571429 98.571429 100.000000 97.142857 97.142857 77.142857 88.571429 68.333333 57.142857 98.571429 98.571429 97.142857 97.142857 85.714286
mml-mir-145  87.500000 98.863636 98.795181 98.863636 65.909091 98.571429 98.765432 98.863636 98.863636 97.142857 100.000000 97.142857 71.590909 87.500000 68.333333 54.320988 98.863636 98.863636 95.454545 97.674419 82.558140
mmu-mir-145a 90.000000 98.571429 98.571429 98.571429 68.571429 98.571429 98.571429 98.571429 98.571429 97.142857 97.142857 100.000000 75.714286 85.714286 71.666667 58.571429 98.571429 98.571429 100.000000 97.142857 88.571429
oan-mir-145  66.666667 72.727273 75.903614 72.727273 53.061224 77.142857 77.777778 72.727273 72.727273 77.142857 71.590909 75.714286 100.000000 70.833333 60.000000 55.555556 72.727273 72.727273 73.863636 75.581395 65.116279
oha-mir-145  97.222222 90.277778 90.277778 90.277778 79.166667 87.142857 90.277778 90.277778 90.277778 88.571429 87.500000 85.714286 70.833333 100.000000 71.666667 50.000000 90.277778 90.277778 88.888889 87.500000 79.166667
ola-mir-145  68.333333 68.333333 68.333333 68.333333 80.000000 68.333333 68.333333 68.333333 68.333333 68.333333 68.333333 71.666667 60.000000 71.666667 100.000000 56.666667 68.333333 68.333333 71.666667 65.000000 70.000000
pma-mir-145  51.851852 54.320988 54.320988 54.320988 44.444444 57.142857 54.320988 54.320988 54.320988 57.142857 54.320988 58.571429 55.555556 50.000000 56.666667 100.000000 54.320988 54.320988 55.555556 54.320988 50.617284
ppy-mir-145  88.636364 100.000000 100.000000 100.000000 64.772727 100.000000 100.000000 100.000000 100.000000 98.571429 98.863636 98.571429 72.727273 90.277778 68.333333 54.320988 100.000000 100.000000 96.590909 98.837209 82.558140
ptr-mir-145  88.636364 100.000000 100.000000 100.000000 64.772727 100.000000 100.000000 100.000000 100.000000 98.571429 98.863636 98.571429 72.727273 90.277778 68.333333 54.320988 100.000000 100.000000 96.590909 98.837209 82.558140
rno-mir-145  89.772727 96.590909 96.385542 96.590909 69.318182 98.571429 98.765432 96.590909 96.590909 97.142857 95.454545 100.000000 73.863636 88.888889 71.666667 55.555556 96.590909 96.590909 100.000000 97.674419 86.046512
ssc-mir-145  88.372093 98.837209 96.385542 98.837209 68.604651 98.571429 98.765432 98.837209 98.837209 97.142857 97.674419 97.142857 75.581395 87.500000 65.000000 54.320988 98.837209 98.837209 97.674419 100.000000 83.720930
xtr-mir-145  77.906977 82.558140 80.722892 82.558140 72.093023 85.714286 82.716049 82.558140 82.558140 85.714286 82.558140 88.571429 65.116279 79.166667 70.000000 50.617284 82.558140 82.558140 86.046512 83.720930 100.000000
