9
hsa-mir-550a-1 100.000000 95.876289 98.947368 47.422680 51.546392 97.849462 100.000000 100.000000 98.958333
hsa-mir-550a-2 95.876289 100.000000 94.736842 51.546392 55.670103 96.774194 95.833333 95.833333 97.916667
hsa-mir-550a-3 98.947368 94.736842 100.000000 48.421053 52.631579 95.698925 98.947368 98.947368 97.894737
hsa-mir-550b-1 47.422680 51.546392 48.421053 100.000000 95.876289 50.537634 47.916667 47.916667 47.916667
hsa-mir-550b-2 51.546392 55.670103 52.631579 95.876289 100.000000 54.838710 52.083333 52.083333 52.083333
mml-mir-550    97.849462 96.774194 95.698925 50.537634 54.838710 100.000000 97.849462 96.774194 94.623656
ptr-mir-550-1  100.000000 95.833333 98.947368 47.916667 52.083333 97.849462 100.000000 98.958333 97.916667
ptr-mir-550-2  100.000000 95.833333 98.947368 47.916667 52.083333 96.774194 98.958333 100.000000 98.958333
ptr-mir-550-3  98.958333 97.916667 97.894737 47.916667 52.083333 94.623656 97.916667 98.958333 100.000000
