39
bta-mir-320a-1 100.000000 71.951220 100.000000 91.250000 91.463415 86.250000 93.902439 51.219512 94.444444 63.888889 60.563380 72.222222 66.666667 66.666667 68.055556 71.232877 87.654321 58.536585 59.756098 85.365854 86.585366 58.227848 53.658537 62.195122 84.000000 85.416667 89.583333 62.195122 86.419753 58.974359 54.878049 63.414634 85.714286 85.106383 91.489362 91.489362 63.414634 85.365854 86.250000
bta-mir-320a-2 71.951220 100.000000 100.000000 76.250000 81.707317 83.750000 79.268293 56.097561 84.722222 68.055556 63.380282 84.722222 73.611111 75.000000 75.000000 69.863014 80.246914 60.975610 67.073171 78.048780 79.268293 60.759494 56.097561 73.170732 84.000000 85.416667 89.583333 68.292683 80.246914 61.538462 57.317073 74.390244 85.714286 85.106383 91.489362 91.489362 69.512195 78.048780 83.750000
cfa-mir-320    100.000000 100.000000 100.000000 100.000000 100.000000 100.000000 100.000000 68.518519 100.000000 77.777778 70.370370 88.888889 83.333333 83.333333 85.185185 83.333333 100.000000 75.925926 81.481481 100.000000 100.000000 77.777778 68.518519 87.037037 84.000000 85.416667 89.583333 81.481481 100.000000 77.777778 70.370370 88.888889 85.714286 85.106383 91.489362 91.489362 83.333333 100.000000 100.000000
cgr-mir-320a   91.250000 76.250000 100.000000 100.000000 93.750000 87.500000 91.250000 55.000000 91.666667 68.055556 63.380282 77.777778 70.833333 72.222222 72.222222 73.972603 88.750000 62.500000 63.750000 88.750000 88.750000 59.493671 57.500000 68.750000 84.000000 85.416667 89.583333 66.250000 86.250000 60.256410 58.750000 70.000000 85.714286 85.106383 91.489362 91.489362 67.500000 88.750000 87.500000
chi-mir-320    91.463415 81.707317 100.000000 93.750000 100.000000 97.500000 91.860465 53.488372 95.833333 63.888889 63.380282 75.000000 70.833333 69.444444 72.222222 72.602740 93.827160 58.139535 56.976744 90.243902 92.682927 58.227848 55.813953 61.627907 84.000000 85.416667 89.583333 60.465116 92.592593 58.974359 56.976744 62.790698 85.714286 85.106383 91.489362 91.489362 61.627907 91.463415 97.500000
efu-mir-320    86.250000 83.750000 100.000000 87.500000 97.500000 100.000000 93.750000 55.000000 95.833333 63.888889 63.380282 75.000000 70.833333 69.444444 72.222222 72.602740 93.750000 60.000000 61.250000 90.000000 93.750000 58.227848 55.000000 66.250000 84.000000 85.416667 89.583333 65.000000 92.500000 58.974359 56.250000 67.500000 85.714286 85.106383 91.489362 91.489362 66.250000 91.250000 95.000000
ggo-mir-320a   93.902439 79.268293 100.000000 91.250000 91.860465 93.750000 100.000000 43.518519 100.000000 65.277778 60.563380 72.222222 69.444444 66.666667 70.833333 71.232877 100.000000 49.090909 51.376147 93.902439 100.000000 58.227848 44.144144 63.953488 84.000000 85.416667 89.583333 49.549550 98.765432 58.974359 45.045045 64.367816 85.714286 85.106383 91.489362 91.489362 50.450450 92.682927 96.250000
ggo-mir-320b   51.219512 56.097561 68.518519 55.000000 53.488372 55.000000 43.518519 100.000000 58.333333 54.166667 98.591549 63.888889 61.111111 66.666667 54.166667 58.904110 54.320988 91.666667 53.703704 48.780488 53.658537 51.898734 95.370370 55.813953 70.000000 77.083333 66.666667 46.296296 54.320988 52.564103 98.148148 55.172414 71.428571 76.595745 68.085106 68.085106 46.296296 51.219512 57.500000
hsa-mir-320a   94.444444 84.722222 100.000000 91.666667 95.833333 95.833333 100.000000 58.333333 100.000000 63.888889 60.563380 72.222222 69.444444 66.666667 70.833333 72.222222 100.000000 63.888889 68.055556 95.833333 100.000000 63.888889 58.333333 70.833333 84.000000 85.416667 89.583333 70.833333 98.611111 63.888889 59.722222 72.222222 85.714286 85.106383 91.489362 91.489362 72.222222 95.833333 97.222222
hsa-mir-320b-1 63.888889 68.055556 77.777778 68.055556 63.888889 63.888889 65.277778 54.166667 63.888889 100.000000 56.338028 70.833333 69.444444 59.722222 68.055556 59.722222 63.888889 58.333333 70.833333 63.888889 63.888889 94.444444 56.944444 68.055556 78.000000 77.083333 81.250000 58.333333 63.888889 95.833333 58.333333 70.833333 83.673469 74.468085 85.106383 82.978723 59.722222 63.888889 63.888889
hsa-mir-320b-2 60.563380 63.380282 70.370370 63.380282 63.380282 63.380282 60.563380 98.591549 60.563380 56.338028 100.000000 66.197183 63.380282 69.014085 56.338028 61.971831 60.563380 98.591549 66.197183 57.746479 60.563380 56.338028 95.774648 64.788732 72.000000 79.166667 68.750000 61.971831 60.563380 56.338028 100.000000 66.197183 73.469388 78.723404 70.212766 70.212766 61.971831 60.563380 63.380282
hsa-mir-320c-1 72.222222 84.722222 88.888889 77.777778 75.000000 75.000000 72.222222 63.888889 72.222222 70.833333 66.197183 100.000000 77.777778 79.166667 73.611111 75.000000 72.222222 68.055556 77.777778 72.222222 72.222222 69.444444 65.277778 98.611111 88.000000 89.583333 91.666667 73.611111 72.222222 69.444444 65.277778 100.000000 89.795918 89.361702 89.361702 93.617021 75.000000 72.222222 75.000000
hsa-mir-320c-2 66.666667 73.611111 83.333333 70.833333 70.833333 70.833333 69.444444 61.111111 69.444444 69.444444 63.380282 77.777778 100.000000 68.055556 72.222222 63.888889 69.444444 65.277778 93.055556 69.444444 69.444444 69.444444 62.500000 76.388889 98.000000 87.500000 81.250000 63.888889 69.444444 69.444444 62.500000 77.777778 100.000000 85.106383 74.468085 82.978723 63.888889 69.444444 70.833333
hsa-mir-320d-1 66.666667 75.000000 83.333333 72.222222 69.444444 69.444444 66.666667 66.666667 66.666667 59.722222 69.014085 79.166667 68.055556 100.000000 66.666667 68.055556 66.666667 70.833333 72.222222 66.666667 66.666667 56.944444 70.833333 77.777778 80.000000 97.916667 83.333333 63.888889 66.666667 56.944444 68.055556 79.166667 81.632653 100.000000 85.106383 82.978723 68.055556 66.666667 69.444444
hsa-mir-320d-2 68.055556 75.000000 85.185185 72.222222 72.222222 72.222222 70.833333 54.166667 70.833333 68.055556 56.338028 73.611111 72.222222 66.666667 100.000000 68.055556 70.833333 58.333333 65.277778 70.833333 70.833333 68.055556 55.555556 73.611111 78.000000 85.416667 100.000000 68.055556 70.833333 68.055556 55.555556 75.000000 79.591837 82.978723 87.234043 100.000000 68.055556 70.833333 72.222222
hsa-mir-320e   71.232877 69.863014 83.333333 73.972603 72.602740 72.602740 71.232877 58.904110 72.222222 59.722222 61.971831 75.000000 63.888889 68.055556 68.055556 100.000000 71.232877 63.013699 64.383562 65.753425 71.232877 58.904110 58.904110 72.602740 72.000000 70.833333 79.166667 95.890411 71.232877 58.904110 60.273973 73.972603 75.510204 70.212766 70.212766 80.851064 100.000000 68.493151 73.972603
mml-mir-320a   87.654321 80.246914 100.000000 88.750000 93.827160 93.750000 100.000000 54.320988 100.000000 63.888889 60.563380 72.222222 69.444444 66.666667 70.833333 71.232877 100.000000 60.493827 60.493827 95.061728 100.000000 58.227848 55.555556 64.197531 84.000000 85.416667 89.583333 62.962963 98.765432 58.974359 56.790123 65.432099 85.714286 85.106383 91.489362 91.489362 64.197531 93.827160 93.750000
mml-mir-320b   58.536585 60.975610 75.925926 62.500000 58.139535 60.000000 49.090909 91.666667 63.888889 58.333333 98.591549 68.055556 65.277778 70.833333 58.333333 63.013699 60.493827 100.000000 53.211009 56.097561 59.756098 58.227848 93.636364 58.139535 74.000000 83.333333 72.916667 46.363636 60.493827 58.974359 94.545455 58.620690 77.551020 82.978723 74.468085 74.468085 46.363636 58.536585 60.000000
mml-mir-320c   59.756098 67.073171 81.481481 63.750000 56.976744 61.250000 51.376147 53.703704 68.055556 70.833333 66.197183 77.777778 93.055556 72.222222 65.277778 64.383562 60.493827 53.211009 100.000000 59.756098 59.756098 63.291139 54.128440 66.279070 96.000000 85.416667 79.166667 50.458716 60.493827 64.102564 54.128440 66.666667 97.959184 82.978723 72.340426 80.851064 48.623853 59.756098 61.250000
mmu-mir-320    85.365854 78.048780 100.000000 88.750000 90.243902 90.000000 93.902439 48.780488 95.833333 63.888889 57.746479 72.222222 69.444444 66.666667 70.833333 65.753425 95.061728 56.097561 59.756098 100.000000 93.902439 58.227848 51.219512 63.414634 84.000000 85.416667 89.583333 57.317073 92.592593 58.974359 52.439024 67.073171 85.714286 85.106383 91.489362 91.489362 58.536585 95.121951 90.000000
ppy-mir-320a   86.585366 79.268293 100.000000 88.750000 92.682927 93.750000 100.000000 53.658537 100.000000 63.888889 60.563380 72.222222 69.444444 66.666667 70.833333 71.232877 100.000000 59.756098 59.756098 93.902439 100.000000 58.227848 57.317073 65.853659 84.000000 85.416667 89.583333 62.195122 98.765432 58.974359 58.536585 67.073171 85.714286 85.106383 91.489362 91.489362 63.414634 92.682927 93.750000
ppy-mir-320b-1 58.227848 60.759494 77.777778 59.493671 58.227848 58.227848 58.227848 51.898734 63.888889 94.444444 56.338028 69.444444 69.444444 56.944444 68.055556 58.904110 58.227848 58.227848 63.291139 58.227848 58.227848 100.000000 54.430380 62.025316 78.000000 77.083333 81.250000 55.696203 58.227848 98.717949 55.696203 64.556962 83.673469 74.468085 85.106383 82.978723 56.962025 58.227848 58.227848
ppy-mir-320b-2 53.658537 56.097561 68.518519 57.500000 55.813953 55.000000 44.144144 95.370370 58.333333 56.944444 95.774648 65.277778 62.500000 70.833333 55.555556 58.904110 55.555556 93.636364 54.128440 51.219512 57.317073 54.430380 100.000000 56.976744 70.000000 83.333333 68.750000 45.535714 55.555556 55.128205 97.080292 55.172414 73.469388 82.978723 70.212766 70.212766 44.642857 53.658537 57.500000
ppy-mir-320c-1 62.195122 73.170732 87.037037 68.750000 61.627907 66.250000 63.953488 55.813953 70.833333 68.055556 64.788732 98.611111 76.388889 77.777778 73.611111 72.602740 64.197531 58.139535 66.279070 63.414634 65.853659 62.025316 56.976744 100.000000 86.000000 87.500000 89.583333 61.627907 64.197531 62.820513 56.976744 97.674419 87.755102 87.234043 87.234043 91.489362 61.627907 62.195122 66.250000
ppy-mir-320c-2 84.000000 84.000000 84.000000 84.000000 84.000000 84.000000 84.000000 70.000000 84.000000 78.000000 72.000000 88.000000 98.000000 80.000000 78.000000 72.000000 84.000000 74.000000 96.000000 84.000000 84.000000 78.000000 70.000000 86.000000 100.000000 85.416667 79.166667 72.000000 84.000000 78.000000 72.000000 88.000000 97.959184 82.978723 72.340426 80.851064 72.000000 84.000000 84.000000
ppy-mir-320d-1 85.416667 85.416667 85.416667 85.416667 85.416667 85.416667 85.416667 77.083333 85.416667 77.083333 79.166667 89.583333 87.500000 97.916667 85.416667 70.833333 85.416667 83.333333 85.416667 85.416667 85.416667 77.083333 83.333333 87.500000 85.416667 100.000000 85.416667 64.583333 85.416667 77.083333 79.166667 89.583333 87.500000 97.872340 87.234043 85.106383 70.833333 85.416667 85.416667
ppy-mir-320d-2 89.583333 89.583333 89.583333 89.583333 89.583333 89.583333 89.583333 66.666667 89.583333 81.250000 68.750000 91.666667 81.250000 83.333333 100.000000 79.166667 89.583333 72.916667 79.166667 89.583333 89.583333 81.250000 68.750000 89.583333 79.166667 85.416667 100.000000 79.166667 89.583333 81.250000 68.750000 91.666667 81.250000 82.978723 87.234043 100.000000 79.166667 89.583333 89.583333
ppy-mir-320e   62.195122 68.292683 81.481481 66.250000 60.465116 65.000000 49.549550 46.296296 70.833333 58.333333 61.971831 73.611111 63.888889 63.888889 68.055556 95.890411 62.962963 46.363636 50.458716 57.317073 62.195122 55.696203 45.535714 61.627907 72.000000 64.583333 79.166667 100.000000 62.962963 56.410256 45.535714 62.068966 75.510204 63.829787 68.085106 80.851064 96.428571 59.756098 66.250000
ptr-mir-320a   86.419753 80.246914 100.000000 86.250000 92.592593 92.500000 98.765432 54.320988 98.611111 63.888889 60.563380 72.222222 69.444444 66.666667 70.833333 71.232877 98.765432 60.493827 60.493827 92.592593 98.765432 58.227848 55.555556 64.197531 84.000000 85.416667 89.583333 62.962963 100.000000 58.974359 56.790123 65.432099 85.714286 85.106383 91.489362 91.489362 64.197531 92.592593 92.500000
ptr-mir-320b-1 58.974359 61.538462 77.777778 60.256410 58.974359 58.974359 58.974359 52.564103 63.888889 95.833333 56.338028 69.444444 69.444444 56.944444 68.055556 58.904110 58.974359 58.974359 64.102564 58.974359 58.974359 98.717949 55.128205 62.820513 78.000000 77.083333 81.250000 56.410256 58.974359 100.000000 56.410256 65.384615 83.673469 74.468085 85.106383 82.978723 57.692308 58.974359 58.974359
ptr-mir-320b-2 54.878049 57.317073 70.370370 58.750000 56.976744 56.250000 45.045045 98.148148 59.722222 58.333333 100.000000 65.277778 62.500000 68.055556 55.555556 60.273973 56.790123 94.545455 54.128440 52.439024 58.536585 55.696203 97.080292 56.976744 72.000000 79.166667 68.750000 45.535714 56.790123 56.410256 100.000000 55.172414 73.469388 78.723404 70.212766 70.212766 45.535714 54.878049 58.750000
ptr-mir-320c-1 63.414634 74.390244 88.888889 70.000000 62.790698 67.500000 64.367816 55.172414 72.222222 70.833333 66.197183 100.000000 77.777778 79.166667 75.000000 73.972603 65.432099 58.620690 66.666667 67.073171 67.073171 64.556962 55.172414 97.674419 88.000000 89.583333 91.666667 62.068966 65.432099 65.384615 55.172414 100.000000 89.795918 89.361702 89.361702 93.617021 62.068966 64.634146 67.500000
ptr-mir-320c-2 85.714286 85.714286 85.714286 85.714286 85.714286 85.714286 85.714286 71.428571 85.714286 83.673469 73.469388 89.795918 100.000000 81.632653 79.591837 75.510204 85.714286 77.551020 97.959184 85.714286 85.714286 83.673469 73.469388 87.755102 97.959184 87.500000 81.250000 75.510204 85.714286 83.673469 73.469388 89.795918 100.000000 85.106383 74.468085 82.978723 75.510204 85.714286 85.714286
ptr-mir-320d-1 85.106383 85.106383 85.106383 85.106383 85.106383 85.106383 85.106383 76.595745 85.106383 74.468085 78.723404 89.361702 85.106383 100.000000 82.978723 70.212766 85.106383 82.978723 82.978723 85.106383 85.106383 74.468085 82.978723 87.234043 82.978723 97.872340 82.978723 63.829787 85.106383 74.468085 78.723404 89.361702 85.106383 100.000000 82.978723 82.978723 70.212766 85.106383 85.106383
ptr-mir-320d-2 91.489362 91.489362 91.489362 91.489362 91.489362 91.489362 91.489362 68.085106 91.489362 85.106383 70.212766 89.361702 74.468085 85.106383 87.234043 70.212766 91.489362 74.468085 72.340426 91.489362 91.489362 85.106383 70.212766 87.234043 72.340426 87.234043 87.234043 68.085106 91.489362 85.106383 70.212766 89.361702 74.468085 82.978723 100.000000 85.106383 70.212766 91.489362 91.489362
ptr-mir-320d-3 91.489362 91.489362 91.489362 91.489362 91.489362 91.489362 91.489362 68.085106 91.489362 82.978723 70.212766 93.617021 82.978723 82.978723 100.000000 80.851064 91.489362 74.468085 80.851064 91.489362 91.489362 82.978723 70.212766 91.489362 80.851064 85.106383 100.000000 80.851064 91.489362 82.978723 70.212766 93.617021 82.978723 82.978723 85.106383 100.000000 80.851064 91.489362 91.489362
ptr-mir-320e   63.414634 69.512195 83.333333 67.500000 61.627907 66.250000 50.450450 46.296296 72.222222 59.722222 61.971831 75.000000 63.888889 68.055556 68.055556 100.000000 64.197531 46.363636 48.623853 58.536585 63.414634 56.962025 44.642857 61.627907 72.000000 70.833333 79.166667 96.428571 64.197531 57.692308 45.535714 62.068966 75.510204 70.212766 70.212766 80.851064 100.000000 60.975610 67.500000
rno-mir-320    85.365854 78.048780 100.000000 88.750000 91.463415 91.250000 92.682927 51.219512 95.833333 63.888889 60.563380 72.222222 69.444444 66.666667 70.833333 68.493151 93.827160 58.536585 59.756098 95.121951 92.682927 58.227848 53.658537 62.195122 84.000000 85.416667 89.583333 59.756098 92.592593 58.974359 54.878049 64.634146 85.714286 85.106383 91.489362 91.489362 60.975610 100.000000 90.000000
ssc-mir-320    86.250000 83.750000 100.000000 87.500000 97.500000 95.000000 96.250000 57.500000 97.222222 63.888889 63.380282 75.000000 70.833333 69.444444 72.222222 73.972603 93.750000 60.000000 61.250000 90.000000 93.750000 58.227848 57.500000 66.250000 84.000000 85.416667 89.583333 66.250000 92.500000 58.974359 58.750000 67.500000 85.714286 85.106383 91.489362 91.489362 67.500000 90.000000 100.000000
