13
bta-mir-296 100.000000 77.333333 100.000000 93.589744 82.051282 80.769231 80.769231 76.923077 82.051282 82.051282 78.205128 93.506494 87.037037
cgr-mir-296 77.333333 100.000000 77.333333 74.666667 86.666667 85.333333 85.333333 97.333333 86.666667 86.666667 94.666667 77.333333 94.444444
chi-mir-296 100.000000 77.333333 100.000000 93.589744 81.012658 79.746835 79.746835 75.949367 81.012658 81.012658 78.205128 94.805195 87.037037
eca-mir-296 93.589744 74.666667 93.589744 100.000000 80.769231 79.487179 79.487179 73.076923 80.769231 80.769231 75.641026 92.207792 85.185185
ggo-mir-296 82.051282 86.666667 81.012658 80.769231 100.000000 98.750000 98.750000 87.341772 100.000000 100.000000 89.743590 80.519481 92.592593
hsa-mir-296 80.769231 85.333333 79.746835 79.487179 98.750000 100.000000 100.000000 86.075949 98.750000 98.734177 88.461538 79.220779 92.592593
mml-mir-296 80.769231 85.333333 79.746835 79.487179 98.750000 100.000000 100.000000 86.075949 98.750000 98.734177 88.461538 79.220779 92.592593
mmu-mir-296 76.923077 97.333333 75.949367 73.076923 87.341772 86.075949 86.075949 100.000000 87.341772 87.341772 98.717949 75.324675 94.444444
ppy-mir-296 82.051282 86.666667 81.012658 80.769231 100.000000 98.750000 98.750000 87.341772 100.000000 100.000000 89.743590 80.519481 92.592593
ptr-mir-296 82.051282 86.666667 81.012658 80.769231 100.000000 98.734177 98.734177 87.341772 100.000000 100.000000 89.743590 80.519481 92.592593
rno-mir-296 78.205128 94.666667 78.205128 75.641026 89.743590 88.461538 88.461538 98.717949 89.743590 89.743590 100.000000 77.922078 94.444444
ssc-mir-296 93.506494 77.333333 94.805195 92.207792 80.519481 79.220779 79.220779 75.324675 80.519481 80.519481 77.922078 100.000000 81.481481
tch-mir-296 87.037037 94.444444 87.037037 85.185185 92.592593 92.592593 92.592593 94.444444 92.592593 92.592593 94.444444 81.481481 100.000000
