8
bta-mir-654 100.000000 91.358025 91.358025 91.358025 74.074074 92.592593 91.358025 91.250000
ggo-mir-654 91.358025 100.000000 100.000000 100.000000 71.428571 69.523810 100.000000 100.000000
hsa-mir-654 91.358025 100.000000 100.000000 100.000000 74.074074 82.716049 100.000000 100.000000
mml-mir-654 91.358025 100.000000 100.000000 100.000000 74.074074 82.716049 100.000000 100.000000
mmu-mir-654 74.074074 71.428571 74.074074 74.074074 100.000000 72.619048 74.074074 75.000000
oar-mir-654 92.592593 69.523810 82.716049 82.716049 72.619048 100.000000 82.716049 82.500000
ppy-mir-654 91.358025 100.000000 100.000000 100.000000 74.074074 82.716049 100.000000 100.000000
ptr-mir-654 91.250000 100.000000 100.000000 100.000000 75.000000 82.500000 100.000000 100.000000
