64
aca-mir-221    100.000000 39.506173 83.950617 34.567901 83.870968 34.567901 83.950617 35.802469 83.950617 34.567901 69.135802 37.037037 29.629630 83.950617 35.802469 85.185185 34.567901 70.129870 40.579710 87.654321 37.037037 25.925926 85.185185 35.802469 85.185185 35.802469 86.486486 30.882353 85.185185 35.802469 86.419753 37.974684 87.654321 40.740741 27.160494 29.508197 83.950617 88.888889 34.567901 36.619718 65.432099 37.037037 60.000000 34.567901 85.185185 85.185185 35.802469 85.185185 35.802469 86.419753 37.037037 87.654321 35.802469 85.714286 33.750000 83.606557 42.372881 83.561644 40.540541 40.540541 75.362319 41.176471 76.543210 40.625000
aca-mir-222a   39.506173 100.000000 32.978723 69.148936 37.096774 72.222222 35.365854 79.012346 32.978723 69.148936 27.956989 71.276596 51.063830 36.170213 70.212766 36.144578 76.190476 35.064935 82.608696 32.978723 87.234043 45.744681 34.042553 71.276596 34.042553 71.276596 35.135135 72.058824 34.042553 71.276596 32.978723 77.215190 34.408602 80.851064 54.255319 59.016393 32.978723 36.170213 77.659574 57.746479 29.787234 53.191489 30.000000 52.173913 34.042553 34.042553 71.276596 34.042553 71.276596 32.978723 73.404255 31.914894 76.595745 35.714286 73.750000 37.704918 81.355932 36.986301 95.945946 95.945946 39.130435 82.352941 32.258065 79.687500
bta-mir-221    83.950617 32.978723 100.000000 30.909091 98.387097 33.333333 95.121951 40.740741 100.000000 30.909091 66.666667 28.703704 26.804124 95.454545 30.909091 95.180723 35.714286 74.025974 39.130435 87.878788 31.632653 21.818182 92.727273 35.454545 92.727273 35.454545 94.594595 35.294118 92.727273 35.454545 96.842105 43.037975 89.247312 29.090909 29.090909 31.147541 100.000000 78.846154 32.989691 38.028169 61.165049 32.075472 67.500000 33.695652 92.727273 92.727273 35.454545 93.577982 35.454545 88.073394 35.922330 82.727273 30.909091 98.571429 36.250000 98.360656 45.762712 94.520548 36.486486 36.486486 76.811594 39.705882 79.569892 39.062500
bta-mir-222    34.567901 69.148936 30.909091 100.000000 41.935484 98.888889 40.243902 92.592593 30.909091 100.000000 30.107527 62.962963 42.268041 30.000000 97.272727 39.759036 95.238095 36.363636 78.260870 40.404040 75.510204 45.454545 31.818182 96.363636 31.818182 96.363636 41.891892 85.294118 31.818182 95.454545 35.789474 94.936709 36.559140 68.181818 45.454545 57.377049 30.909091 33.653846 64.948454 60.563380 31.067961 49.056604 32.500000 61.956522 31.818182 31.818182 96.363636 32.110092 96.363636 33.944954 85.436893 31.818182 74.545455 41.428571 96.250000 42.622951 98.305085 45.205479 82.432432 82.432432 40.579710 77.941176 35.483871 73.437500
cfa-mir-221    83.870968 37.096774 98.387097 41.935484 100.000000 41.935484 96.774194 43.548387 98.387097 41.935484 83.870968 37.096774 32.258065 98.387097 43.548387 96.774194 41.935484 75.806452 37.096774 96.774194 37.096774 27.419355 96.774194 43.548387 96.774194 43.548387 90.322581 35.483871 96.774194 43.548387 98.387097 45.161290 93.548387 37.096774 29.032258 29.508197 98.387097 91.935484 38.709677 38.709677 82.258065 37.096774 79.032258 40.322581 96.774194 96.774194 43.548387 96.774194 43.548387 98.387097 45.161290 90.322581 38.709677 100.000000 40.322581 100.000000 45.762712 96.774194 37.096774 37.096774 75.806452 37.096774 88.709677 37.096774
cfa-mir-222    34.567901 72.222222 33.333333 98.888889 41.935484 100.000000 39.024390 92.592593 33.333333 98.888889 31.111111 68.888889 45.555556 33.333333 98.888889 37.349398 95.238095 36.363636 78.260870 38.888889 81.111111 54.444444 34.444444 97.777778 34.444444 97.777778 41.891892 88.235294 34.444444 97.777778 35.555556 94.936709 36.666667 82.222222 55.555556 57.377049 33.333333 34.444444 72.222222 60.563380 35.555556 55.555556 32.500000 61.111111 34.444444 34.444444 97.777778 34.444444 97.777778 35.555556 95.555556 34.444444 87.777778 40.000000 96.250000 42.622951 98.305085 45.205479 82.432432 82.432432 40.579710 77.941176 34.444444 73.437500
cgr-mir-221    83.950617 35.365854 95.121951 40.243902 96.774194 39.024390 100.000000 41.975309 95.121951 40.243902 73.170732 34.146341 29.268293 97.560976 40.243902 95.121951 39.024390 71.428571 42.028986 93.902439 36.585366 26.829268 97.560976 40.243902 97.560976 40.243902 94.594595 35.294118 97.560976 40.243902 98.780488 44.303797 91.463415 39.024390 24.390244 31.147541 95.121951 85.365854 37.804878 38.028169 70.731707 36.585366 68.750000 35.365854 97.560976 97.560976 40.243902 97.560976 40.243902 98.780488 40.243902 95.121951 35.365854 97.142857 38.750000 96.721311 49.152542 93.150685 37.837838 37.837838 73.913043 42.647059 80.487805 43.750000
cgr-mir-222    35.802469 79.012346 40.740741 92.592593 43.548387 92.592593 41.975309 100.000000 40.740741 92.592593 38.271605 74.074074 51.851852 39.506173 93.827160 41.975309 90.123457 35.064935 82.608696 44.444444 77.777778 56.790123 39.506173 93.827160 39.506173 93.827160 44.594595 75.000000 39.506173 93.827160 43.209877 96.202532 41.975309 72.839506 56.790123 57.377049 40.740741 41.975309 72.839506 61.971831 37.037037 60.493827 33.750000 65.432099 39.506173 39.506173 93.827160 39.506173 93.827160 43.209877 97.530864 40.740741 86.419753 44.285714 88.750000 44.262295 96.610169 46.575342 81.081081 81.081081 36.231884 82.352941 39.506173 75.000000
chi-mir-221    83.950617 32.978723 100.000000 30.909091 98.387097 33.333333 95.121951 40.740741 100.000000 30.909091 66.666667 28.703704 26.804124 95.454545 30.909091 95.180723 35.714286 74.025974 39.130435 87.878788 31.632653 21.818182 92.727273 35.454545 92.727273 35.454545 94.594595 35.294118 92.727273 35.454545 96.842105 43.037975 89.247312 29.090909 29.090909 31.147541 100.000000 78.846154 32.989691 38.028169 61.165049 32.075472 67.500000 33.695652 92.727273 92.727273 35.454545 93.577982 35.454545 88.073394 35.922330 82.727273 30.909091 98.571429 36.250000 98.360656 45.762712 94.520548 36.486486 36.486486 76.811594 39.705882 79.569892 39.062500
chi-mir-222    34.567901 69.148936 30.909091 100.000000 41.935484 98.888889 40.243902 92.592593 30.909091 100.000000 30.107527 62.962963 42.268041 30.000000 97.272727 39.759036 95.238095 36.363636 78.260870 40.404040 75.510204 45.045045 31.818182 96.428571 31.818182 96.363636 41.891892 85.294118 31.818182 95.454545 35.789474 94.936709 36.559140 68.181818 44.642857 57.377049 30.909091 35.576923 64.948454 60.563380 31.067961 49.056604 32.500000 61.956522 31.818182 31.818182 96.363636 32.110092 96.428571 33.944954 85.436893 31.250000 73.214286 40.000000 96.250000 42.622951 98.305085 45.205479 82.432432 82.432432 40.579710 77.941176 35.483871 73.437500
dre-mir-221    69.135802 27.956989 66.666667 30.107527 83.870968 31.111111 73.170732 38.271605 66.666667 30.107527 100.000000 36.559140 24.731183 67.741935 31.182796 72.289157 35.714286 79.220779 42.028986 62.365591 33.333333 24.731183 67.741935 31.182796 67.741935 31.182796 79.729730 39.705882 67.741935 31.182796 64.516129 39.240506 60.215054 33.333333 30.107527 31.147541 66.666667 58.064516 27.956989 40.845070 69.892473 33.333333 58.750000 31.521739 67.741935 67.741935 31.182796 66.666667 31.182796 65.591398 33.333333 64.516129 36.559140 85.714286 35.000000 83.606557 42.372881 75.342466 36.486486 36.486486 81.159420 39.705882 61.290323 42.187500
dre-mir-222a   37.037037 71.276596 28.703704 62.962963 37.096774 68.888889 34.146341 74.074074 28.703704 62.962963 36.559140 100.000000 49.484536 33.333333 62.962963 34.939759 70.238095 29.870130 91.304348 35.353535 67.346939 44.444444 29.629630 64.814815 29.629630 64.814815 37.837838 72.058824 29.629630 64.814815 29.473684 73.417722 32.258065 62.962963 50.925926 59.016393 28.703704 28.846154 69.072165 61.971831 34.951456 56.603774 35.000000 60.869565 29.629630 29.629630 64.814815 29.629630 64.814815 28.703704 65.048544 27.777778 66.666667 37.142857 68.750000 37.704918 77.966102 39.726027 81.081081 81.081081 33.333333 92.647059 36.559140 84.375000
dre-mir-222b   29.629630 51.063830 26.804124 42.268041 32.258065 45.555556 29.268293 51.851852 26.804124 42.268041 24.731183 49.484536 100.000000 26.804124 43.298969 28.915663 51.190476 36.363636 57.971014 22.680412 51.546392 50.515464 26.804124 41.237113 26.804124 41.237113 29.729730 51.470588 26.804124 41.237113 27.368421 49.367089 26.881720 45.360825 51.546392 68.852459 26.804124 24.742268 50.515464 54.929577 27.835052 48.453608 37.500000 46.739130 26.804124 26.804124 41.237113 28.865979 41.237113 26.804124 42.268041 29.896907 49.484536 31.428571 48.750000 32.786885 62.711864 27.397260 64.864865 64.864865 36.231884 58.823529 29.032258 62.500000
eca-mir-221    83.950617 36.170213 95.454545 30.000000 98.387097 33.333333 97.560976 39.506173 95.454545 30.000000 67.741935 33.333333 26.804124 100.000000 30.000000 92.771084 35.714286 71.428571 39.130435 87.878788 31.632653 21.818182 95.454545 31.818182 95.454545 35.454545 91.891892 35.294118 95.454545 35.454545 97.894737 41.772152 89.247312 29.090909 27.272727 29.508197 95.454545 75.000000 32.989691 38.028169 59.223301 32.075472 68.750000 33.695652 95.454545 95.454545 35.454545 95.412844 31.818182 89.908257 37.864078 84.545455 29.090909 98.571429 36.250000 98.360656 45.762712 91.780822 36.486486 36.486486 73.913043 39.705882 77.419355 39.062500
eca-mir-222    35.802469 70.212766 30.909091 97.272727 43.548387 98.888889 40.243902 93.827160 30.909091 97.272727 31.182796 62.962963 43.298969 30.000000 100.000000 39.759036 94.047619 37.662338 79.710145 40.404040 76.530612 49.090909 31.818182 98.181818 31.818182 98.181818 43.243243 89.705882 31.818182 97.272727 35.789474 96.202532 36.559140 70.000000 47.272727 59.016393 30.909091 34.615385 68.041237 61.971831 33.980583 50.000000 36.250000 63.043478 31.818182 31.818182 98.181818 32.110092 98.181818 33.027523 87.378641 31.818182 77.272727 41.428571 95.000000 44.262295 100.000000 46.575342 83.783784 83.783784 42.028986 79.411765 36.559140 75.000000
efu-mir-221    85.185185 36.144578 95.180723 39.759036 96.774194 37.349398 95.121951 41.975309 95.180723 39.759036 72.289157 34.939759 28.915663 92.771084 39.759036 100.000000 37.349398 71.428571 39.130435 92.771084 34.939759 24.096386 93.975904 39.759036 93.975904 39.759036 94.594595 35.294118 93.975904 39.759036 95.180723 44.303797 91.566265 37.349398 27.710843 32.786885 95.180723 86.746988 34.939759 36.619718 72.289157 36.144578 67.500000 34.939759 93.975904 93.975904 39.759036 93.975904 39.759036 95.180723 40.963855 92.771084 36.144578 97.142857 37.500000 96.721311 50.847458 95.890411 39.189189 39.189189 73.913043 39.705882 83.132530 39.062500
efu-mir-222    34.567901 76.190476 35.714286 95.238095 41.935484 95.238095 39.024390 90.123457 35.714286 95.238095 35.714286 70.238095 51.190476 35.714286 94.047619 37.349398 100.000000 35.064935 78.260870 41.666667 83.333333 59.523810 36.904762 92.857143 36.904762 92.857143 41.891892 79.411765 36.904762 92.857143 38.095238 92.405063 39.285714 78.571429 60.714286 62.295082 35.714286 38.095238 71.428571 64.788732 33.333333 58.333333 32.500000 64.285714 36.904762 36.904762 92.857143 36.904762 92.857143 38.095238 94.047619 36.904762 88.095238 40.000000 96.250000 42.622951 94.915254 45.205479 85.135135 85.135135 39.130435 77.941176 36.904762 75.000000
fru-mir-221    70.129870 35.064935 74.025974 36.363636 75.806452 36.363636 71.428571 35.064935 74.025974 36.363636 79.220779 29.870130 36.363636 71.428571 37.662338 71.428571 35.064935 100.000000 34.782609 67.532468 36.363636 25.974026 71.428571 33.766234 71.428571 33.766234 70.270270 33.823529 71.428571 33.766234 71.428571 35.064935 64.935065 35.064935 33.766234 32.786885 74.025974 64.935065 36.363636 28.169014 71.428571 33.766234 57.142857 35.064935 71.428571 71.428571 33.766234 71.428571 33.766234 71.428571 32.467532 70.129870 35.064935 75.714286 36.363636 75.409836 42.372881 67.123288 37.837838 37.837838 100.000000 35.294118 61.038961 37.500000
fru-mir-222    40.579710 82.608696 39.130435 78.260870 37.096774 78.260870 42.028986 82.608696 39.130435 78.260870 42.028986 91.304348 57.971014 39.130435 79.710145 39.130435 78.260870 34.782609 100.000000 42.028986 79.710145 60.869565 39.130435 79.710145 39.130435 79.710145 40.579710 55.882353 39.130435 79.710145 39.130435 82.608696 42.028986 86.956522 57.971014 55.737705 39.130435 37.681159 84.057971 62.318841 39.130435 82.608696 34.782609 65.217391 39.130435 39.130435 79.710145 39.130435 79.710145 39.130435 82.608696 40.579710 81.159420 36.231884 78.260870 37.704918 77.966102 39.130435 75.362319 75.362319 34.782609 100.000000 37.681159 85.937500
gga-mir-221    87.654321 32.978723 87.878788 40.404040 96.774194 38.888889 93.902439 44.444444 87.878788 40.404040 62.365591 35.353535 22.680412 87.878788 40.404040 92.771084 41.666667 67.532468 42.028986 100.000000 31.632653 24.242424 90.909091 40.404040 90.909091 40.404040 93.243243 38.235294 90.909091 40.404040 93.684211 46.835443 92.473118 34.343434 29.292929 32.786885 87.878788 84.848485 29.896907 38.028169 59.595960 31.313131 66.250000 32.608696 90.909091 90.909091 40.404040 90.909091 40.404040 91.919192 40.404040 88.888889 34.343434 94.285714 40.000000 96.721311 50.847458 100.000000 36.486486 36.486486 73.913043 42.647059 78.494624 39.062500
gga-mir-222a   37.037037 87.234043 31.632653 75.510204 37.096774 81.111111 36.585366 77.777778 31.632653 75.510204 33.333333 67.346939 51.546392 31.632653 76.530612 34.939759 83.333333 36.363636 79.710145 31.632653 100.000000 44.897959 31.632653 76.530612 31.632653 76.530612 37.837838 76.470588 31.632653 75.510204 32.631579 78.481013 35.483871 79.591837 57.142857 59.016393 31.632653 30.612245 72.164948 60.563380 31.632653 55.102041 33.750000 57.608696 31.632653 31.632653 76.530612 31.632653 76.530612 32.653061 75.510204 32.653061 77.551020 35.714286 80.000000 37.704918 83.050847 36.986301 100.000000 100.000000 40.579710 79.411765 31.182796 76.562500
gga-mir-222b   25.925926 45.744681 21.818182 45.454545 27.419355 54.444444 26.829268 56.790123 21.818182 45.045045 24.731183 44.444444 50.515464 21.818182 49.090909 24.096386 59.523810 25.974026 60.869565 24.242424 44.897959 100.000000 23.636364 46.846847 23.636364 47.272727 28.378378 48.529412 23.636364 47.272727 23.157895 59.493671 22.580645 45.454545 58.558559 81.967213 21.818182 21.153846 45.360825 70.422535 27.184466 43.396226 32.500000 42.391304 23.636364 23.636364 47.272727 23.853211 46.846847 21.100917 51.456311 27.027027 45.945946 25.714286 61.250000 27.868852 66.101695 26.027397 54.054054 54.054054 26.086957 61.764706 24.731183 62.500000
ggo-mir-221    85.185185 34.042553 92.727273 31.818182 96.774194 34.444444 97.560976 39.506173 92.727273 31.818182 67.741935 29.629630 26.804124 95.454545 31.818182 93.975904 36.904762 71.428571 39.130435 90.909091 31.632653 23.636364 100.000000 31.818182 100.000000 31.818182 91.891892 35.294118 100.000000 31.818182 98.947368 43.037975 90.322581 32.727273 27.272727 31.147541 92.727273 77.884615 34.020619 38.028169 62.135922 32.075472 68.750000 33.695652 100.000000 100.000000 31.818182 100.000000 31.818182 92.660550 38.834951 85.454545 28.181818 97.142857 36.250000 96.721311 47.457627 93.150685 36.486486 36.486486 73.913043 39.705882 76.344086 39.062500
ggo-mir-222    35.802469 71.276596 35.454545 96.363636 43.548387 97.777778 40.243902 93.827160 35.454545 96.428571 31.182796 64.814815 41.237113 31.818182 98.181818 39.759036 92.857143 33.766234 79.710145 40.404040 76.530612 46.846847 31.818182 100.000000 31.818182 100.000000 43.243243 86.764706 31.818182 99.090909 37.894737 96.202532 37.634409 70.000000 47.321429 59.016393 35.454545 36.538462 68.041237 61.971831 33.980583 50.000000 33.750000 60.869565 31.818182 31.818182 100.000000 32.110092 100.000000 33.027523 88.349515 32.142857 74.107143 41.428571 93.750000 44.262295 98.305085 46.575342 83.783784 83.783784 37.681159 79.411765 36.559140 78.125000
hsa-mir-221    85.185185 34.042553 92.727273 31.818182 96.774194 34.444444 97.560976 39.506173 92.727273 31.818182 67.741935 29.629630 26.804124 95.454545 31.818182 93.975904 36.904762 71.428571 39.130435 90.909091 31.632653 23.636364 100.000000 31.818182 100.000000 31.818182 91.891892 35.294118 100.000000 31.818182 98.947368 43.037975 90.322581 32.727273 27.272727 31.147541 92.727273 77.884615 34.020619 38.028169 62.135922 32.075472 68.750000 33.695652 100.000000 100.000000 31.818182 100.000000 31.818182 92.660550 38.834951 85.454545 28.181818 97.142857 36.250000 96.721311 47.457627 93.150685 36.486486 36.486486 73.913043 39.705882 76.344086 39.062500
hsa-mir-222    35.802469 71.276596 35.454545 96.363636 43.548387 97.777778 40.243902 93.827160 35.454545 96.363636 31.182796 64.814815 41.237113 35.454545 98.181818 39.759036 92.857143 33.766234 79.710145 40.404040 76.530612 47.272727 31.818182 100.000000 31.818182 100.000000 43.243243 86.764706 31.818182 99.090909 37.894737 96.202532 37.634409 70.000000 48.181818 59.016393 35.454545 34.615385 68.041237 61.971831 33.980583 50.000000 33.750000 60.869565 31.818182 31.818182 100.000000 32.110092 100.000000 33.027523 88.349515 32.727273 75.454545 41.428571 93.750000 44.262295 98.305085 46.575342 83.783784 83.783784 37.681159 79.411765 36.559140 78.125000
mdo-mir-221    86.486486 35.135135 94.594595 41.891892 90.322581 41.891892 94.594595 44.594595 94.594595 41.891892 79.729730 37.837838 29.729730 91.891892 43.243243 94.594595 41.891892 70.270270 40.579710 93.243243 37.837838 28.378378 91.891892 43.243243 91.891892 43.243243 100.000000 32.352941 91.891892 43.243243 93.243243 45.945946 94.594595 36.486486 28.378378 34.426230 94.594595 90.540541 35.135135 36.619718 77.027027 32.432432 67.567568 36.486486 91.891892 91.891892 43.243243 91.891892 43.243243 93.243243 43.243243 100.000000 39.189189 91.428571 40.540541 90.163934 47.457627 86.301370 35.135135 35.135135 72.463768 41.176471 87.837838 39.062500
mdo-mir-222a   30.882353 72.058824 35.294118 85.294118 35.483871 88.235294 35.294118 75.000000 35.294118 85.294118 39.705882 72.058824 51.470588 35.294118 89.705882 35.294118 79.411765 33.823529 55.882353 38.235294 76.470588 48.529412 35.294118 86.764706 35.294118 86.764706 32.352941 100.000000 35.294118 86.764706 35.294118 72.058824 35.294118 73.529412 57.352941 45.901639 35.294118 39.705882 75.000000 50.000000 45.588235 54.411765 36.764706 66.176471 35.294118 35.294118 86.764706 35.294118 86.764706 38.235294 83.823529 35.294118 95.588235 35.294118 72.058824 36.065574 71.186441 38.235294 72.058824 72.058824 33.823529 55.882353 38.235294 59.375000
mml-mir-221    85.185185 34.042553 92.727273 31.818182 96.774194 34.444444 97.560976 39.506173 92.727273 31.818182 67.741935 29.629630 26.804124 95.454545 31.818182 93.975904 36.904762 71.428571 39.130435 90.909091 31.632653 23.636364 100.000000 31.818182 100.000000 31.818182 91.891892 35.294118 100.000000 31.818182 98.947368 43.037975 90.322581 32.727273 27.272727 31.147541 92.727273 77.884615 34.020619 38.028169 62.135922 32.075472 68.750000 33.695652 100.000000 100.000000 31.818182 100.000000 31.818182 92.660550 38.834951 85.454545 28.181818 97.142857 36.250000 96.721311 47.457627 93.150685 36.486486 36.486486 73.913043 39.705882 76.344086 39.062500
mml-mir-222    35.802469 71.276596 35.454545 95.454545 43.548387 97.777778 40.243902 93.827160 35.454545 95.454545 31.182796 64.814815 41.237113 35.454545 97.272727 39.759036 92.857143 33.766234 79.710145 40.404040 75.510204 47.272727 31.818182 99.090909 31.818182 99.090909 43.243243 86.764706 31.818182 100.000000 37.894737 96.202532 37.634409 68.181818 48.181818 59.016393 35.454545 34.615385 68.041237 61.971831 33.009709 50.000000 33.750000 58.695652 31.818182 31.818182 99.090909 32.110092 99.090909 33.027523 88.349515 32.727273 73.636364 41.428571 93.750000 44.262295 98.305085 46.575342 83.783784 83.783784 37.681159 79.411765 36.559140 78.125000
mmu-mir-221    86.419753 32.978723 96.842105 35.789474 98.387097 35.555556 98.780488 43.209877 96.842105 35.789474 64.516129 29.473684 27.368421 97.894737 35.789474 95.180723 38.095238 71.428571 39.130435 93.684211 32.631579 23.157895 98.947368 37.894737 98.947368 37.894737 93.243243 35.294118 98.947368 37.894737 100.000000 45.569620 91.397849 35.789474 24.210526 29.508197 96.842105 84.210526 32.631579 38.028169 64.210526 33.684211 68.750000 33.695652 98.947368 98.947368 37.894737 98.947368 37.894737 100.000000 38.947368 91.578947 30.526316 98.571429 38.750000 98.360656 49.152542 94.520548 36.486486 36.486486 73.913043 39.705882 78.494624 39.062500
mmu-mir-222    37.974684 77.215190 43.037975 94.936709 45.161290 94.936709 44.303797 96.202532 43.037975 94.936709 39.240506 73.417722 49.367089 41.772152 96.202532 44.303797 92.405063 35.064935 82.608696 46.835443 78.481013 59.493671 43.037975 96.202532 43.037975 96.202532 45.945946 72.058824 43.037975 96.202532 45.569620 100.000000 44.303797 79.746835 54.430380 59.016393 43.037975 44.303797 72.151899 61.971831 37.974684 64.556962 34.177215 67.088608 43.037975 43.037975 96.202532 43.037975 96.202532 45.569620 98.734177 43.037975 86.075949 45.714286 92.405063 45.901639 98.305085 47.945205 77.027027 77.027027 36.231884 82.352941 39.240506 75.000000
oan-mir-221    87.654321 34.408602 89.247312 36.559140 93.548387 36.666667 91.463415 41.975309 89.247312 36.559140 60.215054 32.258065 26.881720 89.247312 36.559140 91.566265 39.285714 64.935065 42.028986 92.473118 35.483871 22.580645 90.322581 37.634409 90.322581 37.634409 94.594595 35.294118 90.322581 37.634409 91.397849 44.303797 100.000000 33.333333 22.580645 34.426230 89.247312 84.946237 31.182796 38.028169 67.741935 30.107527 66.250000 32.608696 90.322581 90.322581 37.634409 90.322581 37.634409 91.397849 40.860215 91.397849 34.408602 92.857143 40.000000 93.442623 50.847458 94.520548 39.189189 39.189189 69.565217 42.647059 76.344086 35.937500
oan-mir-222a   40.740741 80.851064 29.090909 68.181818 37.096774 82.222222 39.024390 72.839506 29.090909 68.181818 33.333333 62.962963 45.360825 29.090909 70.000000 37.349398 78.571429 35.064935 86.956522 34.343434 79.591837 45.454545 32.727273 70.000000 32.727273 70.000000 36.486486 73.529412 32.727273 68.181818 35.789474 79.746835 33.333333 100.000000 49.090909 57.377049 29.090909 36.538462 67.010309 61.971831 31.067961 57.547170 35.000000 45.652174 32.727273 32.727273 70.000000 33.027523 70.000000 38.532110 71.844660 31.818182 74.545455 35.714286 81.250000 37.704918 83.050847 38.356164 77.027027 77.027027 40.579710 86.764706 31.182796 89.062500
oan-mir-222b-1 27.160494 54.255319 29.090909 45.454545 29.032258 55.555556 24.390244 56.790123 29.090909 44.642857 30.107527 50.925926 51.546392 27.272727 47.272727 27.710843 60.714286 33.766234 57.971014 29.292929 57.142857 58.558559 27.272727 47.321429 27.272727 48.181818 28.378378 57.352941 27.272727 48.181818 24.210526 54.430380 22.580645 49.090909 100.000000 100.000000 29.090909 22.115385 51.546392 71.830986 23.300971 45.283019 26.250000 36.956522 24.545455 24.545455 48.181818 24.770642 47.321429 23.853211 53.398058 23.931624 47.863248 37.142857 52.500000 29.508197 62.711864 32.876712 62.162162 62.162162 30.434783 55.882353 26.881720 56.250000
oan-mir-222b-2 29.508197 59.016393 31.147541 57.377049 29.508197 57.377049 31.147541 57.377049 31.147541 57.377049 31.147541 59.016393 68.852459 29.508197 59.016393 32.786885 62.295082 32.786885 55.737705 32.786885 59.016393 81.967213 31.147541 59.016393 31.147541 59.016393 34.426230 45.901639 31.147541 59.016393 29.508197 59.016393 34.426230 57.377049 100.000000 100.000000 31.147541 39.344262 55.737705 77.049180 34.426230 55.737705 29.508197 49.180328 31.147541 31.147541 59.016393 31.147541 59.016393 29.508197 59.016393 36.065574 59.016393 29.508197 55.737705 29.508197 61.016949 32.786885 59.016393 59.016393 32.786885 55.737705 37.704918 54.098361
oar-mir-221    83.950617 32.978723 100.000000 30.909091 98.387097 33.333333 95.121951 40.740741 100.000000 30.909091 66.666667 28.703704 26.804124 95.454545 30.909091 95.180723 35.714286 74.025974 39.130435 87.878788 31.632653 21.818182 92.727273 35.454545 92.727273 35.454545 94.594595 35.294118 92.727273 35.454545 96.842105 43.037975 89.247312 29.090909 29.090909 31.147541 100.000000 78.846154 32.989691 38.028169 61.165049 32.075472 67.500000 33.695652 92.727273 92.727273 35.454545 93.577982 35.454545 88.073394 35.922330 82.727273 30.909091 98.571429 36.250000 98.360656 45.762712 94.520548 36.486486 36.486486 76.811594 39.705882 79.569892 39.062500
oha-mir-221    88.888889 36.170213 78.846154 33.653846 91.935484 34.444444 85.365854 41.975309 78.846154 35.576923 58.064516 28.846154 24.742268 75.000000 34.615385 86.746988 38.095238 64.935065 37.681159 84.848485 30.612245 21.153846 77.884615 36.538462 77.884615 34.615385 90.540541 39.705882 77.884615 34.615385 84.210526 44.303797 84.946237 36.538462 22.115385 39.344262 78.846154 100.000000 29.896907 36.619718 56.310680 25.961538 68.750000 33.695652 77.884615 77.884615 34.615385 77.884615 36.538462 79.807692 34.951456 82.692308 33.653846 88.571429 38.750000 91.803279 50.847458 91.780822 37.837838 37.837838 69.565217 38.235294 82.795699 37.500000
oha-mir-222a   34.567901 77.659574 32.989691 64.948454 38.709677 72.222222 37.804878 72.839506 32.989691 64.948454 27.956989 69.072165 50.515464 32.989691 68.041237 34.939759 71.428571 36.363636 84.057971 29.896907 72.164948 45.360825 34.020619 68.041237 34.020619 68.041237 35.135135 75.000000 34.020619 68.041237 32.631579 72.151899 31.182796 67.010309 51.546392 55.737705 32.989691 29.896907 100.000000 60.563380 24.742268 55.670103 27.500000 54.347826 34.020619 34.020619 68.041237 34.020619 68.041237 34.020619 68.041237 28.865979 74.226804 37.142857 67.500000 39.344262 77.966102 36.986301 83.783784 83.783784 40.579710 83.823529 29.032258 78.125000
oha-mir-222b   36.619718 57.746479 38.028169 60.563380 38.709677 60.563380 38.028169 61.971831 38.028169 60.563380 40.845070 61.971831 54.929577 38.028169 61.971831 36.619718 64.788732 28.169014 62.318841 38.028169 60.563380 70.422535 38.028169 61.971831 38.028169 61.971831 36.619718 50.000000 38.028169 61.971831 38.028169 61.971831 38.028169 61.971831 71.830986 77.049180 38.028169 36.619718 60.563380 100.000000 35.211268 57.746479 35.211268 57.746479 38.028169 38.028169 61.971831 38.028169 61.971831 38.028169 61.971831 36.619718 63.380282 35.714286 60.563380 37.704918 67.796610 36.619718 60.563380 60.563380 28.985507 63.235294 36.619718 59.375000
ola-mir-221    65.432099 29.787234 61.165049 31.067961 82.258065 35.555556 70.731707 37.037037 61.165049 31.067961 69.892473 34.951456 27.835052 59.223301 33.980583 72.289157 33.333333 71.428571 39.130435 59.595960 31.632653 27.184466 62.135922 33.980583 62.135922 33.980583 77.027027 45.588235 62.135922 33.009709 64.210526 37.974684 67.741935 31.067961 23.300971 34.426230 61.165049 56.310680 24.742268 35.211268 100.000000 30.097087 67.500000 38.043478 62.135922 62.135922 33.980583 62.135922 33.980583 61.165049 29.126214 61.165049 39.805825 82.857143 35.000000 81.967213 42.372881 76.712329 31.081081 31.081081 76.811594 39.705882 60.215054 45.312500
ola-mir-222    37.037037 53.191489 32.075472 49.056604 37.096774 55.555556 36.585366 60.493827 32.075472 49.056604 33.333333 56.603774 48.453608 32.075472 50.000000 36.144578 58.333333 33.766234 82.608696 31.313131 55.102041 43.396226 32.075472 50.000000 32.075472 50.000000 32.432432 54.411765 32.075472 50.000000 33.684211 64.556962 30.107527 57.547170 45.283019 55.737705 32.075472 25.961538 55.670103 57.746479 30.097087 100.000000 40.000000 52.173913 32.075472 32.075472 50.000000 32.075472 50.000000 30.188679 53.398058 27.358491 51.886792 35.714286 60.000000 37.704918 72.881356 35.616438 67.567568 67.567568 34.782609 83.823529 30.107527 85.937500
pma-mir-221    60.000000 30.000000 67.500000 32.500000 79.032258 32.500000 68.750000 33.750000 67.500000 32.500000 58.750000 35.000000 37.500000 68.750000 36.250000 67.500000 32.500000 57.142857 34.782609 66.250000 33.750000 32.500000 68.750000 33.750000 68.750000 33.750000 67.567568 36.764706 68.750000 33.750000 68.750000 34.177215 66.250000 35.000000 26.250000 29.508197 67.500000 68.750000 27.500000 35.211268 67.500000 40.000000 100.000000 37.500000 68.750000 68.750000 33.750000 68.750000 35.000000 68.750000 33.750000 65.000000 32.500000 72.857143 32.500000 80.327869 40.677966 65.753425 33.783784 33.783784 63.768116 35.294118 70.000000 42.187500
pma-mir-222    34.567901 52.173913 33.695652 61.956522 40.322581 61.111111 35.365854 65.432099 33.695652 61.956522 31.521739 60.869565 46.739130 33.695652 63.043478 34.939759 64.285714 35.064935 65.217391 32.608696 57.608696 42.391304 33.695652 60.869565 33.695652 60.869565 36.486486 66.176471 33.695652 58.695652 33.695652 67.088608 32.608696 45.652174 36.956522 49.180328 33.695652 33.695652 54.347826 57.746479 38.043478 52.173913 37.500000 100.000000 33.695652 33.695652 60.869565 33.695652 60.869565 33.695652 60.869565 33.695652 57.608696 41.428571 66.250000 40.983607 79.661017 36.986301 66.216216 66.216216 36.231884 66.176471 31.521739 64.062500
ppa-mir-221    85.185185 34.042553 92.727273 31.818182 96.774194 34.444444 97.560976 39.506173 92.727273 31.818182 67.741935 29.629630 26.804124 95.454545 31.818182 93.975904 36.904762 71.428571 39.130435 90.909091 31.632653 23.636364 100.000000 31.818182 100.000000 31.818182 91.891892 35.294118 100.000000 31.818182 98.947368 43.037975 90.322581 32.727273 24.545455 31.147541 92.727273 77.884615 34.020619 38.028169 62.135922 32.075472 68.750000 33.695652 100.000000 100.000000 31.818182 100.000000 31.818182 92.660550 38.834951 85.454545 28.181818 97.142857 36.250000 96.721311 47.457627 93.150685 36.486486 36.486486 73.913043 39.705882 76.344086 39.062500
ppy-mir-221    85.185185 34.042553 92.727273 31.818182 96.774194 34.444444 97.560976 39.506173 92.727273 31.818182 67.741935 29.629630 26.804124 95.454545 31.818182 93.975904 36.904762 71.428571 39.130435 90.909091 31.632653 23.636364 100.000000 31.818182 100.000000 31.818182 91.891892 35.294118 100.000000 31.818182 98.947368 43.037975 90.322581 32.727273 24.545455 31.147541 92.727273 77.884615 34.020619 38.028169 62.135922 32.075472 68.750000 33.695652 100.000000 100.000000 31.818182 100.000000 31.818182 92.660550 38.834951 85.454545 28.181818 97.142857 36.250000 96.721311 47.457627 93.150685 36.486486 36.486486 73.913043 39.705882 76.344086 39.062500
ppy-mir-222    35.802469 71.276596 35.454545 96.363636 43.548387 97.777778 40.243902 93.827160 35.454545 96.363636 31.182796 64.814815 41.237113 35.454545 98.181818 39.759036 92.857143 33.766234 79.710145 40.404040 76.530612 47.272727 31.818182 100.000000 31.818182 100.000000 43.243243 86.764706 31.818182 99.090909 37.894737 96.202532 37.634409 70.000000 48.181818 59.016393 35.454545 34.615385 68.041237 61.971831 33.980583 50.000000 33.750000 60.869565 31.818182 31.818182 100.000000 32.110092 100.000000 33.027523 88.349515 32.727273 75.454545 41.428571 93.750000 44.262295 98.305085 46.575342 83.783784 83.783784 37.681159 79.411765 36.559140 78.125000
ptr-mir-221    85.185185 34.042553 93.577982 32.110092 96.774194 34.444444 97.560976 39.506173 93.577982 32.110092 66.666667 29.629630 28.865979 95.412844 32.110092 93.975904 36.904762 71.428571 39.130435 90.909091 31.632653 23.853211 100.000000 32.110092 100.000000 32.110092 91.891892 35.294118 100.000000 32.110092 98.947368 43.037975 90.322581 33.027523 24.770642 31.147541 93.577982 77.884615 34.020619 38.028169 62.135922 32.075472 68.750000 33.695652 100.000000 100.000000 32.110092 100.000000 32.110092 92.660550 38.834951 86.238532 28.440367 97.142857 36.250000 96.721311 47.457627 93.150685 36.486486 36.486486 73.913043 39.705882 76.344086 39.062500
ptr-mir-222    35.802469 71.276596 35.454545 96.363636 43.548387 97.777778 40.243902 93.827160 35.454545 96.428571 31.182796 64.814815 41.237113 31.818182 98.181818 39.759036 92.857143 33.766234 79.710145 40.404040 76.530612 46.846847 31.818182 100.000000 31.818182 100.000000 43.243243 86.764706 31.818182 99.090909 37.894737 96.202532 37.634409 70.000000 47.321429 59.016393 35.454545 36.538462 68.041237 61.971831 33.980583 50.000000 35.000000 60.869565 31.818182 31.818182 100.000000 32.110092 100.000000 33.027523 88.349515 32.142857 74.107143 41.428571 93.750000 44.262295 98.305085 46.575342 83.783784 83.783784 37.681159 79.411765 36.559140 78.125000
rno-mir-221    86.419753 32.978723 88.073394 33.944954 98.387097 35.555556 98.780488 43.209877 88.073394 33.944954 65.591398 28.703704 26.804124 89.908257 33.027523 95.180723 38.095238 71.428571 39.130435 91.919192 32.653061 21.100917 92.660550 33.027523 92.660550 33.027523 93.243243 38.235294 92.660550 33.027523 100.000000 45.569620 91.397849 38.532110 23.853211 29.508197 88.073394 79.807692 34.020619 38.028169 61.165049 30.188679 68.750000 33.695652 92.660550 92.660550 33.027523 92.660550 33.027523 100.000000 38.834951 86.238532 33.027523 98.571429 38.750000 98.360656 49.152542 94.520548 36.486486 36.486486 73.913043 39.705882 78.494624 39.062500
rno-mir-222    37.037037 73.404255 35.922330 85.436893 45.161290 95.555556 40.243902 97.530864 35.922330 85.436893 33.333333 65.048544 42.268041 37.864078 87.378641 40.963855 94.047619 32.467532 82.608696 40.404040 75.510204 51.456311 38.834951 88.349515 38.834951 88.349515 43.243243 83.823529 38.834951 88.349515 38.947368 98.734177 40.860215 71.844660 53.398058 59.016393 35.922330 34.951456 68.041237 61.971831 29.126214 53.398058 33.750000 60.869565 38.834951 38.834951 88.349515 38.834951 88.349515 38.834951 100.000000 38.834951 76.699029 42.857143 95.000000 45.901639 98.305085 47.945205 83.783784 83.783784 36.231884 82.352941 36.559140 75.000000
sha-mir-221    87.654321 31.914894 82.727273 31.818182 90.322581 34.444444 95.121951 40.740741 82.727273 31.250000 64.516129 27.777778 29.896907 84.545455 31.818182 92.771084 36.904762 70.129870 40.579710 88.888889 32.653061 27.027027 85.454545 32.142857 85.454545 32.727273 100.000000 35.294118 85.454545 32.727273 91.578947 43.037975 91.397849 31.818182 23.931624 36.065574 82.727273 82.692308 28.865979 36.619718 61.165049 27.358491 65.000000 33.695652 85.454545 85.454545 32.727273 86.238532 32.142857 86.238532 38.834951 100.000000 30.000000 91.428571 37.500000 90.163934 47.457627 91.780822 37.837838 37.837838 72.463768 41.176471 76.344086 39.062500
sha-mir-222    35.802469 76.595745 30.909091 74.545455 38.709677 87.777778 35.365854 86.419753 30.909091 73.214286 36.559140 66.666667 49.484536 29.090909 77.272727 36.144578 88.095238 35.064935 81.159420 34.343434 77.551020 45.945946 28.181818 74.107143 28.181818 75.454545 39.189189 95.588235 28.181818 73.636364 30.526316 86.075949 34.408602 74.545455 47.863248 59.016393 30.909091 33.653846 74.226804 63.380282 39.805825 51.886792 32.500000 57.608696 28.181818 28.181818 75.454545 28.440367 74.107143 33.027523 76.699029 30.000000 100.000000 37.142857 86.250000 39.344262 91.525424 41.095890 87.837838 87.837838 39.130435 80.882353 32.258065 81.250000
ssc-mir-221    85.714286 35.714286 98.571429 41.428571 100.000000 40.000000 97.142857 44.285714 98.571429 40.000000 85.714286 37.142857 31.428571 98.571429 41.428571 97.142857 40.000000 75.714286 36.231884 94.285714 35.714286 25.714286 97.142857 41.428571 97.142857 41.428571 91.428571 35.294118 97.142857 41.428571 98.571429 45.714286 92.857143 35.714286 37.142857 29.508197 98.571429 88.571429 37.142857 35.714286 82.857143 35.714286 72.857143 41.428571 97.142857 97.142857 41.428571 97.142857 41.428571 98.571429 42.857143 91.428571 37.142857 100.000000 38.571429 100.000000 45.762712 90.000000 35.714286 35.714286 73.913043 36.764706 87.142857 39.062500
ssc-mir-222    33.750000 73.750000 36.250000 96.250000 40.322581 96.250000 38.750000 88.750000 36.250000 96.250000 35.000000 68.750000 48.750000 36.250000 95.000000 37.500000 96.250000 36.363636 78.260870 40.000000 80.000000 61.250000 36.250000 93.750000 36.250000 93.750000 40.540541 72.058824 36.250000 93.750000 38.750000 92.405063 40.000000 81.250000 52.500000 55.737705 36.250000 38.750000 67.500000 60.563380 35.000000 60.000000 32.500000 66.250000 36.250000 36.250000 93.750000 36.250000 93.750000 38.750000 95.000000 37.500000 86.250000 38.571429 100.000000 40.983607 96.610169 41.095890 77.027027 77.027027 40.579710 77.941176 35.000000 73.437500
tch-mir-221    83.606557 37.704918 98.360656 42.622951 100.000000 42.622951 96.721311 44.262295 98.360656 42.622951 83.606557 37.704918 32.786885 98.360656 44.262295 96.721311 42.622951 75.409836 37.704918 96.721311 37.704918 27.868852 96.721311 44.262295 96.721311 44.262295 90.163934 36.065574 96.721311 44.262295 98.360656 45.901639 93.442623 37.704918 29.508197 29.508197 98.360656 91.803279 39.344262 37.704918 81.967213 37.704918 80.327869 40.983607 96.721311 96.721311 44.262295 96.721311 44.262295 98.360656 45.901639 90.163934 39.344262 100.000000 40.983607 100.000000 45.762712 96.721311 37.704918 37.704918 75.409836 37.704918 88.524590 37.704918
tch-mir-222    42.372881 81.355932 45.762712 98.305085 45.762712 98.305085 49.152542 96.610169 45.762712 98.305085 42.372881 77.966102 62.711864 45.762712 100.000000 50.847458 94.915254 42.372881 77.966102 50.847458 83.050847 66.101695 47.457627 98.305085 47.457627 98.305085 47.457627 71.186441 47.457627 98.305085 49.152542 98.305085 50.847458 83.050847 62.711864 61.016949 45.762712 50.847458 77.966102 67.796610 42.372881 72.881356 40.677966 79.661017 47.457627 47.457627 98.305085 47.457627 98.305085 49.152542 98.305085 47.457627 91.525424 45.762712 96.610169 45.762712 100.000000 50.847458 83.050847 83.050847 42.372881 77.966102 47.457627 72.881356
tgu-mir-221    83.561644 36.986301 94.520548 45.205479 96.774194 45.205479 93.150685 46.575342 94.520548 45.205479 75.342466 39.726027 27.397260 91.780822 46.575342 95.890411 45.205479 67.123288 39.130435 100.000000 36.986301 26.027397 93.150685 46.575342 93.150685 46.575342 86.301370 38.235294 93.150685 46.575342 94.520548 47.945205 94.520548 38.356164 32.876712 32.786885 94.520548 91.780822 36.986301 36.619718 76.712329 35.616438 65.753425 36.986301 93.150685 93.150685 46.575342 93.150685 46.575342 94.520548 47.945205 91.780822 41.095890 90.000000 41.095890 96.721311 50.847458 100.000000 36.986301 36.986301 69.565217 39.705882 87.671233 39.062500
tgu-mir-222-1  40.540541 95.945946 36.486486 82.432432 37.096774 82.432432 37.837838 81.081081 36.486486 82.432432 36.486486 81.081081 64.864865 36.486486 83.783784 39.189189 85.135135 37.837838 75.362319 36.486486 100.000000 54.054054 36.486486 83.783784 36.486486 83.783784 35.135135 72.058824 36.486486 83.783784 36.486486 77.027027 39.189189 77.027027 62.162162 59.016393 36.486486 37.837838 83.783784 60.563380 31.081081 67.567568 33.783784 66.216216 36.486486 36.486486 83.783784 36.486486 83.783784 36.486486 83.783784 37.837838 87.837838 35.714286 77.027027 37.704918 83.050847 36.986301 100.000000 100.000000 40.579710 76.470588 37.837838 76.562500
tgu-mir-222-2  40.540541 95.945946 36.486486 82.432432 37.096774 82.432432 37.837838 81.081081 36.486486 82.432432 36.486486 81.081081 64.864865 36.486486 83.783784 39.189189 85.135135 37.837838 75.362319 36.486486 100.000000 54.054054 36.486486 83.783784 36.486486 83.783784 35.135135 72.058824 36.486486 83.783784 36.486486 77.027027 39.189189 77.027027 62.162162 59.016393 36.486486 37.837838 83.783784 60.563380 31.081081 67.567568 33.783784 66.216216 36.486486 36.486486 83.783784 36.486486 83.783784 36.486486 83.783784 37.837838 87.837838 35.714286 77.027027 37.704918 83.050847 36.986301 100.000000 100.000000 40.579710 76.470588 37.837838 76.562500
