8
bta-mir-483 100.000000 73.529412 100.000000 79.411765 75.000000 75.000000 61.764706 61.764706
cfa-mir-483 73.529412 100.000000 73.529412 88.405797 69.565217 69.565217 62.318841 62.318841
chi-mir-483 100.000000 73.529412 100.000000 79.411765 75.000000 75.000000 61.764706 61.764706
eca-mir-483 79.411765 88.405797 79.411765 100.000000 66.964286 71.052632 69.863014 69.863014
ggo-mir-483 75.000000 69.565217 75.000000 66.964286 100.000000 100.000000 73.972603 73.972603
hsa-mir-483 75.000000 69.565217 75.000000 71.052632 100.000000 100.000000 73.972603 73.972603
mmu-mir-483 61.764706 62.318841 61.764706 69.863014 73.972603 73.972603 100.000000 100.000000
rno-mir-483 61.764706 62.318841 61.764706 69.863014 73.972603 73.972603 100.000000 100.000000
