31
bfl-mir-183   100.000000 51.428571 51.612903 50.000000 39.603960 46.250000 39.603960 45.918367 52.173913 55.714286 41.836735 40.594059 40.594059 50.000000 39.603960 51.428571 46.534653 44.736842 42.574257 48.351648 48.837209 40.594059 40.594059 40.594059 38.613861 37.804878 51.428571 51.612903 47.368421 55.714286 45.360825
bta-mir-183   51.428571 100.000000 100.000000 98.571429 100.000000 51.428571 41.428571 85.714286 100.000000 85.714286 85.714286 98.571429 98.571429 85.714286 100.000000 98.571429 85.714286 80.000000 84.285714 85.714286 61.428571 98.571429 98.571429 98.571429 100.000000 40.000000 100.000000 100.000000 85.714286 85.714286 84.285714
cfa-mir-183   51.612903 100.000000 100.000000 98.387097 100.000000 50.000000 46.774194 83.870968 100.000000 83.870968 83.870968 98.387097 98.387097 83.870968 100.000000 98.387097 83.870968 80.645161 82.258065 83.870968 58.064516 98.387097 98.387097 98.387097 100.000000 38.709677 100.000000 100.000000 83.870968 83.870968 82.258065
cgr-mir-183   50.000000 98.571429 98.387097 100.000000 98.750000 48.750000 40.000000 87.500000 98.550725 85.714286 85.000000 100.000000 100.000000 87.500000 98.750000 100.000000 87.500000 81.578947 82.500000 87.500000 62.500000 100.000000 100.000000 100.000000 97.500000 38.750000 98.571429 98.387097 82.894737 85.714286 86.250000
chi-mir-183   39.603960 100.000000 100.000000 98.750000 100.000000 48.750000 31.067961 86.734694 100.000000 85.714286 87.755102 95.454545 95.454545 87.500000 96.363636 98.571429 78.181818 84.210526 72.477064 86.813187 62.790698 95.454545 97.196262 95.454545 98.181818 37.804878 100.000000 100.000000 86.842105 85.714286 80.412371
cin-mir-183   46.250000 51.428571 50.000000 48.750000 48.750000 100.000000 65.000000 53.750000 52.173913 47.142857 50.000000 51.250000 51.250000 51.250000 51.250000 51.428571 53.750000 52.631579 50.000000 45.000000 42.500000 51.250000 51.250000 51.250000 45.000000 27.500000 51.428571 50.000000 52.631579 47.142857 50.000000
csa-mir-183   39.603960 41.428571 46.774194 40.000000 31.067961 65.000000 100.000000 36.734694 42.028986 48.571429 33.673469 33.980583 33.980583 36.363636 32.038835 44.285714 33.009709 42.105263 33.980583 38.461538 43.023256 33.980583 33.980583 33.980583 31.067961 35.365854 41.428571 46.774194 42.105263 48.571429 30.927835
dre-mir-183   45.918367 85.714286 83.870968 87.500000 86.734694 53.750000 36.734694 100.000000 85.507246 95.714286 86.734694 87.755102 87.755102 98.863636 87.755102 85.714286 96.938776 86.842105 86.734694 95.604396 68.604651 87.755102 87.755102 87.755102 85.714286 35.365854 85.714286 83.870968 86.842105 95.714286 90.721649
eca-mir-183   52.173913 100.000000 100.000000 98.550725 100.000000 52.173913 42.028986 85.507246 100.000000 85.507246 85.507246 98.550725 98.550725 85.507246 100.000000 98.550725 85.507246 81.159420 84.057971 85.507246 60.869565 98.550725 98.550725 98.550725 100.000000 40.579710 100.000000 100.000000 85.507246 85.507246 84.057971
fru-mir-183   55.714286 85.714286 83.870968 85.714286 85.714286 47.142857 48.571429 95.714286 85.507246 100.000000 84.285714 85.714286 85.714286 91.428571 85.714286 85.714286 91.428571 74.285714 91.428571 100.000000 68.571429 85.714286 85.714286 85.714286 85.714286 37.142857 85.714286 83.870968 84.285714 100.000000 90.000000
gga-mir-183   41.836735 85.714286 83.870968 85.000000 87.755102 50.000000 33.673469 86.734694 85.507246 84.285714 100.000000 84.693878 84.693878 88.636364 86.734694 82.857143 84.693878 81.578947 78.571429 85.714286 63.953488 84.693878 84.693878 84.693878 86.734694 35.365854 85.714286 83.870968 100.000000 84.285714 83.505155
ggo-mir-183   40.594059 98.571429 98.387097 100.000000 95.454545 51.250000 33.980583 87.755102 98.550725 85.714286 84.693878 100.000000 100.000000 87.500000 97.272727 100.000000 79.090909 82.894737 72.477064 86.813187 62.790698 100.000000 99.065421 100.000000 95.454545 37.804878 98.571429 98.387097 84.210526 85.714286 80.412371
hsa-mir-183   40.594059 98.571429 98.387097 100.000000 95.454545 51.250000 33.980583 87.755102 98.550725 85.714286 84.693878 100.000000 100.000000 87.500000 97.272727 100.000000 79.090909 82.894737 72.477064 86.813187 62.790698 100.000000 99.065421 100.000000 95.454545 37.804878 98.571429 98.387097 84.210526 85.714286 80.412371
mdo-mir-183   50.000000 85.714286 83.870968 87.500000 87.500000 51.250000 36.363636 98.863636 85.507246 91.428571 88.636364 87.500000 87.500000 100.000000 87.500000 85.714286 100.000000 88.157895 87.500000 93.181818 66.279070 87.500000 87.500000 87.500000 86.363636 35.365854 85.714286 83.870968 86.842105 91.428571 95.454545
mml-mir-183   39.603960 100.000000 100.000000 98.750000 96.363636 51.250000 32.038835 87.755102 100.000000 85.714286 86.734694 97.272727 97.272727 87.500000 100.000000 98.571429 79.090909 84.210526 72.477064 86.813187 62.790698 97.272727 98.130841 97.272727 94.545455 37.804878 100.000000 100.000000 86.842105 85.714286 80.412371
mmu-mir-183   51.428571 98.571429 98.387097 100.000000 98.571429 51.428571 44.285714 85.714286 98.550725 85.714286 82.857143 100.000000 100.000000 85.714286 98.571429 100.000000 85.714286 78.571429 84.285714 85.714286 61.428571 100.000000 100.000000 100.000000 98.571429 40.000000 98.571429 98.387097 82.857143 85.714286 84.285714
oan-mir-183   46.534653 85.714286 83.870968 87.500000 78.181818 53.750000 33.009709 96.938776 85.507246 91.428571 84.693878 79.090909 79.090909 100.000000 79.090909 85.714286 100.000000 88.157895 79.816514 91.208791 66.279070 79.090909 81.308411 79.090909 77.272727 35.365854 85.714286 83.870968 86.842105 91.428571 93.814433
oha-mir-183   44.736842 80.000000 80.645161 81.578947 84.210526 52.631579 42.105263 86.842105 81.159420 74.285714 81.578947 82.894737 82.894737 88.157895 84.210526 78.571429 88.157895 100.000000 81.578947 78.947368 67.105263 82.894737 82.894737 82.894737 82.894737 40.789474 80.000000 80.645161 80.263158 74.285714 86.842105
ola-mir-183-1 42.574257 84.285714 82.258065 82.500000 72.477064 50.000000 33.980583 86.734694 84.057971 91.428571 78.571429 72.477064 72.477064 87.500000 72.477064 84.285714 79.816514 81.578947 100.000000 85.714286 62.790698 72.477064 73.831776 72.477064 70.642202 30.487805 84.285714 82.258065 82.894737 91.428571 86.597938
ola-mir-183-2 48.351648 85.714286 83.870968 87.500000 86.813187 45.000000 38.461538 95.604396 85.507246 100.000000 85.714286 86.813187 86.813187 93.181818 86.813187 85.714286 91.208791 78.947368 85.714286 100.000000 69.767442 86.813187 86.813187 86.813187 85.714286 35.365854 85.714286 83.870968 85.526316 100.000000 89.010989
pma-mir-183   48.837209 61.428571 58.064516 62.500000 62.790698 42.500000 43.023256 68.604651 60.869565 68.571429 63.953488 62.790698 62.790698 66.279070 62.790698 61.428571 66.279070 67.105263 62.790698 69.767442 100.000000 62.790698 62.790698 62.790698 63.953488 36.585366 61.428571 58.064516 61.842105 68.571429 63.953488
ppa-mir-183   40.594059 98.571429 98.387097 100.000000 95.454545 51.250000 33.980583 87.755102 98.550725 85.714286 84.693878 100.000000 100.000000 87.500000 97.272727 100.000000 79.090909 82.894737 72.477064 86.813187 62.790698 100.000000 99.065421 100.000000 95.454545 37.804878 98.571429 98.387097 84.210526 85.714286 80.412371
ppy-mir-183   40.594059 98.571429 98.387097 100.000000 97.196262 51.250000 33.980583 87.755102 98.550725 85.714286 84.693878 99.065421 99.065421 87.500000 98.130841 100.000000 81.308411 82.894737 73.831776 86.813187 62.790698 99.065421 100.000000 99.065421 95.327103 37.804878 98.571429 98.387097 84.210526 85.714286 80.412371
ptr-mir-183   40.594059 98.571429 98.387097 100.000000 95.454545 51.250000 33.980583 87.755102 98.550725 85.714286 84.693878 100.000000 100.000000 87.500000 97.272727 100.000000 79.090909 82.894737 72.477064 86.813187 62.790698 100.000000 99.065421 100.000000 95.454545 37.804878 98.571429 98.387097 84.210526 85.714286 80.412371
rno-mir-183   38.613861 100.000000 100.000000 97.500000 98.181818 45.000000 31.067961 85.714286 100.000000 85.714286 86.734694 95.454545 95.454545 86.363636 94.545455 98.571429 77.272727 82.894737 70.642202 85.714286 63.953488 95.454545 95.327103 95.454545 100.000000 37.804878 100.000000 100.000000 85.526316 85.714286 79.381443
spu-mir-183   37.804878 40.000000 38.709677 38.750000 37.804878 27.500000 35.365854 35.365854 40.579710 37.142857 35.365854 37.804878 37.804878 35.365854 37.804878 40.000000 35.365854 40.789474 30.487805 35.365854 36.585366 37.804878 37.804878 37.804878 37.804878 100.000000 40.000000 38.709677 34.210526 37.142857 35.365854
ssc-mir-183   51.428571 100.000000 100.000000 98.571429 100.000000 51.428571 41.428571 85.714286 100.000000 85.714286 85.714286 98.571429 98.571429 85.714286 100.000000 98.571429 85.714286 80.000000 84.285714 85.714286 61.428571 98.571429 98.571429 98.571429 100.000000 40.000000 100.000000 100.000000 85.714286 85.714286 84.285714
tch-mir-183   51.612903 100.000000 100.000000 98.387097 100.000000 50.000000 46.774194 83.870968 100.000000 83.870968 83.870968 98.387097 98.387097 83.870968 100.000000 98.387097 83.870968 80.645161 82.258065 83.870968 58.064516 98.387097 98.387097 98.387097 100.000000 38.709677 100.000000 100.000000 83.870968 83.870968 82.258065
tgu-mir-183   47.368421 85.714286 83.870968 82.894737 86.842105 52.631579 42.105263 86.842105 85.507246 84.285714 100.000000 84.210526 84.210526 86.842105 86.842105 82.857143 86.842105 80.263158 82.894737 85.526316 61.842105 84.210526 84.210526 84.210526 85.526316 34.210526 85.714286 83.870968 100.000000 84.285714 88.157895
tni-mir-183   55.714286 85.714286 83.870968 85.714286 85.714286 47.142857 48.571429 95.714286 85.507246 100.000000 84.285714 85.714286 85.714286 91.428571 85.714286 85.714286 91.428571 74.285714 91.428571 100.000000 68.571429 85.714286 85.714286 85.714286 85.714286 37.142857 85.714286 83.870968 84.285714 100.000000 90.000000
xtr-mir-183   45.360825 84.285714 82.258065 86.250000 80.412371 50.000000 30.927835 90.721649 84.057971 90.000000 83.505155 80.412371 80.412371 95.454545 80.412371 84.285714 93.814433 86.842105 86.597938 89.010989 63.953488 80.412371 80.412371 80.412371 79.381443 35.365854 84.285714 82.258065 88.157895 90.000000 100.000000
