32
bta-mir-378-1  100.000000 37.878788 50.000000 50.000000 100.000000 100.000000 100.000000 100.000000 100.000000 98.484848 48.484848 42.424242 98.484848 47.368421 48.148148 40.909091 40.909091 100.000000 48.484848 100.000000 51.515152 90.476190 48.484848 42.424242 98.461538 48.484848 42.424242 63.636364 100.000000 96.969697 59.090909 100.000000
bta-mir-378-2  37.878788 100.000000 32.894737 32.894737 41.666667 36.842105 36.842105 37.878788 36.842105 36.842105 36.842105 27.631579 37.878788 40.350877 35.185185 38.157895 27.631579 37.878788 30.263158 37.878788 31.578947 30.158730 36.842105 27.631579 38.461538 36.842105 28.947368 34.210526 38.461538 34.210526 39.705882 41.666667
bta-mir-378b   50.000000 32.894737 100.000000 34.065934 55.000000 45.569620 39.795918 50.000000 45.121951 38.775510 35.714286 36.734694 50.000000 49.122807 51.851852 31.632653 37.974684 50.000000 31.632653 50.000000 32.608696 42.857143 37.755102 36.734694 50.769231 36.734694 34.693878 30.612245 50.769231 46.250000 47.058824 55.000000
bta-mir-378d   50.000000 32.894737 34.065934 100.000000 46.666667 44.303797 39.560440 50.000000 42.682927 39.560440 42.857143 37.362637 50.000000 45.614035 37.037037 26.373626 36.708861 50.000000 31.868132 50.000000 67.032967 38.095238 42.857143 36.263736 50.769231 42.857143 36.263736 32.967033 50.769231 42.500000 57.352941 46.666667
cfa-mir-378    100.000000 41.666667 55.000000 46.666667 100.000000 100.000000 100.000000 100.000000 100.000000 98.333333 50.000000 46.666667 98.333333 47.368421 48.148148 45.000000 45.000000 100.000000 50.000000 100.000000 51.666667 88.333333 50.000000 46.666667 98.333333 50.000000 46.666667 60.000000 100.000000 96.666667 60.000000 100.000000
cgr-mir-378    100.000000 36.842105 45.569620 44.303797 100.000000 100.000000 98.734177 100.000000 100.000000 98.734177 40.506329 35.443038 98.484848 49.122807 48.148148 34.177215 35.443038 100.000000 45.569620 100.000000 46.835443 90.476190 40.506329 35.443038 98.461538 40.506329 35.443038 64.556962 100.000000 96.202532 57.352941 100.000000
chi-mir-378    100.000000 36.842105 39.795918 39.560440 100.000000 98.734177 100.000000 100.000000 97.560976 96.363636 32.110092 32.110092 98.484848 50.877193 48.148148 31.632653 40.506329 100.000000 36.363636 100.000000 38.043478 90.476190 33.027523 32.407407 98.461538 33.944954 32.407407 51.818182 100.000000 95.000000 57.352941 100.000000
eca-mir-378    100.000000 37.878788 50.000000 50.000000 100.000000 100.000000 100.000000 100.000000 100.000000 98.484848 48.484848 42.424242 98.484848 47.368421 48.148148 40.909091 40.909091 100.000000 48.484848 100.000000 51.515152 90.476190 48.484848 42.424242 98.461538 48.484848 42.424242 63.636364 100.000000 96.969697 59.090909 100.000000
efu-mir-378    100.000000 36.842105 45.121951 42.682927 100.000000 100.000000 97.560976 100.000000 100.000000 98.780488 39.024390 35.365854 98.484848 49.122807 48.148148 32.926829 35.443038 100.000000 43.902439 100.000000 45.121951 90.476190 39.024390 35.365854 98.461538 39.024390 35.365854 63.414634 100.000000 96.250000 57.352941 100.000000
ggo-mir-378a   98.484848 36.842105 38.775510 39.560440 98.333333 98.734177 96.363636 98.484848 98.780488 100.000000 31.192661 30.275229 100.000000 50.877193 48.148148 29.591837 40.506329 98.484848 36.607143 98.484848 38.043478 92.063492 33.944954 32.407407 100.000000 33.027523 30.555556 53.571429 98.461538 96.250000 57.352941 98.333333
ggo-mir-378b   48.484848 36.842105 35.714286 42.857143 50.000000 40.506329 32.110092 48.484848 39.024390 31.192661 100.000000 29.357798 48.484848 100.000000 42.592593 28.571429 37.974684 48.484848 30.275229 48.484848 33.695652 41.269841 97.247706 27.777778 49.230769 99.082569 27.777778 22.935780 49.230769 42.500000 58.823529 50.000000
ggo-mir-378e   42.424242 27.631579 36.734694 37.362637 46.666667 35.443038 32.110092 42.424242 35.365854 30.275229 29.357798 100.000000 43.939394 45.614035 37.037037 23.469388 98.734177 42.424242 34.862385 42.424242 36.956522 38.095238 29.357798 99.074074 44.615385 30.275229 99.074074 26.605505 43.076923 36.250000 42.647059 46.666667
hsa-mir-378a   98.484848 37.878788 50.000000 50.000000 98.333333 98.484848 98.484848 98.484848 98.484848 100.000000 48.484848 43.939394 100.000000 47.368421 48.148148 40.909091 42.424242 98.484848 48.484848 98.484848 51.515152 92.063492 48.484848 43.939394 100.000000 48.484848 43.939394 66.666667 98.461538 96.969697 59.090909 98.333333
hsa-mir-378b   47.368421 40.350877 49.122807 45.614035 47.368421 49.122807 50.877193 47.368421 49.122807 50.877193 100.000000 45.614035 47.368421 100.000000 42.592593 45.614035 45.614035 47.368421 43.859649 47.368421 42.105263 36.842105 100.000000 45.614035 47.368421 100.000000 42.105263 38.596491 47.368421 50.877193 56.140351 47.368421
hsa-mir-378d-1 48.148148 35.185185 51.851852 37.037037 48.148148 48.148148 48.148148 48.148148 48.148148 48.148148 42.592593 37.037037 48.148148 42.592593 100.000000 37.037037 31.481481 48.148148 87.037037 48.148148 38.888889 37.037037 42.592593 37.037037 48.148148 42.592593 37.037037 38.888889 48.148148 48.148148 40.740741 48.148148
hsa-mir-378d-2 40.909091 38.157895 31.632653 26.373626 45.000000 34.177215 31.632653 40.909091 32.926829 29.591837 28.571429 23.469388 40.909091 45.614035 37.037037 100.000000 26.582278 40.909091 23.469388 40.909091 30.434783 33.333333 29.591837 23.469388 41.538462 28.571429 25.510204 23.469388 41.538462 32.500000 41.176471 45.000000
hsa-mir-378e   40.909091 27.631579 37.974684 36.708861 45.000000 35.443038 40.506329 40.909091 35.443038 40.506329 37.974684 98.734177 42.424242 45.614035 31.481481 26.582278 100.000000 40.909091 39.240506 40.909091 41.772152 36.507937 39.240506 98.734177 43.076923 39.240506 97.468354 36.708861 41.538462 36.708861 42.647059 45.000000
mml-mir-378a   100.000000 37.878788 50.000000 50.000000 100.000000 100.000000 100.000000 100.000000 100.000000 98.484848 48.484848 42.424242 98.484848 47.368421 48.148148 40.909091 40.909091 100.000000 48.484848 100.000000 51.515152 90.476190 48.484848 42.424242 98.461538 48.484848 42.424242 63.636364 100.000000 96.969697 59.090909 100.000000
mml-mir-378d   48.484848 30.263158 31.632653 31.868132 50.000000 45.569620 36.363636 48.484848 43.902439 36.607143 30.275229 34.862385 48.484848 43.859649 87.037037 23.469388 39.240506 48.484848 100.000000 48.484848 30.434783 41.269841 28.440367 36.111111 49.230769 30.275229 35.185185 30.357143 49.230769 46.250000 39.705882 50.000000
mmu-mir-378a   100.000000 37.878788 50.000000 50.000000 100.000000 100.000000 100.000000 100.000000 100.000000 98.484848 48.484848 42.424242 98.484848 47.368421 48.148148 40.909091 40.909091 100.000000 48.484848 100.000000 51.515152 90.476190 48.484848 42.424242 98.461538 48.484848 42.424242 63.636364 100.000000 96.969697 59.090909 100.000000
mmu-mir-378b   51.515152 31.578947 32.608696 67.032967 51.666667 46.835443 38.043478 51.515152 45.121951 38.043478 33.695652 36.956522 51.515152 42.105263 38.888889 30.434783 41.772152 51.515152 30.434783 51.515152 100.000000 39.682540 33.695652 36.956522 52.307692 33.695652 35.869565 38.043478 52.307692 41.250000 51.470588 51.666667
ppy-mir-378a   90.476190 30.158730 42.857143 38.095238 88.333333 90.476190 90.476190 90.476190 90.476190 92.063492 41.269841 38.095238 92.063492 36.842105 37.037037 33.333333 36.507937 90.476190 41.269841 90.476190 39.682540 100.000000 41.269841 38.095238 90.476190 41.269841 38.095238 57.142857 88.888889 88.888889 50.793651 88.333333
ppy-mir-378b   48.484848 36.842105 37.755102 42.857143 50.000000 40.506329 33.027523 48.484848 39.024390 33.944954 97.247706 29.357798 48.484848 100.000000 42.592593 29.591837 39.240506 48.484848 28.440367 48.484848 33.695652 41.269841 100.000000 28.703704 49.230769 98.165138 28.703704 25.688073 49.230769 42.500000 54.411765 50.000000
ppy-mir-378e   42.424242 27.631579 36.734694 36.263736 46.666667 35.443038 32.407407 42.424242 35.365854 32.407407 27.777778 99.074074 43.939394 45.614035 37.037037 23.469388 98.734177 42.424242 36.111111 42.424242 36.956522 38.095238 28.703704 100.000000 44.615385 29.629630 98.148148 26.851852 43.076923 36.250000 42.647059 46.666667
ptr-mir-378a   98.461538 38.461538 50.769231 50.769231 98.333333 98.461538 98.461538 98.461538 98.461538 100.000000 49.230769 44.615385 100.000000 47.368421 48.148148 41.538462 43.076923 98.461538 49.230769 98.461538 52.307692 90.476190 49.230769 44.615385 100.000000 49.230769 44.615385 66.153846 98.461538 96.923077 60.000000 98.333333
ptr-mir-378b   48.484848 36.842105 36.734694 42.857143 50.000000 40.506329 33.944954 48.484848 39.024390 33.027523 99.082569 30.275229 48.484848 100.000000 42.592593 28.571429 39.240506 48.484848 30.275229 48.484848 33.695652 41.269841 98.165138 29.629630 49.230769 100.000000 28.703704 28.440367 49.230769 42.500000 55.882353 50.000000
ptr-mir-378e   42.424242 28.947368 34.693878 36.263736 46.666667 35.443038 32.407407 42.424242 35.365854 30.555556 27.777778 99.074074 43.939394 42.105263 37.037037 25.510204 97.468354 42.424242 35.185185 42.424242 35.869565 38.095238 28.703704 98.148148 44.615385 28.703704 100.000000 26.851852 43.076923 36.250000 42.647059 46.666667
rno-mir-3557   63.636364 34.210526 30.612245 32.967033 60.000000 64.556962 51.818182 63.636364 63.414634 53.571429 22.935780 26.605505 66.666667 38.596491 38.888889 23.469388 36.708861 63.636364 30.357143 63.636364 38.043478 57.142857 25.688073 26.851852 66.153846 28.440367 26.851852 100.000000 63.076923 65.000000 42.647059 60.000000
rno-mir-378a   100.000000 38.461538 50.769231 50.769231 100.000000 100.000000 100.000000 100.000000 100.000000 98.461538 49.230769 43.076923 98.461538 47.368421 48.148148 41.538462 41.538462 100.000000 49.230769 100.000000 52.307692 88.888889 49.230769 43.076923 98.461538 49.230769 43.076923 63.076923 100.000000 96.923077 60.000000 100.000000
ssc-mir-378-1  96.969697 34.210526 46.250000 42.500000 96.666667 96.202532 95.000000 96.969697 96.250000 96.250000 42.500000 36.250000 96.969697 50.877193 48.148148 32.500000 36.708861 96.969697 46.250000 96.969697 41.250000 88.888889 42.500000 36.250000 96.923077 42.500000 36.250000 65.000000 96.923077 100.000000 61.764706 96.666667
ssc-mir-378-2  59.090909 39.705882 47.058824 57.352941 60.000000 57.352941 57.352941 59.090909 57.352941 57.352941 58.823529 42.647059 59.090909 56.140351 40.740741 41.176471 42.647059 59.090909 39.705882 59.090909 51.470588 50.793651 54.411765 42.647059 60.000000 55.882353 42.647059 42.647059 60.000000 61.764706 100.000000 60.000000
tch-mir-378a   100.000000 41.666667 55.000000 46.666667 100.000000 100.000000 100.000000 100.000000 100.000000 98.333333 50.000000 46.666667 98.333333 47.368421 48.148148 45.000000 45.000000 100.000000 50.000000 100.000000 51.666667 88.333333 50.000000 46.666667 98.333333 50.000000 46.666667 60.000000 100.000000 96.666667 60.000000 100.000000
