14
bta-mir-331 100.000000 100.000000 100.000000 100.000000 98.888889 97.435897 100.000000 100.000000 100.000000 98.888889 93.181818 98.888889 97.777778 100.000000
cfa-mir-331 100.000000 100.000000 100.000000 100.000000 98.888889 97.435897 100.000000 100.000000 100.000000 98.888889 93.181818 98.888889 97.777778 100.000000
cgr-mir-331 100.000000 100.000000 100.000000 100.000000 100.000000 100.000000 100.000000 100.000000 100.000000 100.000000 89.189189 100.000000 100.000000 100.000000
chi-mir-331 100.000000 100.000000 100.000000 100.000000 98.913043 100.000000 99.099099 98.936170 100.000000 96.875000 93.181818 98.924731 93.750000 100.000000
eca-mir-331 98.888889 98.888889 100.000000 98.913043 100.000000 100.000000 96.739130 96.739130 98.913043 96.739130 92.045455 94.565217 95.652174 100.000000
efu-mir-331 97.435897 97.435897 100.000000 100.000000 100.000000 100.000000 97.435897 97.435897 100.000000 100.000000 87.179487 97.435897 100.000000 97.435897
ggo-mir-331 100.000000 100.000000 100.000000 99.099099 96.739130 97.435897 100.000000 100.000000 98.936170 94.791667 93.181818 100.000000 91.666667 100.000000
hsa-mir-331 100.000000 100.000000 100.000000 98.936170 96.739130 97.435897 100.000000 100.000000 98.936170 94.680851 93.181818 100.000000 93.617021 100.000000
mml-mir-331 100.000000 100.000000 100.000000 100.000000 98.913043 100.000000 98.936170 98.936170 100.000000 96.808511 93.181818 98.924731 95.744681 100.000000
mmu-mir-331 98.888889 98.888889 100.000000 96.875000 96.739130 100.000000 94.791667 94.680851 96.808511 100.000000 92.045455 94.623656 96.875000 100.000000
ppy-mir-331 93.181818 93.181818 89.189189 93.181818 92.045455 87.179487 93.181818 93.181818 93.181818 92.045455 100.000000 92.045455 90.909091 90.000000
ptr-mir-331 98.888889 98.888889 100.000000 98.924731 94.565217 97.435897 100.000000 100.000000 98.924731 94.623656 92.045455 100.000000 93.548387 100.000000
rno-mir-331 97.777778 97.777778 100.000000 93.750000 95.652174 100.000000 91.666667 93.617021 95.744681 96.875000 90.909091 93.548387 100.000000 100.000000
ssc-mir-331 100.000000 100.000000 100.000000 100.000000 100.000000 97.435897 100.000000 100.000000 100.000000 100.000000 90.000000 100.000000 100.000000 100.000000
