13
bta-mir-328  100.000000 93.650794 88.750000 98.913043 97.183099 86.956522 89.333333 86.956522 92.000000 89.189189 79.761905 93.750000 88.709677
cfa-mir-328  93.650794 100.000000 92.063492 93.650794 96.825397 90.476190 90.476190 90.476190 90.476190 90.476190 88.888889 95.238095 90.322581
cgr-mir-328  88.750000 92.063492 100.000000 86.250000 95.774648 92.500000 96.000000 92.500000 92.000000 95.945946 88.750000 83.750000 90.322581
chi-mir-328  98.913043 93.650794 86.250000 100.000000 97.183099 85.106383 86.666667 84.042553 89.333333 87.837838 78.571429 97.500000 88.709677
eca-mir-328  97.183099 96.825397 95.774648 97.183099 100.000000 92.957746 92.957746 90.140845 94.366197 92.957746 88.732394 98.591549 91.935484
ggo-mir-328  86.956522 90.476190 92.500000 85.106383 92.957746 100.000000 100.000000 82.474227 97.333333 100.000000 79.761905 86.250000 90.322581
hsa-mir-328  89.333333 90.476190 96.000000 86.666667 92.957746 100.000000 100.000000 90.666667 97.333333 100.000000 89.333333 86.666667 90.322581
mmu-mir-328  86.956522 90.476190 92.500000 84.042553 90.140845 82.474227 90.666667 100.000000 86.666667 90.540541 96.428571 83.750000 90.322581
ppy-mir-328  92.000000 90.476190 92.000000 89.333333 94.366197 97.333333 97.333333 86.666667 100.000000 97.297297 85.333333 89.333333 85.483871
ptr-mir-328  89.189189 90.476190 95.945946 87.837838 92.957746 100.000000 100.000000 90.540541 97.297297 100.000000 89.189189 87.837838 90.322581
rno-mir-328a 79.761905 88.888889 88.750000 78.571429 88.732394 79.761905 89.333333 96.428571 85.333333 89.189189 100.000000 82.500000 91.935484
ssc-mir-328  93.750000 95.238095 83.750000 97.500000 98.591549 86.250000 86.666667 83.750000 89.333333 87.837838 82.500000 100.000000 90.322581
tch-mir-328  88.709677 90.322581 90.322581 88.709677 91.935484 90.322581 90.322581 90.322581 85.483871 90.322581 91.935484 90.322581 100.000000
