7
bta-mir-1468 100.000000 95.604396 100.000000 95.348837 93.023256 94.186047 97.590361
cfa-mir-1468 95.604396 100.000000 95.604396 96.511628 89.534884 90.697674 95.180723
chi-mir-1468 100.000000 95.604396 100.000000 95.348837 93.023256 94.186047 97.590361
eca-mir-1468 95.348837 96.511628 95.348837 100.000000 89.534884 90.697674 96.385542
hsa-mir-1468 93.023256 89.534884 93.023256 89.534884 100.000000 97.674419 92.771084
ppy-mir-1468 94.186047 90.697674 94.186047 90.697674 97.674419 100.000000 93.975904
ssc-mir-1468 97.590361 95.180723 97.590361 96.385542 92.771084 93.975904 100.000000
