10
bta-mir-431 100.000000 98.876404 62.162162 93.859649 93.859649 97.802198 96.703297 93.859649 93.805310 95.614035
eca-mir-431 98.876404 100.000000 62.921348 98.876404 98.876404 100.000000 97.752809 98.876404 98.876404 100.000000
ggo-mir-431 62.162162 62.921348 100.000000 66.666667 66.666667 63.736264 59.340659 66.666667 66.666667 64.864865
hsa-mir-431 93.859649 98.876404 66.666667 100.000000 100.000000 98.901099 94.505495 100.000000 100.000000 96.491228
mml-mir-431 93.859649 98.876404 66.666667 100.000000 100.000000 98.901099 94.505495 100.000000 100.000000 96.491228
mmu-mir-431 97.802198 100.000000 63.736264 98.901099 98.901099 100.000000 95.604396 98.901099 98.901099 100.000000
oar-mir-431 96.703297 97.752809 59.340659 94.505495 94.505495 95.604396 100.000000 94.505495 94.505495 95.604396
ppy-mir-431 93.859649 98.876404 66.666667 100.000000 100.000000 98.901099 94.505495 100.000000 100.000000 96.491228
ptr-mir-431 93.805310 98.876404 66.666667 100.000000 100.000000 98.901099 94.505495 100.000000 100.000000 96.460177
rno-mir-431 95.614035 100.000000 64.864865 96.491228 96.491228 100.000000 95.604396 96.491228 96.460177 100.000000
