29
aca-mir-214  100.000000 96.842105 66.666667 96.842105 98.717949 96.842105 74.736842 98.461538 98.795181 74.736842 97.894737 98.947368 98.947368 66.666667 97.894737 98.947368 98.947368 96.842105 65.555556 74.736842 98.947368 98.947368 98.947368 98.947368 63.157895 96.842105 94.565217 77.272727 97.894737
bta-mir-214  96.842105 100.000000 66.666667 100.000000 100.000000 100.000000 71.000000 100.000000 100.000000 74.747475 98.181818 99.090909 99.090909 66.666667 98.181818 99.090909 99.090909 97.272727 65.555556 68.316832 99.090909 99.090909 99.090909 96.363636 54.545455 100.000000 97.826087 78.409091 97.196262
bta-mir-3120 66.666667 66.666667 100.000000 66.666667 65.384615 66.666667 53.086420 58.461538 66.666667 55.555556 66.666667 66.666667 66.666667 100.000000 66.666667 66.666667 66.666667 65.432099 98.765432 51.851852 66.666667 66.666667 66.666667 66.666667 100.000000 66.666667 64.197531 55.555556 66.666667
cfa-mir-214  96.842105 100.000000 66.666667 100.000000 100.000000 100.000000 71.000000 100.000000 100.000000 74.747475 98.181818 99.090909 99.090909 66.666667 98.181818 99.090909 99.090909 97.272727 65.555556 68.316832 99.090909 99.090909 99.090909 96.363636 54.545455 100.000000 97.826087 78.409091 97.196262
cgr-mir-214  98.717949 100.000000 65.384615 100.000000 100.000000 100.000000 80.769231 100.000000 100.000000 80.769231 98.717949 100.000000 100.000000 65.384615 98.717949 100.000000 100.000000 97.435897 65.384615 79.487179 100.000000 100.000000 100.000000 100.000000 65.384615 100.000000 97.435897 80.769231 98.717949
chi-mir-214  96.842105 100.000000 66.666667 100.000000 100.000000 100.000000 71.000000 100.000000 100.000000 74.747475 98.181818 99.090909 99.090909 66.666667 98.181818 99.090909 99.090909 97.321429 65.555556 68.316832 99.090909 99.090909 99.090909 96.363636 53.571429 100.000000 97.826087 78.409091 97.196262
dre-mir-214  74.736842 71.000000 53.086420 71.000000 80.769231 71.000000 100.000000 84.615385 79.518072 76.767677 72.000000 72.000000 72.000000 53.086420 72.000000 72.000000 72.000000 72.000000 52.222222 63.000000 72.000000 72.000000 72.000000 74.000000 45.000000 71.000000 71.739130 87.500000 72.000000
eca-mir-214  98.461538 100.000000 58.461538 100.000000 100.000000 100.000000 84.615385 100.000000 100.000000 81.538462 98.461538 100.000000 100.000000 58.461538 98.461538 100.000000 100.000000 98.461538 58.461538 89.230769 100.000000 100.000000 100.000000 100.000000 58.461538 100.000000 98.461538 81.538462 98.461538
efu-mir-214  98.795181 100.000000 66.666667 100.000000 100.000000 100.000000 79.518072 100.000000 100.000000 79.518072 98.795181 100.000000 100.000000 66.666667 98.795181 100.000000 100.000000 97.590361 67.469880 75.903614 100.000000 100.000000 100.000000 100.000000 67.469880 100.000000 97.590361 79.518072 98.795181
fru-mir-214  74.736842 74.747475 55.555556 74.747475 80.769231 74.747475 76.767677 81.538462 79.518072 100.000000 73.737374 74.747475 74.747475 55.555556 73.737374 74.747475 74.747475 72.727273 54.444444 59.595960 74.747475 74.747475 74.747475 74.747475 52.525253 74.747475 73.913043 95.454545 73.737374
gga-mir-214  97.894737 98.181818 66.666667 98.181818 98.717949 98.181818 72.000000 98.461538 98.795181 73.737374 100.000000 97.272727 97.272727 66.666667 99.090909 97.272727 97.272727 99.090909 65.555556 70.297030 97.272727 97.272727 97.272727 94.545455 55.454545 98.181818 98.913043 77.272727 98.130841
ggo-mir-214  98.947368 99.090909 66.666667 99.090909 100.000000 99.090909 72.000000 100.000000 100.000000 74.747475 97.272727 100.000000 100.000000 66.666667 97.272727 100.000000 100.000000 96.363636 65.555556 68.316832 100.000000 100.000000 100.000000 97.272727 54.545455 99.090909 96.739130 78.409091 96.261682
hsa-mir-214  98.947368 99.090909 66.666667 99.090909 100.000000 99.090909 72.000000 100.000000 100.000000 74.747475 97.272727 100.000000 100.000000 66.666667 97.272727 100.000000 100.000000 96.363636 65.555556 68.316832 100.000000 100.000000 100.000000 97.272727 54.545455 99.090909 96.739130 78.409091 96.261682
hsa-mir-3120 66.666667 66.666667 100.000000 66.666667 65.384615 66.666667 53.086420 58.461538 66.666667 55.555556 66.666667 66.666667 66.666667 100.000000 66.666667 66.666667 66.666667 65.432099 98.765432 51.851852 66.666667 66.666667 66.666667 66.666667 100.000000 66.666667 64.197531 55.555556 66.666667
mdo-mir-214  97.894737 98.181818 66.666667 98.181818 98.717949 98.181818 72.000000 98.461538 98.795181 73.737374 99.090909 97.272727 97.272727 66.666667 100.000000 97.272727 97.272727 98.181818 65.555556 70.297030 97.272727 97.272727 97.272727 94.545455 55.454545 98.181818 98.913043 77.272727 98.130841
mml-mir-214  98.947368 99.090909 66.666667 99.090909 100.000000 99.090909 72.000000 100.000000 100.000000 74.747475 97.272727 100.000000 100.000000 66.666667 97.272727 100.000000 100.000000 96.363636 65.555556 68.316832 100.000000 100.000000 100.000000 97.272727 54.545455 99.090909 96.739130 78.409091 96.261682
mmu-mir-214  98.947368 99.090909 66.666667 99.090909 100.000000 99.090909 72.000000 100.000000 100.000000 74.747475 97.272727 100.000000 100.000000 66.666667 97.272727 100.000000 100.000000 96.363636 65.555556 68.316832 100.000000 100.000000 100.000000 97.272727 54.545455 99.090909 96.739130 78.409091 96.261682
oan-mir-214  96.842105 97.272727 65.432099 97.272727 97.435897 97.321429 72.000000 98.461538 97.590361 72.727273 99.090909 96.363636 96.363636 65.432099 98.181818 96.363636 96.363636 100.000000 64.444444 69.306931 96.363636 96.363636 96.363636 93.636364 50.427350 97.272727 97.826087 76.136364 97.196262
oha-mir-3120 65.555556 65.555556 98.765432 65.555556 65.384615 65.555556 52.222222 58.461538 67.469880 54.444444 65.555556 65.555556 65.555556 98.765432 65.555556 65.555556 65.555556 64.444444 100.000000 51.111111 65.555556 65.555556 65.555556 65.555556 97.777778 65.555556 62.222222 53.409091 65.555556
ola-mir-214  74.736842 68.316832 51.851852 68.316832 79.487179 68.316832 63.000000 89.230769 75.903614 59.595960 70.297030 68.316832 68.316832 51.851852 70.297030 68.316832 68.316832 69.306931 51.111111 100.000000 68.316832 68.316832 68.316832 68.316832 48.514851 68.316832 75.000000 62.500000 70.297030
ppa-mir-214  98.947368 99.090909 66.666667 99.090909 100.000000 99.090909 72.000000 100.000000 100.000000 74.747475 97.272727 100.000000 100.000000 66.666667 97.272727 100.000000 100.000000 96.363636 65.555556 68.316832 100.000000 100.000000 100.000000 97.272727 54.545455 99.090909 96.739130 78.409091 96.261682
ppy-mir-214  98.947368 99.090909 66.666667 99.090909 100.000000 99.090909 72.000000 100.000000 100.000000 74.747475 97.272727 100.000000 100.000000 66.666667 97.272727 100.000000 100.000000 96.363636 65.555556 68.316832 100.000000 100.000000 100.000000 97.272727 54.545455 99.090909 96.739130 78.409091 96.261682
ptr-mir-214  98.947368 99.090909 66.666667 99.090909 100.000000 99.090909 72.000000 100.000000 100.000000 74.747475 97.272727 100.000000 100.000000 66.666667 97.272727 100.000000 100.000000 96.363636 65.555556 68.316832 100.000000 100.000000 100.000000 97.272727 54.545455 99.090909 96.739130 78.409091 96.261682
rno-mir-214  98.947368 96.363636 66.666667 96.363636 100.000000 96.363636 74.000000 100.000000 100.000000 74.747475 94.545455 97.272727 97.272727 66.666667 94.545455 97.272727 97.272727 93.636364 65.555556 68.316832 97.272727 97.272727 97.272727 100.000000 54.545455 96.363636 96.739130 78.409091 95.327103
rno-mir-3120 63.157895 54.545455 100.000000 54.545455 65.384615 53.571429 45.000000 58.461538 67.469880 52.525253 55.454545 54.545455 54.545455 100.000000 55.454545 54.545455 54.545455 50.427350 97.777778 48.514851 54.545455 54.545455 54.545455 54.545455 100.000000 54.545455 61.956522 53.409091 57.009346
ssc-mir-214  96.842105 100.000000 66.666667 100.000000 100.000000 100.000000 71.000000 100.000000 100.000000 74.747475 98.181818 99.090909 99.090909 66.666667 98.181818 99.090909 99.090909 97.272727 65.555556 68.316832 99.090909 99.090909 99.090909 96.363636 54.545455 100.000000 97.826087 78.409091 97.196262
tgu-mir-214  94.565217 97.826087 64.197531 97.826087 97.435897 97.826087 71.739130 98.461538 97.590361 73.913043 98.913043 96.739130 96.739130 64.197531 98.913043 96.739130 96.739130 97.826087 62.222222 75.000000 96.739130 96.739130 96.739130 96.739130 61.956522 97.826087 100.000000 71.590909 97.826087
tni-mir-214  77.272727 78.409091 55.555556 78.409091 80.769231 78.409091 87.500000 81.538462 79.518072 95.454545 77.272727 78.409091 78.409091 55.555556 77.272727 78.409091 78.409091 76.136364 53.409091 62.500000 78.409091 78.409091 78.409091 78.409091 53.409091 78.409091 71.590909 100.000000 77.272727
xtr-mir-214  97.894737 97.196262 66.666667 97.196262 98.717949 97.196262 72.000000 98.461538 98.795181 73.737374 98.130841 96.261682 96.261682 66.666667 98.130841 96.261682 96.261682 97.196262 65.555556 70.297030 96.261682 96.261682 96.261682 95.327103 57.009346 97.196262 97.826087 77.272727 100.000000
