23
aca-mir-363   100.000000 89.189189 89.552239 83.838384 62.626263 92.000000 84.848485 88.000000 73.033708 89.333333 85.333333 95.505618 95.238095 89.333333 90.804598 86.868687 37.373737 90.000000 90.588235 90.769231 94.382022 78.409091 85.057471
bta-mir-363   89.189189 100.000000 94.029851 100.000000 62.162162 97.297297 94.594595 94.594595 77.027027 95.945946 87.837838 94.594595 87.837838 95.945946 90.540541 93.243243 40.540541 95.945946 95.945946 96.923077 94.594595 79.729730 86.486486
cfa-mir-363   89.552239 94.029851 100.000000 94.029851 68.656716 98.507463 98.507463 98.507463 82.089552 97.014925 88.059701 95.522388 88.059701 97.014925 92.537313 95.522388 37.313433 97.014925 97.014925 98.461538 95.522388 79.104478 86.567164
chi-mir-363   83.838384 100.000000 94.029851 100.000000 55.855856 97.333333 94.594595 94.666667 75.280899 96.000000 88.000000 95.505618 88.095238 96.000000 91.954023 78.378378 36.036036 96.250000 96.470588 96.923077 94.382022 78.409091 85.057471
dre-mir-363   62.626263 62.162162 68.656716 55.855856 100.000000 68.000000 61.061947 69.333333 57.303371 68.000000 61.333333 69.662921 65.476190 68.000000 66.666667 49.606299 25.984252 68.750000 70.588235 66.153846 68.539326 62.500000 66.666667
eca-mir-363   92.000000 97.297297 98.507463 97.333333 68.000000 100.000000 97.333333 97.333333 80.000000 98.666667 90.666667 97.333333 90.666667 98.666667 93.333333 96.000000 40.000000 98.666667 98.666667 100.000000 97.333333 82.666667 89.333333
ggo-mir-363   84.848485 94.594595 98.507463 94.594595 61.061947 97.333333 100.000000 100.000000 75.280899 98.666667 85.333333 94.382022 86.904762 98.666667 90.804598 77.876106 33.628319 98.750000 98.823529 96.923077 93.258427 78.409091 85.057471
hsa-mir-363   88.000000 94.594595 98.507463 94.666667 69.333333 97.333333 100.000000 100.000000 77.333333 98.666667 85.333333 93.333333 86.666667 98.666667 89.333333 93.333333 40.000000 98.666667 98.666667 96.923077 93.333333 80.000000 86.666667
mdo-mir-363   73.033708 77.027027 82.089552 75.280899 57.303371 80.000000 75.280899 77.333333 100.000000 77.333333 69.333333 77.528090 71.428571 77.333333 73.563218 79.775281 31.460674 76.250000 76.470588 81.538462 78.651685 73.863636 67.816092
mml-mir-363   89.333333 95.945946 97.014925 96.000000 68.000000 98.666667 98.666667 98.666667 77.333333 100.000000 88.000000 94.666667 88.000000 100.000000 90.666667 93.333333 40.000000 100.000000 100.000000 98.461538 94.666667 82.666667 89.333333
mmu-mir-363   85.333333 87.837838 88.059701 88.000000 61.333333 90.666667 85.333333 85.333333 69.333333 88.000000 100.000000 89.333333 82.666667 88.000000 88.000000 86.666667 36.000000 88.000000 88.000000 89.230769 89.333333 76.000000 82.666667
oan-mir-363   95.505618 94.594595 95.522388 95.505618 69.662921 97.333333 94.382022 93.333333 77.528090 94.666667 89.333333 100.000000 92.857143 94.666667 91.954023 95.505618 39.325843 95.000000 95.294118 96.923077 98.876404 84.090909 90.804598
oha-mir-363   95.238095 87.837838 88.059701 88.095238 65.476190 90.666667 86.904762 86.666667 71.428571 88.000000 82.666667 92.857143 100.000000 88.000000 90.476190 90.476190 40.476190 88.750000 88.095238 89.230769 91.666667 78.571429 84.523810
ppy-mir-363   89.333333 95.945946 97.014925 96.000000 68.000000 98.666667 98.666667 98.666667 77.333333 100.000000 88.000000 94.666667 88.000000 100.000000 90.666667 93.333333 40.000000 100.000000 100.000000 98.461538 94.666667 82.666667 89.333333
rno-mir-363   90.804598 90.540541 92.537313 91.954023 66.666667 93.333333 90.804598 89.333333 73.563218 90.666667 88.000000 91.954023 90.476190 90.666667 100.000000 88.505747 39.080460 91.250000 91.764706 93.846154 90.804598 77.011494 82.758621
sha-mir-363   86.868687 93.243243 95.522388 78.378378 49.606299 96.000000 77.876106 93.333333 79.775281 93.333333 86.666667 95.505618 90.476190 93.333333 88.505747 100.000000 48.666667 93.750000 92.941176 95.384615 96.629213 81.818182 86.206897
sha-mir-92a   37.373737 40.540541 37.313433 36.036036 25.984252 40.000000 33.628319 40.000000 31.460674 40.000000 36.000000 39.325843 40.476190 40.000000 39.080460 48.666667 100.000000 40.000000 40.000000 36.923077 39.325843 35.227273 35.632184
ssc-mir-363-1 90.000000 95.945946 97.014925 96.250000 68.750000 98.666667 98.750000 98.666667 76.250000 100.000000 88.000000 95.000000 88.750000 100.000000 91.250000 93.750000 40.000000 100.000000 100.000000 98.461538 95.000000 81.250000 87.500000
ssc-mir-363-2 90.588235 95.945946 97.014925 96.470588 70.588235 98.666667 98.823529 98.666667 76.470588 100.000000 88.000000 95.294118 88.095238 100.000000 91.764706 92.941176 40.000000 100.000000 100.000000 98.461538 94.117647 81.176471 87.058824
tch-mir-363   90.769231 96.923077 98.461538 96.923077 66.153846 100.000000 96.923077 96.923077 81.538462 98.461538 89.230769 96.923077 89.230769 98.461538 93.846154 95.384615 36.923077 98.461538 98.461538 100.000000 96.923077 83.076923 90.769231
tgu-mir-363   94.382022 94.594595 95.522388 94.382022 68.539326 97.333333 93.258427 93.333333 78.651685 94.666667 89.333333 98.876404 91.666667 94.666667 90.804598 96.629213 39.325843 95.000000 94.117647 96.923077 100.000000 82.954545 89.655172
xla-mir-363   78.409091 79.729730 79.104478 78.409091 62.500000 82.666667 78.409091 80.000000 73.863636 82.666667 76.000000 84.090909 78.571429 82.666667 77.011494 81.818182 35.227273 81.250000 81.176471 83.076923 82.954545 100.000000 94.252874
xtr-mir-363   85.057471 86.486486 86.567164 85.057471 66.666667 89.333333 85.057471 86.666667 67.816092 89.333333 82.666667 90.804598 84.523810 89.333333 82.758621 86.206897 35.632184 87.500000 87.058824 90.769231 89.655172 94.252874 100.000000
