6
cfa-mir-589 100.000000 73.611111 70.833333 68.055556 70.833333 75.000000
ggo-mir-589 73.611111 100.000000 95.959596 92.929293 91.919192 95.959596
hsa-mir-589 70.833333 95.959596 100.000000 93.939394 93.939394 97.979798
mml-mir-589 68.055556 92.929293 93.939394 100.000000 93.939394 94.949495
ppy-mir-589 70.833333 91.919192 93.939394 93.939394 100.000000 93.939394
ptr-mir-589 75.000000 95.959596 97.979798 94.949495 93.939394 100.000000
