8
ggo-mir-668 100.000000 100.000000 100.000000 96.969697 51.428571 91.044776 100.000000 95.588235
hsa-mir-668 100.000000 100.000000 100.000000 96.969697 62.121212 92.424242 100.000000 95.454545
mml-mir-668 100.000000 100.000000 100.000000 96.969697 62.121212 92.424242 100.000000 95.454545
mmu-mir-668 96.969697 96.969697 96.969697 100.000000 57.575758 90.909091 96.923077 98.484848
oar-mir-668 51.428571 62.121212 62.121212 57.575758 100.000000 59.701493 61.538462 57.352941
ppy-mir-668 91.044776 92.424242 92.424242 90.909091 59.701493 100.000000 92.307692 88.059701
ptr-mir-668 100.000000 100.000000 100.000000 96.923077 61.538462 92.307692 100.000000 95.384615
rno-mir-668 95.588235 95.454545 95.454545 98.484848 57.352941 88.059701 95.384615 100.000000
