8
cfa-mir-384 100.000000 98.412698 100.000000 88.888889 92.063492 98.412698 90.476190 98.412698
cgr-mir-384 98.412698 100.000000 97.560976 92.682927 92.682927 100.000000 92.682927 100.000000
eca-mir-384 100.000000 97.560976 100.000000 92.045455 92.045455 97.727273 92.045455 97.590361
hsa-mir-384 88.888889 92.682927 92.045455 100.000000 95.454545 93.181818 97.727273 92.771084
mml-mir-384 92.063492 92.682927 92.045455 95.454545 100.000000 93.181818 95.454545 92.771084
mmu-mir-384 98.412698 100.000000 97.727273 93.181818 93.181818 100.000000 93.181818 100.000000
ppy-mir-384 90.476190 92.682927 92.045455 97.727273 95.454545 93.181818 100.000000 92.771084
rno-mir-384 98.412698 100.000000 97.590361 92.771084 92.771084 100.000000 92.771084 100.000000
