9
cfa-mir-802 100.000000 95.555556 93.333333 92.222222 84.444444 78.888889 92.222222 92.222222 83.333333
eca-mir-802 95.555556 100.000000 93.548387 93.548387 86.021505 80.645161 92.473118 92.473118 83.870968
hsa-mir-802 93.333333 93.548387 100.000000 97.872340 86.170213 78.494624 97.872340 98.924731 86.170213
mml-mir-802 92.222222 93.548387 97.872340 100.000000 86.170213 76.344086 97.872340 96.774194 86.170213
mmu-mir-802 84.444444 86.021505 86.170213 86.170213 100.000000 73.118280 84.042553 86.021505 96.875000
oan-mir-802 78.888889 80.645161 78.494624 76.344086 73.118280 100.000000 77.419355 78.494624 73.118280
ppy-mir-802 92.222222 92.473118 97.872340 97.872340 84.042553 77.419355 100.000000 96.774194 86.170213
ptr-mir-802 92.222222 92.473118 98.924731 96.774194 86.021505 78.494624 96.774194 100.000000 86.021505
rno-mir-802 83.333333 83.870968 86.170213 86.170213 96.875000 73.118280 86.170213 86.021505 100.000000
