13
bta-mir-485 100.000000 100.000000 100.000000 100.000000 98.630137 98.630137 98.630137 98.630137 94.520548 100.000000 98.630137 98.611111 94.520548
cfa-mir-485 100.000000 100.000000 100.000000 100.000000 100.000000 100.000000 100.000000 100.000000 96.610169 100.000000 100.000000 100.000000 96.610169
chi-mir-485 100.000000 100.000000 100.000000 100.000000 97.468354 93.577982 98.630137 98.630137 94.520548 100.000000 98.630137 98.611111 92.405063
eca-mir-485 100.000000 100.000000 100.000000 100.000000 98.630137 98.630137 98.630137 98.630137 94.520548 100.000000 98.630137 98.611111 94.520548
efu-mir-485 98.630137 100.000000 97.468354 98.630137 100.000000 98.734177 100.000000 100.000000 95.890411 97.468354 100.000000 100.000000 92.405063
ggo-mir-485 98.630137 100.000000 93.577982 98.630137 98.734177 100.000000 100.000000 100.000000 95.890411 89.908257 100.000000 100.000000 93.670886
hsa-mir-485 98.630137 100.000000 98.630137 98.630137 100.000000 100.000000 100.000000 100.000000 95.890411 98.630137 100.000000 100.000000 95.890411
mml-mir-485 98.630137 100.000000 98.630137 98.630137 100.000000 100.000000 100.000000 100.000000 95.890411 98.630137 100.000000 100.000000 95.890411
mmu-mir-485 94.520548 96.610169 94.520548 94.520548 95.890411 95.890411 95.890411 95.890411 100.000000 94.520548 95.890411 95.833333 100.000000
oar-mir-485 100.000000 100.000000 100.000000 100.000000 97.468354 89.908257 98.630137 98.630137 94.520548 100.000000 98.630137 98.611111 92.405063
ppy-mir-485 98.630137 100.000000 98.630137 98.630137 100.000000 100.000000 100.000000 100.000000 95.890411 98.630137 100.000000 100.000000 95.890411
ptr-mir-485 98.611111 100.000000 98.611111 98.611111 100.000000 100.000000 100.000000 100.000000 95.833333 98.611111 100.000000 100.000000 95.833333
rno-mir-485 94.520548 96.610169 92.405063 94.520548 92.405063 93.670886 95.890411 95.890411 100.000000 92.405063 95.890411 95.833333 100.000000
