28
aca-mir-208  100.000000 66.197183 55.844156 69.565217 58.108108 54.444444 51.250000 69.879518 55.844156 66.197183 57.142857 68.831169 68.421053 67.605634 57.142857 66.265060 55.844156 58.888889 83.333333 67.605634 57.142857 67.142857 57.894737 66.265060 51.111111 52.222222 57.500000 64.197531
bta-mir-208a 66.197183 100.000000 52.112676 94.202899 52.112676 52.112676 49.295775 100.000000 52.112676 100.000000 50.704225 87.323944 63.157895 98.591549 50.704225 95.774648 52.112676 83.098592 66.197183 98.591549 50.704225 100.000000 50.704225 95.774648 52.112676 67.605634 52.112676 67.605634
bta-mir-208b 55.844156 52.112676 100.000000 52.173913 100.000000 100.000000 63.636364 49.350649 100.000000 52.112676 96.103896 45.454545 91.228070 54.929577 96.103896 51.948052 97.402597 51.948052 57.142857 54.929577 96.103896 52.857143 96.052632 49.350649 97.402597 40.259740 98.701299 59.740260
cfa-mir-208a 69.565217 94.202899 52.173913 100.000000 52.173913 52.173913 47.826087 94.202899 52.173913 94.202899 50.724638 84.057971 64.912281 92.753623 50.724638 92.753623 52.173913 79.710145 69.565217 92.753623 50.724638 92.753623 50.724638 92.753623 52.173913 68.115942 52.173913 66.666667
cfa-mir-208b 58.108108 52.112676 100.000000 52.173913 100.000000 100.000000 63.513514 51.351351 100.000000 52.112676 95.945946 47.297297 91.228070 54.929577 95.945946 54.054054 100.000000 54.054054 59.459459 54.929577 95.945946 52.857143 95.945946 51.351351 100.000000 41.891892 98.648649 59.459459
chi-mir-208b 54.444444 52.112676 100.000000 52.173913 100.000000 100.000000 65.000000 51.807229 100.000000 52.112676 96.103896 49.350649 91.228070 54.929577 96.103896 54.216867 97.402597 44.444444 53.125000 54.929577 96.103896 52.857143 96.052632 51.807229 98.148148 33.333333 100.000000 59.259259
dre-mir-736  51.250000 49.295775 63.636364 47.826087 63.513514 65.000000 100.000000 48.750000 63.636364 49.295775 62.337662 46.753247 64.912281 52.112676 62.337662 46.250000 61.038961 50.000000 52.500000 52.112676 62.337662 50.000000 60.526316 46.250000 61.250000 41.250000 61.250000 60.000000
eca-mir-208a 69.879518 100.000000 49.350649 94.202899 51.351351 51.807229 48.750000 100.000000 49.350649 100.000000 48.051948 88.311688 63.157895 98.591549 48.051948 95.180723 49.350649 85.542169 69.879518 98.591549 48.051948 100.000000 48.684211 95.180723 48.192771 67.469880 50.000000 62.962963
eca-mir-208b 55.844156 52.112676 100.000000 52.173913 100.000000 100.000000 63.636364 49.350649 100.000000 52.112676 96.103896 45.454545 91.228070 54.929577 96.103896 51.948052 97.402597 51.948052 57.142857 54.929577 96.103896 52.857143 96.052632 49.350649 97.402597 40.259740 98.701299 59.740260
hsa-mir-208a 66.197183 100.000000 52.112676 94.202899 52.112676 52.112676 49.295775 100.000000 52.112676 100.000000 50.704225 87.323944 63.157895 98.591549 50.704225 95.774648 52.112676 83.098592 66.197183 98.591549 50.704225 100.000000 50.704225 95.774648 52.112676 67.605634 52.112676 67.605634
hsa-mir-208b 57.142857 50.704225 96.103896 50.724638 95.945946 96.103896 62.337662 48.051948 96.103896 50.704225 100.000000 44.155844 91.228070 53.521127 100.000000 48.051948 93.506494 51.948052 53.246753 53.521127 100.000000 51.428571 100.000000 48.051948 93.506494 42.857143 94.805195 61.038961
mdo-mir-208a 68.831169 87.323944 45.454545 84.057971 47.297297 49.350649 46.753247 88.311688 45.454545 87.323944 44.155844 100.000000 59.649123 88.732394 44.155844 84.415584 45.454545 79.220779 64.935065 88.732394 44.155844 88.571429 44.736842 84.415584 45.454545 61.038961 45.454545 59.740260
mdo-mir-208b 68.421053 63.157895 91.228070 64.912281 91.228070 91.228070 64.912281 63.157895 91.228070 63.157895 91.228070 59.649123 100.000000 63.157895 91.228070 63.157895 91.228070 61.403509 66.666667 63.157895 91.228070 63.157895 91.228070 63.157895 91.228070 52.631579 91.228070 71.929825
mml-mir-208a 67.605634 98.591549 54.929577 92.753623 54.929577 54.929577 52.112676 98.591549 54.929577 98.591549 53.521127 88.732394 63.157895 100.000000 53.521127 94.366197 54.929577 85.915493 66.197183 100.000000 53.521127 98.571429 53.521127 94.366197 54.929577 67.605634 54.929577 69.014085
mml-mir-208b 57.142857 50.704225 96.103896 50.724638 95.945946 96.103896 62.337662 48.051948 96.103896 50.704225 100.000000 44.155844 91.228070 53.521127 100.000000 48.051948 93.506494 51.948052 53.246753 53.521127 100.000000 51.428571 100.000000 48.051948 93.506494 42.857143 94.805195 61.038961
mmu-mir-208a 66.265060 95.774648 51.948052 92.753623 54.054054 54.216867 46.250000 95.180723 51.948052 95.774648 48.051948 84.415584 63.157895 94.366197 48.051948 100.000000 51.948052 86.746988 69.879518 94.366197 48.051948 95.714286 48.684211 98.795181 50.602410 67.469880 52.500000 61.728395
mmu-mir-208b 55.844156 52.112676 97.402597 52.173913 100.000000 97.402597 61.038961 49.350649 97.402597 52.112676 93.506494 45.454545 91.228070 54.929577 93.506494 51.948052 100.000000 51.948052 57.142857 54.929577 93.506494 52.857143 94.736842 49.350649 100.000000 40.259740 96.103896 57.142857
oan-mir-208  58.888889 83.098592 51.948052 79.710145 54.054054 44.444444 50.000000 85.542169 51.948052 83.098592 51.948052 79.220779 61.403509 85.915493 51.948052 86.746988 51.948052 100.000000 58.333333 85.915493 51.948052 82.857143 52.631579 85.542169 42.342342 52.252252 52.500000 64.197531
oha-mir-208  83.333333 66.197183 57.142857 69.565217 59.459459 53.125000 52.500000 69.879518 57.142857 66.197183 53.246753 64.935065 66.666667 66.197183 53.246753 69.879518 57.142857 58.333333 100.000000 66.197183 53.246753 67.142857 53.947368 69.879518 51.041667 48.958333 58.750000 58.024691
ppy-mir-208a 67.605634 98.591549 54.929577 92.753623 54.929577 54.929577 52.112676 98.591549 54.929577 98.591549 53.521127 88.732394 63.157895 100.000000 53.521127 94.366197 54.929577 85.915493 66.197183 100.000000 53.521127 98.571429 53.521127 94.366197 54.929577 67.605634 54.929577 69.014085
ppy-mir-208b 57.142857 50.704225 96.103896 50.724638 95.945946 96.103896 62.337662 48.051948 96.103896 50.704225 100.000000 44.155844 91.228070 53.521127 100.000000 48.051948 93.506494 51.948052 53.246753 53.521127 100.000000 51.428571 100.000000 48.051948 93.506494 42.857143 94.805195 61.038961
ptr-mir-208a 67.142857 100.000000 52.857143 92.753623 52.857143 52.857143 50.000000 100.000000 52.857143 100.000000 51.428571 88.571429 63.157895 98.571429 51.428571 95.714286 52.857143 82.857143 67.142857 98.571429 51.428571 100.000000 51.428571 95.714286 52.857143 67.142857 52.857143 68.571429
ptr-mir-208b 57.894737 50.704225 96.052632 50.724638 95.945946 96.052632 60.526316 48.684211 96.052632 50.704225 100.000000 44.736842 91.228070 53.521127 100.000000 48.684211 94.736842 52.631579 53.947368 53.521127 100.000000 51.428571 100.000000 48.684211 94.736842 43.421053 94.736842 59.210526
rno-mir-208a 66.265060 95.774648 49.350649 92.753623 51.351351 51.807229 46.250000 95.180723 49.350649 95.774648 48.051948 84.415584 63.157895 94.366197 48.051948 98.795181 49.350649 85.542169 69.879518 94.366197 48.051948 95.714286 48.684211 100.000000 48.192771 67.469880 50.000000 61.728395
rno-mir-208b 51.111111 52.112676 97.402597 52.173913 100.000000 98.148148 61.250000 48.192771 97.402597 52.112676 93.506494 45.454545 91.228070 54.929577 93.506494 50.602410 100.000000 42.342342 51.041667 54.929577 93.506494 52.857143 94.736842 48.192771 100.000000 31.250000 98.750000 56.790123
rno-mir-3546 52.222222 67.605634 40.259740 68.115942 41.891892 33.333333 41.250000 67.469880 40.259740 67.605634 42.857143 61.038961 52.631579 67.605634 42.857143 67.469880 40.259740 52.252252 48.958333 67.605634 42.857143 67.142857 43.421053 67.469880 31.250000 100.000000 40.000000 45.679012
ssc-mir-208b 57.500000 52.112676 98.701299 52.173913 98.648649 100.000000 61.250000 50.000000 98.701299 52.112676 94.805195 45.454545 91.228070 54.929577 94.805195 52.500000 96.103896 52.500000 58.750000 54.929577 94.805195 52.857143 94.736842 50.000000 98.750000 40.000000 100.000000 57.500000
xtr-mir-208  64.197531 67.605634 59.740260 66.666667 59.459459 59.259259 60.000000 62.962963 59.740260 67.605634 61.038961 59.740260 71.929825 69.014085 61.038961 61.728395 57.142857 64.197531 58.024691 69.014085 61.038961 68.571429 59.210526 61.728395 56.790123 45.679012 57.500000 100.000000
