7
bta-mir-1301 100.000000 86.250000 87.500000 87.500000 87.500000 87.500000 80.357143
cfa-mir-1301 86.250000 100.000000 94.444444 94.642857 93.902439 93.902439 94.642857
eca-mir-1301 87.500000 94.444444 100.000000 97.222222 97.222222 97.222222 96.428571
ggo-mir-1301 87.500000 94.642857 97.222222 100.000000 100.000000 100.000000 98.214286
hsa-mir-1301 87.500000 93.902439 97.222222 100.000000 100.000000 100.000000 98.214286
ppy-mir-1301 87.500000 93.902439 97.222222 100.000000 100.000000 100.000000 98.214286
tch-mir-1301 80.357143 94.642857 96.428571 98.214286 98.214286 98.214286 100.000000
