15
bta-mir-503   100.000000 96.825397 67.500000 94.366197 89.156627 89.156627 85.915493 81.690141 83.098592 88.732394 88.571429 84.507042 84.507042 92.771084 73.770492
cfa-mir-503   96.825397 100.000000 60.317460 95.238095 93.650794 90.476190 88.888889 84.126984 80.952381 88.888889 90.476190 82.539683 82.539683 93.650794 73.770492
cgr-mir-503   67.500000 60.317460 100.000000 59.154930 67.500000 66.250000 61.971831 66.197183 67.605634 66.197183 62.857143 69.014085 69.014085 65.000000 55.737705
eca-mir-503   94.366197 95.238095 59.154930 100.000000 90.140845 88.732394 87.323944 83.098592 78.873239 87.323944 90.000000 80.281690 80.281690 95.774648 75.409836
efu-mir-503   89.156627 93.650794 67.500000 90.140845 100.000000 86.746988 85.915493 91.549296 84.507042 85.915493 87.142857 85.915493 85.915493 92.771084 73.770492
ggo-mir-503   89.156627 90.476190 66.250000 88.732394 86.746988 100.000000 98.591549 95.774648 87.323944 98.591549 100.000000 88.732394 88.732394 86.238532 77.049180
hsa-mir-503   85.915493 88.888889 61.971831 87.323944 85.915493 98.591549 100.000000 94.366197 85.915493 97.183099 98.571429 87.323944 87.323944 90.140845 75.409836
mml-mir-503   81.690141 84.126984 66.197183 83.098592 91.549296 95.774648 94.366197 100.000000 85.915493 94.366197 95.714286 87.323944 87.323944 85.915493 75.409836
mmu-mir-503   83.098592 80.952381 67.605634 78.873239 84.507042 87.323944 85.915493 85.915493 100.000000 90.140845 87.142857 98.591549 98.591549 77.464789 72.131148
ppy-mir-503   88.732394 88.888889 66.197183 87.323944 85.915493 98.591549 97.183099 94.366197 90.140845 100.000000 98.571429 91.549296 91.549296 87.323944 75.409836
ptr-mir-503   88.571429 90.476190 62.857143 90.000000 87.142857 100.000000 98.571429 95.714286 87.142857 98.571429 100.000000 88.571429 88.571429 90.000000 77.049180
rno-mir-503-1 84.507042 82.539683 69.014085 80.281690 85.915493 88.732394 87.323944 87.323944 98.591549 91.549296 88.571429 100.000000 100.000000 78.873239 73.770492
rno-mir-503-2 84.507042 82.539683 69.014085 80.281690 85.915493 88.732394 87.323944 87.323944 98.591549 91.549296 88.571429 100.000000 100.000000 78.873239 73.770492
ssc-mir-503   92.771084 93.650794 65.000000 95.774648 92.771084 86.238532 90.140845 85.915493 77.464789 87.323944 90.000000 78.873239 78.873239 100.000000 73.770492
tch-mir-503   73.770492 73.770492 55.737705 75.409836 73.770492 77.049180 75.409836 75.409836 72.131148 75.409836 77.049180 73.770492 73.770492 73.770492 100.000000
