8
bta-mir-541 100.000000 92.857143 94.047619 94.047619 71.428571 92.857143 92.857143 71.428571
eca-mir-541 92.857143 100.000000 91.666667 88.095238 71.428571 88.095238 91.666667 71.428571
hsa-mir-541 94.047619 91.666667 100.000000 96.428571 69.047619 86.904762 97.619048 69.047619
mml-mir-541 94.047619 88.095238 96.428571 100.000000 72.619048 85.714286 95.238095 72.619048
mmu-mir-541 71.428571 71.428571 69.047619 72.619048 100.000000 67.777778 72.619048 98.888889
oar-mir-541 92.857143 88.095238 86.904762 85.714286 67.777778 100.000000 86.904762 67.777778
ppy-mir-541 92.857143 91.666667 97.619048 95.238095 72.619048 86.904762 100.000000 72.619048
rno-mir-541 71.428571 71.428571 69.047619 72.619048 98.888889 67.777778 72.619048 100.000000
