20
aca-mir-490   100.000000 80.808081 80.246914 80.808081 85.507246 82.716049 93.548387 81.818182 81.818182 81.818182 77.380952 76.767677 96.969697 80.808081 81.818182 77.380952 78.481013 80.246914 90.322581 91.397849
bta-mir-490   80.808081 100.000000 100.000000 96.062992 100.000000 98.765432 88.172043 94.545455 92.125984 92.125984 98.809524 74.193548 77.118644 91.338583 92.125984 98.809524 96.202532 96.296296 79.569892 80.645161
cfa-mir-490   80.246914 100.000000 100.000000 100.000000 100.000000 90.123457 87.654321 97.530864 97.530864 97.530864 98.765432 88.888889 82.716049 97.530864 97.530864 98.765432 88.607595 88.888889 82.716049 83.950617
chi-mir-490   80.808081 96.062992 100.000000 100.000000 100.000000 98.765432 88.172043 96.363636 96.093750 96.093750 98.809524 74.193548 78.813559 95.312500 96.062992 98.809524 96.202532 96.296296 79.569892 80.645161
eca-mir-490   85.507246 100.000000 100.000000 100.000000 100.000000 98.550725 88.405797 97.101449 97.101449 97.101449 98.550725 89.855072 86.956522 97.101449 97.101449 98.550725 95.652174 95.652174 85.507246 86.956522
efu-mir-490   82.716049 98.765432 90.123457 98.765432 98.550725 100.000000 87.654321 96.296296 96.296296 96.296296 88.888889 85.185185 85.185185 96.296296 96.296296 88.888889 96.202532 95.061728 82.716049 85.185185
gga-mir-490   93.548387 88.172043 87.654321 88.172043 88.405797 87.654321 100.000000 89.247312 89.247312 89.247312 83.333333 82.795699 95.698925 87.096774 89.247312 83.333333 83.544304 85.185185 91.397849 92.473118
ggo-mir-490   81.818182 94.545455 97.530864 96.363636 97.101449 96.296296 89.247312 100.000000 99.090909 99.090909 96.428571 82.727273 81.818182 98.181818 99.090909 96.428571 93.670886 93.827160 80.645161 81.720430
hsa-mir-490   81.818182 92.125984 97.530864 96.093750 97.101449 96.296296 89.247312 99.090909 100.000000 100.000000 96.428571 75.806452 77.966102 99.218750 100.000000 96.428571 93.670886 93.827160 80.645161 81.720430
mml-mir-490   81.818182 92.125984 97.530864 96.093750 97.101449 96.296296 89.247312 99.090909 100.000000 100.000000 96.428571 75.806452 77.966102 99.218750 100.000000 96.428571 93.670886 93.827160 80.645161 81.720430
mmu-mir-490   77.380952 98.809524 98.765432 98.809524 98.550725 88.888889 83.333333 96.428571 96.428571 96.428571 100.000000 86.904762 79.761905 96.428571 96.428571 100.000000 86.075949 86.419753 78.571429 79.761905
oan-mir-490   76.767677 74.193548 88.888889 74.193548 89.855072 85.185185 82.795699 82.727273 75.806452 75.806452 86.904762 100.000000 69.491525 76.612903 75.806452 86.904762 82.278481 82.716049 77.419355 78.494624
oha-mir-490   96.969697 77.118644 82.716049 78.813559 86.956522 85.185185 95.698925 81.818182 77.966102 77.966102 79.761905 69.491525 100.000000 77.118644 77.966102 79.761905 81.012658 82.716049 91.397849 92.473118
ppy-mir-490   80.808081 91.338583 97.530864 95.312500 97.101449 96.296296 87.096774 98.181818 99.218750 99.218750 96.428571 76.612903 77.118644 100.000000 99.212598 96.428571 93.670886 93.827160 80.645161 81.720430
ptr-mir-490   81.818182 92.125984 97.530864 96.062992 97.101449 96.296296 89.247312 99.090909 100.000000 100.000000 96.428571 75.806452 77.966102 99.212598 100.000000 96.428571 93.670886 93.827160 80.645161 81.720430
rno-mir-490   77.380952 98.809524 98.765432 98.809524 98.550725 88.888889 83.333333 96.428571 96.428571 96.428571 100.000000 86.904762 79.761905 96.428571 96.428571 100.000000 86.075949 86.419753 78.571429 79.761905
ssc-mir-490-1 78.481013 96.202532 88.607595 96.202532 95.652174 96.202532 83.544304 93.670886 93.670886 93.670886 86.075949 82.278481 81.012658 93.670886 93.670886 86.075949 100.000000 100.000000 78.481013 81.012658
ssc-mir-490-2 80.246914 96.296296 88.888889 96.296296 95.652174 95.061728 85.185185 93.827160 93.827160 93.827160 86.419753 82.716049 82.716049 93.827160 93.827160 86.419753 100.000000 100.000000 80.246914 82.716049
tgu-mir-490-1 90.322581 79.569892 82.716049 79.569892 85.507246 82.716049 91.397849 80.645161 80.645161 80.645161 78.571429 77.419355 91.397849 80.645161 80.645161 78.571429 78.481013 80.246914 100.000000 98.924731
tgu-mir-490-2 91.397849 80.645161 83.950617 80.645161 86.956522 85.185185 92.473118 81.720430 81.720430 81.720430 79.761905 78.494624 92.473118 81.720430 81.720430 79.761905 81.012658 82.716049 98.924731 100.000000
