9
cfa-mir-590 100.000000 98.360656 88.524590 88.524590 83.606557 88.524590 81.967213 88.524590 88.524590
eca-mir-590 98.360656 100.000000 87.654321 87.654321 80.246914 85.185185 85.185185 87.654321 87.654321
ggo-mir-590 88.524590 87.654321 100.000000 97.938144 92.783505 100.000000 72.972973 97.938144 97.916667
hsa-mir-590 88.524590 87.654321 97.938144 100.000000 92.783505 100.000000 81.443299 97.938144 100.000000
mml-mir-590 83.606557 80.246914 92.783505 92.783505 100.000000 92.592593 74.226804 94.845361 92.708333
mmu-mir-590 88.524590 85.185185 100.000000 100.000000 92.592593 100.000000 80.246914 98.765432 100.000000
oan-mir-590 81.967213 85.185185 72.972973 81.443299 74.226804 80.246914 100.000000 80.412371 82.291667
ppy-mir-590 88.524590 87.654321 97.938144 97.938144 94.845361 98.765432 80.412371 100.000000 97.916667
ptr-mir-590 88.524590 87.654321 97.916667 100.000000 92.708333 100.000000 82.291667 97.916667 100.000000
