49
aca-mir-302b  100.000000 61.428571 69.333333 75.000000 67.142857 63.768116 69.333333 70.588235 70.000000 63.235294 71.052632 70.588235 67.647059 62.686567 81.944444 64.615385 72.463768 63.768116 75.342466 70.588235 70.588235 43.137255 64.285714 78.873239 66.101695 71.830986 63.768116 73.684211 70.588235 69.117647 59.420290 75.675676 66.176471 72.727273 55.844156 91.304348 63.768116 75.324675 70.588235 70.588235 73.684211 70.588235 67.647059 61.764706 73.611111 70.149254 71.641791 42.000000 60.869565
bta-mir-302a  61.428571 100.000000 58.571429 64.705882 62.857143 92.753623 64.285714 64.705882 65.714286 92.647059 57.142857 64.705882 67.647059 77.611940 71.428571 75.384615 78.260870 91.304348 61.428571 61.764706 66.176471 41.176471 91.428571 61.428571 69.491525 71.428571 91.304348 62.857143 61.764706 66.176471 91.304348 52.857143 58.823529 63.636364 77.142857 60.869565 92.753623 62.857143 61.764706 63.235294 62.857143 61.764706 69.117647 91.176471 61.428571 59.701493 67.164179 44.000000 60.869565
bta-mir-302b  69.333333 58.571429 100.000000 60.294118 62.857143 60.869565 94.666667 63.235294 60.000000 61.764706 90.666667 63.235294 66.176471 59.701493 81.944444 56.923077 69.565217 57.971014 84.931507 63.235294 60.294118 35.294118 62.857143 78.873239 67.796610 66.197183 57.971014 89.333333 63.235294 57.352941 55.072464 74.324324 57.352941 66.666667 60.000000 79.710145 59.420290 84.000000 63.235294 57.352941 89.333333 63.235294 60.294118 58.823529 84.722222 64.179104 61.194030 40.000000 72.463768
bta-mir-302c  75.000000 64.705882 60.294118 100.000000 69.117647 69.117647 61.764706 97.058824 69.117647 64.705882 61.764706 98.529412 69.117647 61.194030 64.705882 84.615385 69.117647 66.176471 58.823529 95.588235 70.588235 45.098039 67.647059 63.235294 84.745763 69.117647 66.176471 58.823529 95.588235 73.529412 58.823529 64.705882 92.647059 68.181818 57.352941 67.647059 66.176471 66.176471 95.588235 67.647059 58.823529 95.588235 67.647059 63.235294 58.823529 95.522388 71.641791 44.000000 63.235294
bta-mir-302d  67.142857 62.857143 62.857143 69.117647 100.000000 65.217391 64.285714 66.176471 84.285714 67.647059 64.285714 66.176471 86.764706 59.701493 70.000000 72.307692 69.565217 65.217391 67.142857 66.176471 82.352941 35.294118 71.428571 68.571429 67.796610 72.857143 65.217391 68.571429 66.176471 79.411765 59.420290 61.428571 67.647059 84.848485 57.142857 72.463768 66.666667 71.428571 66.176471 80.882353 68.571429 66.176471 80.882353 66.176471 67.142857 67.164179 80.597015 46.000000 62.318841
cfa-mir-302a  63.768116 92.753623 60.869565 69.117647 65.217391 100.000000 68.115942 69.117647 71.014493 97.058824 63.768116 69.117647 72.058824 79.104478 71.014493 73.846154 78.260870 95.652174 63.768116 66.176471 70.588235 41.176471 91.304348 59.420290 69.491525 73.913043 95.652174 62.318841 66.176471 69.117647 86.956522 53.623188 63.235294 63.636364 75.362319 65.217391 97.101449 65.217391 66.176471 66.176471 62.318841 66.176471 73.529412 95.588235 63.768116 64.179104 71.641791 44.000000 59.420290
cfa-mir-302b  69.333333 64.285714 94.666667 61.764706 64.285714 68.115942 100.000000 64.705882 60.000000 64.705882 93.333333 64.705882 64.705882 64.179104 81.944444 56.923077 66.666667 62.318841 84.931507 64.705882 60.294118 37.254902 67.142857 78.873239 66.101695 66.197183 62.318841 90.666667 64.705882 57.352941 56.521739 72.972973 55.882353 68.181818 65.333333 79.710145 63.768116 84.000000 64.705882 57.352941 90.666667 64.705882 60.294118 63.235294 84.722222 65.671642 61.194030 36.000000 73.913043
cfa-mir-302c  70.588235 64.705882 63.235294 97.058824 66.176471 69.117647 64.705882 100.000000 66.176471 64.705882 63.235294 98.529412 66.176471 61.194030 70.588235 83.076923 67.647059 66.176471 55.882353 98.529412 69.117647 39.215686 64.705882 61.764706 84.745763 67.647059 66.176471 55.882353 98.529412 72.058824 58.823529 61.764706 92.647059 71.212121 57.352941 63.235294 66.176471 60.294118 98.529412 64.705882 55.882353 98.529412 66.176471 63.235294 55.882353 98.507463 70.149254 40.000000 60.294118
cfa-mir-302d  70.000000 65.714286 60.000000 69.117647 84.285714 71.014493 60.000000 66.176471 100.000000 75.000000 62.857143 66.176471 97.058824 62.686567 71.428571 69.230769 75.362319 66.666667 65.714286 66.176471 97.058824 39.215686 71.428571 64.285714 69.491525 74.285714 66.666667 64.285714 66.176471 94.117647 62.318841 60.000000 67.647059 83.333333 54.285714 69.565217 69.565217 67.142857 66.176471 95.588235 64.285714 66.176471 95.588235 67.647059 65.714286 67.164179 97.014925 40.000000 56.521739
eca-mir-302a  63.235294 92.647059 61.764706 64.705882 67.647059 97.058824 64.705882 64.705882 75.000000 100.000000 61.764706 64.705882 72.058824 77.611940 72.058824 73.846154 76.470588 94.117647 66.176471 61.764706 70.588235 35.294118 91.176471 61.764706 67.796610 75.000000 94.117647 64.705882 61.764706 69.117647 88.235294 51.470588 58.823529 65.151515 75.000000 61.764706 97.058824 61.764706 61.764706 69.117647 64.705882 61.764706 73.529412 94.117647 66.176471 62.686567 71.641791 44.000000 61.764706
eca-mir-302b  71.052632 57.142857 90.666667 61.764706 64.285714 63.768116 93.333333 63.235294 62.857143 61.764706 100.000000 64.705882 66.176471 62.686567 80.555556 55.384615 66.666667 59.420290 83.561644 63.235294 63.235294 37.254902 60.000000 73.239437 64.406780 66.197183 59.420290 88.157895 63.235294 60.294118 52.173913 75.675676 52.941176 66.666667 57.894737 82.608696 60.869565 82.894737 63.235294 60.294118 88.157895 63.235294 63.235294 60.294118 83.333333 64.179104 64.179104 38.000000 66.666667
eca-mir-302c  70.588235 64.705882 63.235294 98.529412 66.176471 69.117647 64.705882 98.529412 66.176471 64.705882 64.705882 100.000000 66.176471 61.194030 69.117647 83.076923 67.647059 66.176471 55.882353 97.058824 67.647059 41.176471 64.705882 58.823529 84.745763 67.647059 66.176471 55.882353 97.058824 70.588235 58.823529 61.764706 91.176471 71.212121 57.352941 63.235294 66.176471 63.235294 97.058824 64.705882 55.882353 97.058824 64.705882 63.235294 55.882353 97.014925 68.656716 40.000000 60.294118
eca-mir-302d  67.647059 67.647059 66.176471 69.117647 86.764706 72.058824 64.705882 66.176471 97.058824 72.058824 66.176471 66.176471 100.000000 64.179104 76.470588 69.230769 76.470588 67.647059 69.117647 66.176471 95.588235 37.254902 73.529412 69.117647 66.101695 77.941176 67.647059 69.117647 66.176471 92.647059 63.235294 58.823529 67.647059 84.848485 58.823529 72.058824 70.588235 72.058824 66.176471 91.176471 69.117647 66.176471 94.117647 67.647059 69.117647 67.164179 95.522388 36.000000 61.764706
gga-mir-302a  62.686567 77.611940 59.701493 61.194030 59.701493 79.104478 64.179104 61.194030 62.686567 77.611940 62.686567 61.194030 64.179104 100.000000 65.671642 63.076923 67.164179 77.611940 70.149254 61.194030 61.194030 39.215686 79.104478 64.179104 69.491525 67.164179 77.611940 62.686567 61.194030 61.194030 74.626866 56.716418 59.701493 66.666667 67.164179 70.149254 77.611940 65.671642 61.194030 58.208955 64.179104 61.194030 64.179104 76.119403 70.149254 58.208955 61.194030 42.000000 56.716418
gga-mir-302b  81.944444 71.428571 81.944444 64.705882 70.000000 71.014493 81.944444 70.588235 71.428571 72.058824 80.555556 69.117647 76.470588 65.671642 100.000000 66.153846 72.463768 69.565217 81.944444 70.588235 75.000000 37.254902 75.714286 81.690141 61.016949 78.873239 69.565217 83.333333 70.588235 73.529412 65.217391 72.222222 60.294118 72.727273 65.277778 88.405797 72.463768 83.333333 70.588235 70.588235 83.333333 70.588235 72.058824 67.647059 79.166667 70.149254 76.119403 36.000000 65.217391
gga-mir-302c  64.615385 75.384615 56.923077 84.615385 72.307692 73.846154 56.923077 83.076923 69.230769 73.846154 55.384615 83.076923 69.230769 63.076923 66.153846 100.000000 81.538462 70.769231 63.076923 81.538462 72.307692 35.294118 70.769231 64.615385 79.661017 75.384615 70.769231 56.923077 81.538462 72.307692 72.307692 56.923077 78.461538 69.230769 63.076923 64.615385 73.846154 61.538462 81.538462 67.692308 56.923077 81.538462 69.230769 69.230769 63.076923 78.461538 72.307692 32.000000 52.307692
gga-mir-302d  72.463768 78.260870 69.565217 69.117647 69.565217 78.260870 66.666667 67.647059 75.362319 76.470588 66.666667 67.647059 76.470588 67.164179 72.463768 81.538462 100.000000 75.362319 68.115942 67.647059 75.000000 39.215686 76.811594 65.217391 72.881356 79.710145 75.362319 69.565217 67.647059 75.000000 75.362319 60.869565 64.705882 71.212121 62.318841 69.565217 76.811594 69.565217 67.647059 73.529412 69.565217 67.647059 72.058824 75.000000 68.115942 65.671642 76.119403 40.000000 55.072464
hsa-mir-302a  63.768116 91.304348 57.971014 66.176471 65.217391 95.652174 62.318841 66.176471 66.666667 94.117647 59.420290 66.176471 67.647059 77.611940 69.565217 70.769231 75.362319 100.000000 60.869565 63.235294 66.176471 41.176471 89.855072 60.869565 66.101695 73.913043 100.000000 62.318841 63.235294 64.705882 89.855072 50.724638 60.294118 63.636364 72.463768 62.318841 98.550725 59.420290 63.235294 61.764706 63.768116 63.235294 69.117647 100.000000 60.869565 61.194030 67.164179 44.000000 57.971014
hsa-mir-302b  75.342466 61.428571 84.931507 58.823529 67.142857 63.768116 84.931507 55.882353 65.714286 66.176471 83.561644 55.882353 69.117647 70.149254 81.944444 63.076923 68.115942 60.869565 100.000000 55.882353 64.705882 47.058824 61.428571 84.507042 67.796610 71.830986 60.869565 93.150685 55.882353 61.764706 55.072464 75.342466 57.352941 72.727273 68.493151 89.855072 62.318841 86.301370 55.882353 63.235294 93.150685 55.882353 64.705882 61.764706 100.000000 56.716418 65.671642 48.000000 65.217391
hsa-mir-302c  70.588235 61.764706 63.235294 95.588235 66.176471 66.176471 64.705882 98.529412 66.176471 61.764706 63.235294 97.058824 66.176471 61.194030 70.588235 81.538462 67.647059 63.235294 55.882353 100.000000 69.117647 41.176471 64.705882 61.764706 84.745763 67.647059 63.235294 55.882353 100.000000 70.588235 58.823529 61.764706 92.647059 71.212121 54.411765 63.235294 63.235294 60.294118 100.000000 64.705882 55.882353 100.000000 66.176471 60.294118 55.882353 100.000000 70.149254 40.000000 60.294118
hsa-mir-302d  70.588235 66.176471 60.294118 70.588235 82.352941 70.588235 60.294118 69.117647 97.058824 70.588235 63.235294 67.647059 95.588235 61.194030 75.000000 72.307692 75.000000 66.176471 64.705882 69.117647 100.000000 39.215686 72.058824 64.705882 69.491525 76.470588 66.176471 64.705882 69.117647 97.058824 61.764706 60.294118 70.588235 83.333333 54.411765 69.117647 69.117647 67.647059 69.117647 95.588235 64.705882 69.117647 98.529412 66.176471 64.705882 70.149254 100.000000 40.000000 55.882353
hsa-mir-302f  43.137255 41.176471 35.294118 45.098039 35.294118 41.176471 37.254902 39.215686 39.215686 35.294118 37.254902 41.176471 37.254902 39.215686 37.254902 35.294118 39.215686 41.176471 47.058824 41.176471 39.215686 100.000000 45.098039 41.176471 37.254902 45.098039 41.176471 45.098039 39.215686 37.254902 41.176471 47.058824 43.137255 45.098039 47.058824 41.176471 41.176471 41.176471 39.215686 39.215686 45.098039 39.215686 39.215686 41.176471 47.058824 39.215686 39.215686 96.000000 31.372549
mdo-mir-302a  64.285714 91.428571 62.857143 67.647059 71.428571 91.304348 67.142857 64.705882 71.428571 91.176471 60.000000 64.705882 73.529412 79.104478 75.714286 70.769231 76.811594 89.855072 61.428571 64.705882 72.058824 45.098039 100.000000 68.571429 67.796610 77.142857 89.855072 62.857143 64.705882 72.058824 85.507246 52.857143 69.117647 68.181818 75.714286 66.666667 91.304348 60.000000 64.705882 69.117647 62.857143 64.705882 73.529412 89.705882 61.428571 62.686567 73.134328 50.000000 63.768116
mdo-mir-302b  78.873239 61.428571 78.873239 63.235294 68.571429 59.420290 78.873239 61.764706 64.285714 61.764706 73.239437 58.823529 69.117647 64.179104 81.690141 64.615385 65.217391 60.869565 84.507042 61.764706 64.705882 41.176471 68.571429 100.000000 74.576271 69.014085 60.869565 80.281690 61.764706 64.705882 57.971014 70.422535 64.705882 71.212121 61.971831 88.405797 63.768116 78.873239 61.764706 64.705882 80.281690 61.764706 61.764706 61.764706 83.098592 62.686567 65.671642 42.000000 66.666667
mdo-mir-302c  66.101695 69.491525 67.796610 84.745763 67.796610 69.491525 66.101695 84.745763 69.491525 67.796610 64.406780 84.745763 66.101695 69.491525 61.016949 79.661017 72.881356 66.101695 67.796610 84.745763 69.491525 37.254902 67.796610 74.576271 100.000000 64.406780 66.101695 64.406780 84.745763 69.491525 62.711864 59.322034 81.355932 74.576271 59.322034 72.881356 67.796610 67.796610 84.745763 69.491525 64.406780 84.745763 66.101695 66.101695 67.796610 84.745763 69.491525 36.000000 66.101695
mdo-mir-302d  71.830986 71.428571 66.197183 69.117647 72.857143 73.913043 66.197183 67.647059 74.285714 75.000000 66.197183 67.647059 77.941176 67.164179 78.873239 75.384615 79.710145 73.913043 71.830986 67.647059 76.470588 45.098039 77.142857 69.014085 64.406780 100.000000 73.913043 74.647887 67.647059 75.000000 68.115942 57.746479 67.647059 72.727273 60.563380 78.260870 75.362319 71.830986 67.647059 73.529412 74.647887 67.647059 76.470588 73.529412 69.014085 65.671642 77.611940 38.000000 60.869565
mml-mir-302a  63.768116 91.304348 57.971014 66.176471 65.217391 95.652174 62.318841 66.176471 66.666667 94.117647 59.420290 66.176471 67.647059 77.611940 69.565217 70.769231 75.362319 100.000000 60.869565 63.235294 66.176471 41.176471 89.855072 60.869565 66.101695 73.913043 100.000000 62.318841 63.235294 64.705882 89.855072 50.724638 60.294118 63.636364 72.463768 62.318841 98.550725 59.420290 63.235294 61.764706 63.768116 63.235294 69.117647 100.000000 60.869565 61.194030 67.164179 44.000000 57.971014
mml-mir-302b  73.684211 62.857143 89.333333 58.823529 68.571429 62.318841 90.666667 55.882353 64.285714 64.705882 88.157895 55.882353 69.117647 62.686567 83.333333 56.923077 69.565217 62.318841 93.150685 55.882353 64.705882 45.098039 62.857143 80.281690 64.406780 74.647887 62.318841 100.000000 55.882353 61.764706 55.072464 74.324324 60.294118 65.151515 63.157895 82.608696 63.768116 84.210526 55.882353 61.764706 98.684211 55.882353 64.705882 63.235294 93.055556 56.716418 65.671642 42.000000 72.463768
mml-mir-302c  70.588235 61.764706 63.235294 95.588235 66.176471 66.176471 64.705882 98.529412 66.176471 61.764706 63.235294 97.058824 66.176471 61.194030 70.588235 81.538462 67.647059 63.235294 55.882353 100.000000 69.117647 39.215686 64.705882 61.764706 84.745763 67.647059 63.235294 55.882353 100.000000 70.588235 58.823529 61.764706 92.647059 71.212121 54.411765 63.235294 63.235294 60.294118 100.000000 64.705882 55.882353 100.000000 66.176471 60.294118 55.882353 100.000000 70.149254 40.000000 60.294118
mml-mir-302d  69.117647 66.176471 57.352941 73.529412 79.411765 69.117647 57.352941 72.058824 94.117647 69.117647 60.294118 70.588235 92.647059 61.194030 73.529412 72.307692 75.000000 64.705882 61.764706 70.588235 97.058824 37.254902 72.058824 64.705882 69.491525 75.000000 64.705882 61.764706 70.588235 100.000000 61.764706 58.823529 73.529412 83.333333 57.352941 69.117647 67.647059 64.705882 70.588235 94.117647 61.764706 70.588235 95.588235 64.705882 61.764706 71.641791 97.014925 38.000000 55.882353
mmu-mir-302a  59.420290 91.304348 55.072464 58.823529 59.420290 86.956522 56.521739 58.823529 62.318841 88.235294 52.173913 58.823529 63.235294 74.626866 65.217391 72.307692 75.362319 89.855072 55.072464 58.823529 61.764706 41.176471 85.507246 57.971014 62.711864 68.115942 89.855072 55.072464 58.823529 61.764706 100.000000 46.376812 55.882353 59.090909 71.014493 56.521739 91.304348 55.072464 58.823529 58.823529 55.072464 58.823529 64.705882 89.705882 55.072464 56.716418 62.686567 44.000000 56.521739
mmu-mir-302b  75.675676 52.857143 74.324324 64.705882 61.428571 53.623188 72.972973 61.764706 60.000000 51.470588 75.675676 61.764706 58.823529 56.716418 72.222222 56.923077 60.869565 50.724638 75.342466 61.764706 60.294118 47.058824 52.857143 70.422535 59.322034 57.746479 50.724638 74.324324 61.764706 58.823529 46.376812 100.000000 60.294118 59.090909 55.405405 73.913043 49.275362 75.675676 61.764706 60.294118 74.324324 61.764706 60.294118 51.470588 75.000000 62.686567 61.194030 44.000000 60.869565
mmu-mir-302c  66.176471 58.823529 57.352941 92.647059 67.647059 63.235294 55.882353 92.647059 67.647059 58.823529 52.941176 91.176471 67.647059 59.701493 60.294118 78.461538 64.705882 60.294118 57.352941 92.647059 70.588235 43.137255 69.117647 64.705882 81.355932 67.647059 60.294118 60.294118 92.647059 73.529412 55.882353 60.294118 100.000000 66.666667 52.941176 58.823529 60.294118 54.411765 92.647059 66.176471 60.294118 92.647059 70.588235 57.352941 57.352941 91.044776 68.656716 42.000000 60.294118
mmu-mir-302d  72.727273 63.636364 66.666667 68.181818 84.848485 63.636364 68.181818 71.212121 83.333333 65.151515 66.666667 71.212121 84.848485 66.666667 72.727273 69.230769 71.212121 63.636364 72.727273 71.212121 83.333333 45.098039 68.181818 71.212121 74.576271 72.727273 63.636364 65.151515 71.212121 83.333333 59.090909 59.090909 66.666667 100.000000 60.606061 75.757576 65.151515 68.181818 71.212121 84.848485 65.151515 71.212121 81.818182 63.636364 72.727273 71.212121 81.818182 46.000000 63.636364
oan-mir-302-1 55.844156 77.142857 60.000000 57.352941 57.142857 75.362319 65.333333 57.352941 54.285714 75.000000 57.894737 57.352941 58.823529 67.164179 65.277778 63.076923 62.318841 72.463768 68.493151 54.411765 54.411765 47.058824 75.714286 61.971831 59.322034 60.563380 72.463768 63.157895 54.411765 57.352941 71.014493 55.405405 52.941176 60.606061 100.000000 65.217391 73.913043 58.750000 54.411765 54.411765 63.157895 54.411765 55.882353 72.058824 66.666667 52.238806 55.223881 44.000000 53.623188
oan-mir-302-2 91.304348 60.869565 79.710145 67.647059 72.463768 65.217391 79.710145 63.235294 69.565217 61.764706 82.608696 63.235294 72.058824 70.149254 88.405797 64.615385 69.565217 62.318841 89.855072 63.235294 69.117647 41.176471 66.666667 88.405797 72.881356 78.260870 62.318841 82.608696 63.235294 69.117647 56.521739 73.913043 58.823529 75.757576 65.217391 100.000000 63.768116 85.507246 63.235294 69.117647 82.608696 63.235294 66.176471 60.294118 86.956522 62.686567 70.149254 42.000000 60.869565
ocu-mir-302a  63.768116 92.753623 59.420290 66.176471 66.666667 97.101449 63.768116 66.176471 69.565217 97.058824 60.869565 66.176471 70.588235 77.611940 72.463768 73.846154 76.811594 98.550725 62.318841 63.235294 69.117647 41.176471 91.304348 63.768116 67.796610 75.362319 98.550725 63.768116 63.235294 67.647059 91.304348 49.275362 60.294118 65.151515 73.913043 63.768116 100.000000 60.869565 63.235294 64.705882 63.768116 63.235294 72.058824 98.529412 62.318841 61.194030 70.149254 44.000000 60.869565
ocu-mir-302b  75.324675 62.857143 84.000000 66.176471 71.428571 65.217391 84.000000 60.294118 67.142857 61.764706 82.894737 63.235294 72.058824 65.671642 83.333333 61.538462 69.565217 59.420290 86.301370 60.294118 67.647059 41.176471 60.000000 78.873239 67.796610 71.830986 59.420290 84.210526 60.294118 64.705882 55.072464 75.675676 54.411765 68.181818 58.750000 85.507246 60.869565 100.000000 60.294118 64.705882 84.210526 60.294118 64.705882 60.294118 86.111111 61.194030 68.656716 38.000000 65.217391
ocu-mir-302c  70.588235 61.764706 63.235294 95.588235 66.176471 66.176471 64.705882 98.529412 66.176471 61.764706 63.235294 97.058824 66.176471 61.194030 70.588235 81.538462 67.647059 63.235294 55.882353 100.000000 69.117647 39.215686 64.705882 61.764706 84.745763 67.647059 63.235294 55.882353 100.000000 70.588235 58.823529 61.764706 92.647059 71.212121 54.411765 63.235294 63.235294 60.294118 100.000000 64.705882 55.882353 100.000000 66.176471 60.294118 55.882353 100.000000 70.149254 40.000000 60.294118
ocu-mir-302d  70.588235 63.235294 57.352941 67.647059 80.882353 66.176471 57.352941 64.705882 95.588235 69.117647 60.294118 64.705882 91.176471 58.208955 70.588235 67.692308 73.529412 61.764706 63.235294 64.705882 95.588235 39.215686 69.117647 64.705882 69.491525 73.529412 61.764706 61.764706 64.705882 94.117647 58.823529 60.294118 66.176471 84.848485 54.411765 69.117647 64.705882 64.705882 64.705882 100.000000 61.764706 64.705882 94.117647 61.764706 63.235294 65.671642 95.522388 40.000000 52.941176
ppy-mir-302b  73.684211 62.857143 89.333333 58.823529 68.571429 62.318841 90.666667 55.882353 64.285714 64.705882 88.157895 55.882353 69.117647 64.179104 83.333333 56.923077 69.565217 63.768116 93.150685 55.882353 64.705882 45.098039 62.857143 80.281690 64.406780 74.647887 63.768116 98.684211 55.882353 61.764706 55.072464 74.324324 60.294118 65.151515 63.157895 82.608696 63.768116 84.210526 55.882353 61.764706 100.000000 55.882353 64.705882 64.705882 93.055556 56.716418 65.671642 42.000000 72.463768
ppy-mir-302c  70.588235 61.764706 63.235294 95.588235 66.176471 66.176471 64.705882 98.529412 66.176471 61.764706 63.235294 97.058824 66.176471 61.194030 70.588235 81.538462 67.647059 63.235294 55.882353 100.000000 69.117647 39.215686 64.705882 61.764706 84.745763 67.647059 63.235294 55.882353 100.000000 70.588235 58.823529 61.764706 92.647059 71.212121 54.411765 63.235294 63.235294 60.294118 100.000000 64.705882 55.882353 100.000000 66.176471 60.294118 55.882353 100.000000 70.149254 40.000000 60.294118
ppy-mir-302d  67.647059 69.117647 60.294118 67.647059 80.882353 73.529412 60.294118 66.176471 95.588235 73.529412 63.235294 64.705882 94.117647 64.179104 72.058824 69.230769 72.058824 69.117647 64.705882 66.176471 98.529412 39.215686 73.529412 61.764706 66.101695 76.470588 69.117647 64.705882 66.176471 95.588235 64.705882 60.294118 70.588235 81.818182 55.882353 66.176471 72.058824 64.705882 66.176471 94.117647 64.705882 66.176471 100.000000 69.117647 64.705882 67.164179 98.507463 40.000000 58.823529
ptr-mir-302a  61.764706 91.176471 58.823529 63.235294 66.176471 95.588235 63.235294 63.235294 67.647059 94.117647 60.294118 63.235294 67.647059 76.119403 67.647059 69.230769 75.000000 100.000000 61.764706 60.294118 66.176471 41.176471 89.705882 61.764706 66.101695 73.529412 100.000000 63.235294 60.294118 64.705882 89.705882 51.470588 57.352941 63.636364 72.058824 60.294118 98.529412 60.294118 60.294118 61.764706 64.705882 60.294118 69.117647 100.000000 61.764706 61.194030 67.164179 44.000000 58.823529
ptr-mir-302b  73.611111 61.428571 84.722222 58.823529 67.142857 63.768116 84.722222 55.882353 65.714286 66.176471 83.333333 55.882353 69.117647 70.149254 79.166667 63.076923 68.115942 60.869565 100.000000 55.882353 64.705882 47.058824 61.428571 83.098592 67.796610 69.014085 60.869565 93.055556 55.882353 61.764706 55.072464 75.000000 57.352941 72.727273 66.666667 86.956522 62.318841 86.111111 55.882353 63.235294 93.055556 55.882353 64.705882 61.764706 100.000000 56.716418 65.671642 48.000000 65.217391
ptr-mir-302c  70.149254 59.701493 64.179104 95.522388 67.164179 64.179104 65.671642 98.507463 67.164179 62.686567 64.179104 97.014925 67.164179 58.208955 70.149254 78.461538 65.671642 61.194030 56.716418 100.000000 70.149254 39.215686 62.686567 62.686567 84.745763 65.671642 61.194030 56.716418 100.000000 71.641791 56.716418 62.686567 91.044776 71.212121 52.238806 62.686567 61.194030 61.194030 100.000000 65.671642 56.716418 100.000000 67.164179 61.194030 56.716418 100.000000 70.149254 40.000000 61.194030
ptr-mir-302d  71.641791 67.164179 61.194030 71.641791 80.597015 71.641791 61.194030 70.149254 97.014925 71.641791 64.179104 68.656716 95.522388 61.194030 76.119403 72.307692 76.119403 67.164179 65.671642 70.149254 100.000000 39.215686 73.134328 65.671642 69.491525 77.611940 67.164179 65.671642 70.149254 97.014925 62.686567 61.194030 68.656716 81.818182 55.223881 70.149254 70.149254 68.656716 70.149254 95.522388 65.671642 70.149254 98.507463 67.164179 65.671642 70.149254 100.000000 46.000000 56.716418
ptr-mir-302f  42.000000 44.000000 40.000000 44.000000 46.000000 44.000000 36.000000 40.000000 40.000000 44.000000 38.000000 40.000000 36.000000 42.000000 36.000000 32.000000 40.000000 44.000000 48.000000 40.000000 40.000000 96.000000 50.000000 42.000000 36.000000 38.000000 44.000000 42.000000 40.000000 38.000000 44.000000 44.000000 42.000000 46.000000 44.000000 42.000000 44.000000 38.000000 40.000000 40.000000 42.000000 40.000000 40.000000 44.000000 48.000000 40.000000 46.000000 100.000000 32.000000
xtr-mir-302   60.869565 60.869565 72.463768 63.235294 62.318841 59.420290 73.913043 60.294118 56.521739 61.764706 66.666667 60.294118 61.764706 56.716418 65.217391 52.307692 55.072464 57.971014 65.217391 60.294118 55.882353 31.372549 63.768116 66.666667 66.101695 60.869565 57.971014 72.463768 60.294118 55.882353 56.521739 60.869565 60.294118 63.636364 53.623188 60.869565 60.869565 65.217391 60.294118 52.941176 72.463768 60.294118 58.823529 58.823529 65.217391 61.194030 56.716418 32.000000 100.000000
