15
bta-mir-361 100.000000 98.412698 90.140845 100.000000 95.774648 100.000000 91.549296 91.549296 91.549296 85.714286 91.549296 90.140845 84.285714 100.000000 90.322581
cfa-mir-361 98.412698 100.000000 90.476190 98.412698 92.063492 98.412698 88.888889 88.888889 88.888889 85.714286 88.888889 88.888889 82.539683 98.412698 88.709677
cgr-mir-361 90.140845 90.476190 100.000000 91.250000 85.915493 91.250000 81.250000 80.555556 80.555556 88.571429 80.555556 80.281690 91.428571 85.000000 80.645161
chi-mir-361 100.000000 98.412698 91.250000 100.000000 95.774648 100.000000 92.708333 90.277778 90.277778 85.714286 90.277778 90.140845 84.285714 98.750000 90.322581
eca-mir-361 95.774648 92.063492 85.915493 95.774648 100.000000 95.774648 88.732394 88.732394 88.732394 80.000000 88.732394 87.323944 80.000000 95.774648 85.483871
efu-mir-361 100.000000 98.412698 91.250000 100.000000 95.774648 100.000000 91.566265 90.277778 90.277778 85.714286 90.277778 90.140845 84.285714 96.250000 90.322581
ggo-mir-361 91.549296 88.888889 81.250000 92.708333 88.732394 91.566265 100.000000 100.000000 100.000000 82.857143 100.000000 100.000000 80.000000 90.000000 88.709677
hsa-mir-361 91.549296 88.888889 80.555556 90.277778 88.732394 90.277778 100.000000 100.000000 100.000000 82.857143 100.000000 100.000000 80.000000 90.277778 88.709677
mml-mir-361 91.549296 88.888889 80.555556 90.277778 88.732394 90.277778 100.000000 100.000000 100.000000 82.857143 100.000000 100.000000 80.000000 90.277778 88.709677
mmu-mir-361 85.714286 85.714286 88.571429 85.714286 80.000000 85.714286 82.857143 82.857143 82.857143 100.000000 82.857143 81.428571 97.142857 85.714286 85.483871
ppy-mir-361 91.549296 88.888889 80.555556 90.277778 88.732394 90.277778 100.000000 100.000000 100.000000 82.857143 100.000000 100.000000 80.000000 90.277778 88.709677
ptr-mir-361 90.140845 88.888889 80.281690 90.140845 87.323944 90.140845 100.000000 100.000000 100.000000 81.428571 100.000000 100.000000 78.571429 90.140845 88.709677
rno-mir-361 84.285714 82.539683 91.428571 84.285714 80.000000 84.285714 80.000000 80.000000 80.000000 97.142857 80.000000 78.571429 100.000000 84.285714 82.258065
ssc-mir-361 100.000000 98.412698 85.000000 98.750000 95.774648 96.250000 90.000000 90.277778 90.277778 85.714286 90.277778 90.140845 84.285714 100.000000 90.322581
tch-mir-361 90.322581 88.709677 80.645161 90.322581 85.483871 90.322581 88.709677 88.709677 88.709677 85.483871 88.709677 88.709677 82.258065 90.322581 100.000000
