17
bta-mir-486   100.000000 64.062500 86.746988 90.909091 63.095238 75.892857 80.882353 67.187500 66.176471 75.806452 65.555556 80.882353 82.089552 60.294118 68.750000 90.243902 80.645161
cfa-mir-486   64.062500 100.000000 67.187500 70.312500 90.625000 70.312500 70.312500 89.062500 89.062500 70.312500 90.625000 70.312500 70.312500 89.062500 39.062500 59.375000 70.967742
cgr-mir-486   86.746988 67.187500 100.000000 90.909091 62.650602 85.542169 83.823529 67.187500 66.176471 93.975904 65.060241 83.823529 85.074627 64.705882 45.000000 80.487805 83.870968
eca-mir-486   90.909091 70.312500 90.909091 100.000000 69.696970 92.424242 92.424242 70.312500 69.696970 95.454545 68.181818 92.424242 92.424242 68.181818 48.484848 80.303030 88.709677
efu-mir-486   63.095238 90.625000 62.650602 69.696970 100.000000 69.047619 70.588235 87.500000 83.823529 66.666667 91.666667 70.588235 71.641791 89.705882 40.000000 59.756098 69.354839
ggo-mir-486   75.892857 70.312500 85.542169 92.424242 69.047619 100.000000 100.000000 70.312500 67.647059 74.107143 71.111111 100.000000 100.000000 69.117647 50.000000 73.170732 88.709677
hsa-mir-486-1 80.882353 70.312500 83.823529 92.424242 70.588235 100.000000 100.000000 70.312500 67.647059 85.294118 69.117647 100.000000 100.000000 69.117647 42.647059 70.588235 88.709677
hsa-mir-486-2 67.187500 89.062500 67.187500 70.312500 87.500000 70.312500 70.312500 100.000000 100.000000 71.875000 89.062500 70.312500 70.312500 90.625000 40.625000 60.937500 72.580645
mml-mir-486   66.176471 89.062500 66.176471 69.696970 83.823529 67.647059 67.647059 100.000000 100.000000 69.117647 85.294118 67.647059 68.656716 86.764706 38.235294 60.294118 72.580645
mmu-mir-486a  75.806452 70.312500 93.975904 95.454545 66.666667 74.107143 85.294118 71.875000 69.117647 100.000000 68.888889 85.294118 86.567164 64.705882 61.250000 81.707317 85.483871
mmu-mir-486b  65.555556 90.625000 65.060241 68.181818 91.666667 71.111111 69.117647 89.062500 85.294118 68.888889 100.000000 69.117647 70.149254 98.529412 47.500000 64.634146 70.967742
ppy-mir-486   80.882353 70.312500 83.823529 92.424242 70.588235 100.000000 100.000000 70.312500 67.647059 85.294118 69.117647 100.000000 100.000000 69.117647 42.647059 70.588235 88.709677
ptr-mir-486   82.089552 70.312500 85.074627 92.424242 71.641791 100.000000 100.000000 70.312500 68.656716 86.567164 70.149254 100.000000 100.000000 70.149254 43.283582 71.641791 88.709677
rno-mir-486   60.294118 89.062500 64.705882 68.181818 89.705882 69.117647 69.117647 90.625000 86.764706 64.705882 98.529412 69.117647 70.149254 100.000000 39.705882 57.352941 69.354839
ssc-mir-486-1 68.750000 39.062500 45.000000 48.484848 40.000000 50.000000 42.647059 40.625000 38.235294 61.250000 47.500000 42.647059 43.283582 39.705882 100.000000 56.250000 53.225806
ssc-mir-486-2 90.243902 59.375000 80.487805 80.303030 59.756098 73.170732 70.588235 60.937500 60.294118 81.707317 64.634146 70.588235 71.641791 57.352941 56.250000 100.000000 87.096774
tch-mir-486   80.645161 70.967742 83.870968 88.709677 69.354839 88.709677 88.709677 72.580645 72.580645 85.483871 70.967742 88.709677 88.709677 69.354839 53.225806 87.096774 100.000000
