9
bta-mir-767 100.000000 97.142857 96.190476 90.476190 93.333333 91.428571 78.095238 91.428571 90.476190
chi-mir-767 97.142857 100.000000 93.333333 86.666667 89.523810 87.619048 74.285714 87.619048 86.666667
eca-mir-767 96.190476 93.333333 100.000000 89.814815 95.370370 94.444444 76.635514 93.518519 89.814815
ggo-mir-767 90.476190 86.666667 89.814815 100.000000 94.495413 93.636364 77.570093 93.577982 100.000000
hsa-mir-767 93.333333 89.523810 95.370370 94.495413 100.000000 99.082569 77.570093 99.082569 94.495413
mml-mir-767 91.428571 87.619048 94.444444 93.636364 99.082569 100.000000 78.504673 98.165138 93.636364
mmu-mir-767 78.095238 74.285714 76.635514 77.570093 77.570093 78.504673 100.000000 77.570093 77.570093
ppy-mir-767 91.428571 87.619048 93.518519 93.577982 99.082569 98.165138 77.570093 100.000000 93.577982
ptr-mir-767 90.476190 86.666667 89.814815 100.000000 94.495413 93.636364 77.570093 93.577982 100.000000
