22
aca-mir-202   100.000000 78.409091 87.323944 78.409091 84.210526 83.333333 81.159420 89.772727 73.863636 75.000000 87.500000 74.698795 75.000000 75.000000 88.888889 81.818182 67.500000 91.428571 91.428571 81.159420 81.609195 81.609195
bta-mir-202   78.409091 100.000000 95.774648 100.000000 84.210526 93.589744 78.260870 78.651685 78.787879 81.818182 90.277778 73.493976 80.808081 80.808081 91.666667 73.737374 82.500000 84.285714 84.285714 78.260870 72.413793 72.413793
cfa-mir-202   87.323944 95.774648 100.000000 95.774648 80.281690 97.183099 72.463768 85.915493 90.140845 92.957746 83.098592 77.464789 92.957746 92.957746 85.915493 83.098592 84.507042 78.571429 78.571429 72.463768 71.830986 71.830986
chi-mir-202   78.409091 100.000000 95.774648 100.000000 84.210526 93.589744 78.260870 78.651685 79.591837 81.632653 90.277778 73.493976 81.632653 81.632653 91.666667 74.489796 82.500000 84.285714 84.285714 78.260870 72.413793 72.413793
dre-mir-202   84.210526 84.210526 80.281690 84.210526 100.000000 82.894737 89.855072 84.210526 84.210526 84.210526 81.944444 76.315789 84.210526 84.210526 83.333333 78.947368 65.789474 80.000000 80.000000 89.855072 81.578947 81.578947
efu-mir-202   83.333333 93.589744 97.183099 93.589744 82.894737 100.000000 76.811594 83.333333 87.179487 89.743590 88.888889 76.923077 89.743590 89.743590 90.277778 84.615385 80.769231 82.857143 82.857143 76.811594 74.358974 74.358974
fru-mir-202   81.159420 78.260870 72.463768 78.260870 89.855072 76.811594 100.000000 81.159420 75.362319 78.260870 71.014493 75.362319 78.260870 78.260870 72.463768 84.057971 59.420290 78.260870 78.260870 100.000000 76.811594 81.159420
gga-mir-202   89.772727 78.651685 85.915493 78.651685 84.210526 83.333333 81.159420 100.000000 75.280899 76.404494 84.722222 78.313253 76.404494 76.404494 86.111111 84.269663 73.750000 88.571429 88.571429 81.159420 80.459770 80.459770
ggo-mir-202   73.863636 78.787879 90.140845 79.591837 84.210526 87.179487 75.362319 75.280899 100.000000 91.818182 88.888889 74.698795 87.272727 94.495413 91.666667 67.857143 77.500000 85.714286 85.714286 75.362319 70.114943 70.114943
hsa-mir-202   75.000000 81.818182 92.957746 81.632653 84.210526 89.743590 78.260870 76.404494 91.818182 100.000000 90.277778 72.289157 92.727273 98.165138 93.055556 71.818182 80.000000 87.142857 87.142857 78.260870 68.965517 68.965517
mmu-mir-202   87.500000 90.277778 83.098592 90.277778 81.944444 88.888889 71.014493 84.722222 88.888889 90.277778 100.000000 76.388889 90.277778 90.277778 98.611111 83.333333 75.000000 82.857143 82.857143 71.014493 76.388889 76.388889
oha-mir-202   74.698795 73.493976 77.464789 73.493976 76.315789 76.923077 75.362319 78.313253 74.698795 72.289157 76.388889 100.000000 72.289157 72.289157 77.777778 73.493976 63.750000 72.857143 72.857143 75.362319 69.879518 67.469880
ppy-mir-202   75.000000 80.808081 92.957746 81.632653 84.210526 89.743590 78.260870 76.404494 87.272727 92.727273 90.277778 72.289157 100.000000 93.577982 93.055556 65.454545 80.000000 87.142857 87.142857 78.260870 68.965517 68.965517
ptr-mir-202   75.000000 80.808081 92.957746 81.632653 84.210526 89.743590 78.260870 76.404494 94.495413 98.165138 90.277778 72.289157 93.577982 100.000000 93.055556 68.807339 80.000000 87.142857 87.142857 78.260870 68.965517 68.965517
rno-mir-202   88.888889 91.666667 85.915493 91.666667 83.333333 90.277778 72.463768 86.111111 91.666667 93.055556 98.611111 77.777778 93.055556 93.055556 100.000000 84.722222 76.388889 84.285714 84.285714 72.463768 77.777778 77.777778
sha-mir-202   81.818182 73.737374 83.098592 74.489796 78.947368 84.615385 84.057971 84.269663 67.857143 71.818182 83.333333 73.493976 65.454545 68.807339 84.722222 100.000000 70.000000 90.000000 90.000000 84.057971 78.160920 80.459770
ssc-mir-202   67.500000 82.500000 84.507042 82.500000 65.789474 80.769231 59.420290 73.750000 77.500000 80.000000 75.000000 63.750000 80.000000 80.000000 76.388889 70.000000 100.000000 65.714286 65.714286 59.420290 58.750000 58.750000
tgu-mir-202-1 91.428571 84.285714 78.571429 84.285714 80.000000 82.857143 78.260870 88.571429 85.714286 87.142857 82.857143 72.857143 87.142857 87.142857 84.285714 90.000000 65.714286 100.000000 100.000000 78.260870 84.285714 81.428571
tgu-mir-202-2 91.428571 84.285714 78.571429 84.285714 80.000000 82.857143 78.260870 88.571429 85.714286 87.142857 82.857143 72.857143 87.142857 87.142857 84.285714 90.000000 65.714286 100.000000 100.000000 78.260870 84.285714 81.428571
tni-mir-202   81.159420 78.260870 72.463768 78.260870 89.855072 76.811594 100.000000 81.159420 75.362319 78.260870 71.014493 75.362319 78.260870 78.260870 72.463768 84.057971 59.420290 78.260870 78.260870 100.000000 76.811594 81.159420
xtr-mir-202-1 81.609195 72.413793 71.830986 72.413793 81.578947 74.358974 76.811594 80.459770 70.114943 68.965517 76.388889 69.879518 68.965517 68.965517 77.777778 78.160920 58.750000 84.285714 84.285714 76.811594 100.000000 98.850575
xtr-mir-202-2 81.609195 72.413793 71.830986 72.413793 81.578947 74.358974 81.159420 80.459770 70.114943 68.965517 76.388889 67.469880 68.965517 68.965517 77.777778 80.459770 58.750000 81.428571 81.428571 81.159420 98.850575 100.000000
