13
bta-mir-493  100.000000 100.000000 100.000000 94.382022 95.180723 97.752809 97.752809 97.752809 83.132530 100.000000 97.752809 92.857143 98.795181
cfa-mir-493  100.000000 100.000000 100.000000 95.081967 100.000000 100.000000 100.000000 100.000000 80.327869 100.000000 100.000000 90.163934 98.360656
chi-mir-493  100.000000 100.000000 100.000000 94.382022 95.180723 91.818182 97.752809 97.752809 83.132530 100.000000 97.752809 92.857143 98.795181
eca-mir-493b 94.382022 95.081967 94.382022 100.000000 93.975904 94.382022 94.382022 94.382022 78.313253 94.382022 94.382022 89.285714 91.566265
efu-mir-493  95.180723 100.000000 95.180723 93.975904 100.000000 97.590361 97.590361 97.590361 80.722892 95.180723 97.590361 90.361446 93.975904
ggo-mir-493  97.752809 100.000000 91.818182 94.382022 97.590361 100.000000 100.000000 100.000000 81.927711 91.818182 100.000000 92.857143 95.180723
hsa-mir-493  97.752809 100.000000 97.752809 94.382022 97.590361 100.000000 100.000000 100.000000 81.927711 97.752809 100.000000 92.857143 95.180723
mml-mir-493  97.752809 100.000000 97.752809 94.382022 97.590361 100.000000 100.000000 100.000000 81.927711 97.752809 100.000000 92.857143 95.180723
mmu-mir-493  83.132530 80.327869 83.132530 78.313253 80.722892 81.927711 81.927711 81.927711 100.000000 83.132530 81.927711 87.951807 81.927711
oar-mir-493  100.000000 100.000000 100.000000 94.382022 95.180723 91.818182 97.752809 97.752809 83.132530 100.000000 97.752809 92.857143 98.795181
ppy-mir-493  97.752809 100.000000 97.752809 94.382022 97.590361 100.000000 100.000000 100.000000 81.927711 97.752809 100.000000 92.857143 95.180723
rno-mir-493  92.857143 90.163934 92.857143 89.285714 90.361446 92.857143 92.857143 92.857143 87.951807 92.857143 92.857143 100.000000 87.951807
ssc-mir-493  98.795181 98.360656 98.795181 91.566265 93.975904 95.180723 95.180723 95.180723 81.927711 98.795181 95.180723 87.951807 100.000000
