15
bta-mir-299  100.000000 96.825397 95.238095 98.412698 98.412698 96.825397 95.238095 96.825397 93.877551 88.524590 98.412698 98.412698 96.825397 88.888889 96.825397
cfa-mir-299  96.825397 100.000000 98.412698 98.412698 98.412698 96.825397 95.238095 100.000000 85.714286 85.245902 98.412698 98.412698 100.000000 82.539683 96.825397
eca-mir-299  95.238095 98.412698 100.000000 96.825397 96.825397 98.412698 93.650794 98.412698 83.673469 83.606557 96.825397 96.825397 98.412698 80.952381 95.238095
efu-mir-299  98.412698 98.412698 96.825397 100.000000 100.000000 98.412698 98.412698 98.412698 89.795918 86.885246 100.000000 100.000000 98.412698 73.972603 98.630137
ggo-mir-299  98.412698 98.412698 96.825397 100.000000 100.000000 98.412698 98.412698 98.412698 89.795918 86.885246 100.000000 100.000000 98.412698 54.054054 98.734177
hsa-mir-299  96.825397 96.825397 98.412698 98.412698 98.412698 100.000000 96.825397 96.825397 87.755102 85.245902 98.412698 98.412698 96.825397 84.126984 96.825397
mml-mir-299  95.238095 95.238095 93.650794 98.412698 98.412698 96.825397 100.000000 95.238095 93.877551 83.606557 98.412698 98.412698 95.238095 88.888889 96.825397
mmu-mir-299a 96.825397 100.000000 98.412698 98.412698 98.412698 96.825397 95.238095 100.000000 85.714286 85.245902 98.412698 98.412698 100.000000 82.539683 96.825397
mmu-mir-299b 93.877551 85.714286 83.673469 89.795918 89.795918 87.755102 93.877551 85.714286 100.000000 93.877551 89.795918 89.795918 85.714286 100.000000 85.714286
oar-mir-299  88.524590 85.245902 83.606557 86.885246 86.885246 85.245902 83.606557 85.245902 93.877551 100.000000 86.885246 86.885246 85.245902 81.967213 85.245902
ppy-mir-299  98.412698 98.412698 96.825397 100.000000 100.000000 98.412698 98.412698 98.412698 89.795918 86.885246 100.000000 100.000000 98.412698 85.714286 98.412698
ptr-mir-299  98.412698 98.412698 96.825397 100.000000 100.000000 98.412698 98.412698 98.412698 89.795918 86.885246 100.000000 100.000000 98.412698 78.260870 98.550725
rno-mir-299a 96.825397 100.000000 98.412698 98.412698 98.412698 96.825397 95.238095 100.000000 85.714286 85.245902 98.412698 98.412698 100.000000 82.539683 96.825397
rno-mir-299b 88.888889 82.539683 80.952381 73.972603 54.054054 84.126984 88.888889 82.539683 100.000000 81.967213 85.714286 78.260870 82.539683 100.000000 65.822785
ssc-mir-299  96.825397 96.825397 95.238095 98.630137 98.734177 96.825397 96.825397 96.825397 85.714286 85.245902 98.412698 98.550725 96.825397 65.822785 100.000000
