12
bta-mir-433 100.000000 95.945946 100.000000 95.967742 92.660550 96.774194 95.698925 96.774194 94.736842 96.774194 96.739130 96.774194
cfa-mir-433 95.945946 100.000000 95.945946 98.648649 100.000000 100.000000 100.000000 100.000000 95.945946 100.000000 100.000000 100.000000
chi-mir-433 100.000000 95.945946 100.000000 95.967742 95.412844 96.774194 95.698925 96.774194 100.000000 96.774194 96.739130 96.774194
eca-mir-433 95.967742 98.648649 95.967742 100.000000 95.412844 98.924731 97.849462 99.193548 90.350877 98.924731 98.913043 98.924731
ggo-mir-433 92.660550 100.000000 95.412844 95.412844 100.000000 100.000000 98.924731 96.330275 95.412844 100.000000 100.000000 100.000000
hsa-mir-433 96.774194 100.000000 96.774194 98.924731 100.000000 100.000000 98.924731 100.000000 96.774194 100.000000 100.000000 100.000000
mml-mir-433 95.698925 100.000000 95.698925 97.849462 98.924731 98.924731 100.000000 98.924731 95.698925 98.924731 97.826087 98.924731
mmu-mir-433 96.774194 100.000000 96.774194 99.193548 96.330275 100.000000 98.924731 100.000000 91.228070 100.000000 100.000000 100.000000
oar-mir-433 94.736842 95.945946 100.000000 90.350877 95.412844 96.774194 95.698925 91.228070 100.000000 96.774194 96.739130 96.774194
ppy-mir-433 96.774194 100.000000 96.774194 98.924731 100.000000 100.000000 98.924731 100.000000 96.774194 100.000000 100.000000 100.000000
ptr-mir-433 96.739130 100.000000 96.739130 98.913043 100.000000 100.000000 97.826087 100.000000 96.739130 100.000000 100.000000 100.000000
rno-mir-433 96.774194 100.000000 96.774194 98.924731 100.000000 100.000000 98.924731 100.000000 96.774194 100.000000 100.000000 100.000000
