40
bta-mir-188 100.000000 58.139535 57.500000 98.837209 57.627119 52.542373 97.500000 54.545455 100.000000 65.116279 53.846154 100.000000 65.116279 60.465116 97.500000 60.759494 60.256410 98.837209 59.302326 65.116279 98.837209 59.302326 65.116279 98.837209 57.692308 65.116279 98.529412 58.139535 98.837209 98.837209 59.302326 65.116279 97.674419 59.302326 65.116279 96.250000 55.696203 61.250000 98.333333 61.016949
bta-mir-532 58.139535 100.000000 47.500000 56.976744 98.305085 44.067797 56.250000 88.311688 58.139535 98.837209 47.435897 63.235294 95.348837 46.511628 56.250000 93.670886 43.589744 60.465116 91.860465 46.511628 60.465116 93.023256 44.186047 54.651163 94.871795 41.860465 63.235294 93.023256 60.465116 60.465116 93.023256 44.186047 58.139535 93.023256 44.186047 53.750000 91.139241 91.250000 61.666667 100.000000
bta-mir-660 57.500000 47.500000 100.000000 55.000000 44.067797 96.610169 47.500000 41.558442 58.750000 50.000000 98.717949 52.941176 50.000000 95.000000 50.000000 45.569620 92.307692 58.750000 47.500000 95.000000 57.500000 47.500000 95.000000 55.000000 44.871795 93.750000 51.470588 50.000000 57.500000 57.500000 47.500000 95.000000 57.500000 47.500000 93.750000 48.750000 45.569620 43.750000 51.666667 44.067797
cfa-mir-188 98.837209 56.976744 55.000000 100.000000 55.932203 49.152542 95.000000 51.948052 98.837209 63.953488 51.282051 98.529412 63.953488 59.302326 96.250000 59.493671 57.692308 97.674419 58.139535 62.790698 97.674419 58.139535 62.790698 98.837209 56.410256 62.790698 95.588235 56.976744 97.674419 97.674419 58.139535 62.790698 96.511628 58.139535 62.790698 93.750000 54.430380 61.250000 96.666667 59.322034
cfa-mir-532 57.627119 98.305085 44.067797 55.932203 100.000000 44.067797 55.932203 91.525424 57.627119 98.305085 42.372881 57.627119 98.305085 44.067797 55.932203 96.610169 44.067797 57.627119 98.305085 44.067797 57.627119 98.305085 44.067797 52.542373 98.305085 40.677966 57.627119 96.610169 57.627119 57.627119 98.305085 44.067797 57.627119 98.305085 44.067797 52.542373 94.915254 86.440678 59.322034 98.305085
cfa-mir-660 52.542373 44.067797 96.610169 49.152542 44.067797 100.000000 49.152542 38.983051 52.542373 44.067797 94.915254 52.542373 44.067797 98.305085 49.152542 44.067797 100.000000 52.542373 44.067797 98.305085 52.542373 44.067797 98.305085 49.152542 44.067797 96.610169 50.847458 45.762712 52.542373 52.542373 44.067797 98.305085 52.542373 44.067797 98.305085 47.457627 45.762712 35.593220 52.542373 44.067797
cgr-mir-188 97.500000 56.250000 47.500000 95.000000 55.932203 49.152542 100.000000 54.545455 97.500000 62.500000 43.589744 97.058824 62.500000 53.750000 92.500000 59.493671 55.128205 96.250000 56.250000 58.750000 96.250000 56.250000 58.750000 95.000000 51.282051 58.750000 98.529412 55.000000 96.250000 96.250000 56.250000 58.750000 95.000000 56.250000 58.750000 95.000000 54.430380 56.250000 95.000000 59.322034
cgr-mir-532 54.545455 88.311688 41.558442 51.948052 91.525424 38.983051 54.545455 100.000000 54.545455 87.012987 38.961039 58.823529 89.610390 44.155844 54.545455 89.610390 41.558442 57.142857 84.415584 41.558442 57.142857 84.415584 41.558442 51.948052 76.623377 45.454545 58.823529 94.805195 57.142857 57.142857 84.415584 41.558442 61.038961 84.415584 41.558442 50.649351 93.506494 77.922078 58.333333 93.220339
chi-mir-188 100.000000 58.139535 58.750000 98.837209 57.627119 52.542373 97.500000 54.545455 100.000000 59.405941 55.128205 100.000000 63.333333 55.670103 97.500000 60.759494 60.256410 97.272727 53.636364 55.454545 98.837209 57.142857 59.793814 98.837209 57.692308 59.793814 98.529412 53.125000 98.837209 98.837209 57.142857 59.793814 97.674419 57.777778 59.375000 96.250000 55.696203 61.250000 98.333333 61.016949
chi-mir-532 65.116279 98.837209 50.000000 63.953488 98.305085 44.067797 62.500000 87.012987 59.405941 100.000000 47.435897 63.235294 97.777778 52.577320 61.250000 97.468354 46.153846 61.386139 91.089109 51.485149 66.279070 92.307692 51.546392 61.627907 94.871795 49.484536 63.235294 90.625000 66.279070 66.279070 92.307692 51.546392 63.953488 93.333333 52.083333 58.750000 92.405063 92.500000 61.666667 100.000000
chi-mir-660 53.846154 47.435897 98.717949 51.282051 42.372881 94.915254 43.589744 38.961039 55.128205 47.435897 100.000000 50.000000 47.435897 93.589744 51.282051 42.307692 88.461538 55.128205 47.435897 93.589744 53.846154 47.435897 93.589744 51.282051 43.589744 92.307692 50.000000 50.000000 53.846154 53.846154 47.435897 93.589744 53.846154 47.435897 92.307692 46.153846 44.871795 41.025641 48.333333 42.372881
eca-mir-188 100.000000 63.235294 52.941176 98.529412 57.627119 52.542373 97.058824 58.823529 100.000000 63.235294 50.000000 100.000000 63.235294 54.411765 97.058824 60.294118 55.882353 100.000000 57.352941 58.823529 100.000000 57.352941 58.823529 98.529412 55.882353 58.823529 98.529412 58.823529 100.000000 100.000000 57.352941 58.823529 98.529412 57.352941 58.823529 95.588235 58.823529 58.823529 98.333333 61.016949
eca-mir-532 65.116279 95.348837 50.000000 63.953488 98.305085 44.067797 62.500000 89.610390 63.333333 97.777778 47.435897 63.235294 100.000000 51.111111 61.250000 98.734177 46.153846 64.444444 91.111111 52.222222 66.279070 92.222222 50.000000 61.627907 93.589744 47.777778 63.235294 95.555556 66.279070 66.279070 92.222222 50.000000 63.953488 92.222222 50.000000 58.750000 93.670886 92.500000 61.666667 100.000000
eca-mir-660 60.465116 46.511628 95.000000 59.302326 44.067797 98.305085 53.750000 44.155844 55.670103 52.577320 93.589744 54.411765 51.111111 100.000000 55.000000 49.367089 94.871795 56.701031 53.608247 93.814433 61.627907 51.648352 93.814433 59.302326 46.153846 92.783505 52.941176 52.083333 61.627907 61.627907 51.648352 93.814433 61.627907 52.222222 93.750000 53.750000 50.632911 46.250000 53.333333 44.067797
efu-mir-188 97.500000 56.250000 50.000000 96.250000 55.932203 49.152542 92.500000 54.545455 97.500000 61.250000 51.282051 97.058824 61.250000 55.000000 100.000000 59.493671 57.692308 96.250000 55.000000 60.000000 96.250000 55.000000 60.000000 96.250000 51.282051 60.000000 95.588235 53.750000 96.250000 96.250000 55.000000 60.000000 95.000000 55.000000 60.000000 92.500000 54.430380 56.250000 95.000000 59.322034
efu-mir-532 60.759494 93.670886 45.569620 59.493671 96.610169 44.067797 59.493671 89.610390 60.759494 97.468354 42.307692 60.294118 98.734177 49.367089 59.493671 100.000000 46.153846 62.025316 91.139241 49.367089 62.025316 91.139241 49.367089 56.962025 83.333333 48.101266 60.294118 94.936709 62.025316 62.025316 91.139241 49.367089 62.025316 91.139241 49.367089 56.962025 93.670886 86.075949 58.333333 98.305085
efu-mir-660 60.256410 43.589744 92.307692 57.692308 44.067797 100.000000 55.128205 41.558442 60.256410 46.153846 88.461538 55.882353 46.153846 94.871795 57.692308 46.153846 100.000000 58.974359 46.153846 98.717949 58.974359 46.153846 98.717949 57.692308 39.743590 97.435897 54.411765 46.153846 58.974359 58.974359 46.153846 98.717949 58.974359 46.153846 98.717949 56.410256 46.153846 39.743590 51.666667 44.067797
ggo-mir-188 98.837209 60.465116 58.750000 97.674419 57.627119 52.542373 96.250000 57.142857 97.272727 61.386139 55.128205 100.000000 64.444444 56.701031 96.250000 62.025316 58.974359 100.000000 55.855856 54.545455 100.000000 59.340659 58.762887 97.674419 57.692308 58.762887 98.529412 55.208333 100.000000 100.000000 59.340659 58.762887 98.837209 60.000000 58.333333 95.000000 58.227848 62.500000 98.333333 61.016949
ggo-mir-532 59.302326 91.860465 47.500000 58.139535 98.305085 44.067797 56.250000 84.415584 53.636364 91.089109 47.435897 57.352941 91.111111 53.608247 55.000000 91.139241 46.153846 55.855856 100.000000 46.363636 61.627907 98.901099 50.515464 55.813953 98.717949 48.453608 57.352941 90.625000 61.627907 61.627907 98.901099 50.515464 59.302326 98.888889 51.041667 52.500000 92.405063 85.000000 61.666667 100.000000
ggo-mir-660 65.116279 46.511628 95.000000 62.790698 44.067797 98.305085 58.750000 41.558442 55.454545 51.485149 93.589744 58.823529 52.222222 93.814433 60.000000 49.367089 98.717949 54.545455 46.363636 100.000000 63.953488 50.549451 100.000000 62.790698 47.435897 98.969072 57.352941 52.083333 63.953488 63.953488 50.549451 100.000000 63.953488 51.111111 100.000000 58.750000 48.101266 46.250000 55.000000 44.067797
hsa-mir-188 98.837209 60.465116 57.500000 97.674419 57.627119 52.542373 96.250000 57.142857 98.837209 66.279070 53.846154 100.000000 66.279070 61.627907 96.250000 62.025316 58.974359 100.000000 61.627907 63.953488 100.000000 61.627907 63.953488 97.674419 57.692308 63.953488 98.529412 60.465116 100.000000 100.000000 61.627907 63.953488 98.837209 61.627907 63.953488 95.000000 58.227848 62.500000 98.333333 61.016949
hsa-mir-532 59.302326 93.023256 47.500000 58.139535 98.305085 44.067797 56.250000 84.415584 57.142857 92.307692 47.435897 57.352941 92.222222 51.648352 55.000000 91.139241 46.153846 59.340659 98.901099 50.549451 61.627907 100.000000 48.351648 55.813953 100.000000 46.153846 57.352941 92.307692 61.627907 61.627907 100.000000 48.351648 59.302326 100.000000 48.351648 52.500000 92.405063 86.250000 61.666667 100.000000
hsa-mir-660 65.116279 44.186047 95.000000 62.790698 44.067797 98.305085 58.750000 41.558442 59.793814 51.546392 93.589744 58.823529 50.000000 93.814433 60.000000 49.367089 98.717949 58.762887 50.515464 100.000000 63.953488 48.351648 100.000000 62.790698 44.871795 98.969072 57.352941 50.000000 63.953488 63.953488 48.351648 100.000000 63.953488 48.888889 100.000000 58.750000 48.101266 46.250000 55.000000 44.067797
mml-mir-188 98.837209 54.651163 55.000000 98.837209 52.542373 49.152542 95.000000 51.948052 98.837209 61.627907 51.282051 98.529412 61.627907 59.302326 96.250000 56.962025 57.692308 97.674419 55.813953 62.790698 97.674419 55.813953 62.790698 100.000000 53.846154 62.790698 95.588235 54.651163 97.674419 97.674419 55.813953 62.790698 96.511628 55.813953 62.790698 93.750000 51.898734 61.250000 96.666667 55.932203
mml-mir-532 57.692308 94.871795 44.871795 56.410256 98.305085 44.067797 51.282051 76.623377 57.692308 94.871795 43.589744 55.882353 93.589744 46.153846 51.282051 83.333333 39.743590 57.692308 98.717949 47.435897 57.692308 100.000000 44.871795 53.846154 100.000000 42.307692 55.882353 93.589744 57.692308 57.692308 100.000000 44.871795 55.128205 98.717949 44.871795 48.717949 83.333333 82.051282 61.666667 100.000000
mml-mir-660 65.116279 41.860465 93.750000 62.790698 40.677966 96.610169 58.750000 45.454545 59.793814 49.484536 92.307692 58.823529 47.777778 92.783505 60.000000 48.101266 97.435897 58.762887 48.453608 98.969072 63.953488 46.153846 98.969072 62.790698 42.307692 100.000000 57.352941 46.875000 63.953488 63.953488 46.153846 98.969072 63.953488 46.666667 98.958333 58.750000 44.303797 43.750000 55.000000 40.677966
mmu-mir-188 98.529412 63.235294 51.470588 95.588235 57.627119 50.847458 98.529412 58.823529 98.529412 63.235294 50.000000 98.529412 63.235294 52.941176 95.588235 60.294118 54.411765 98.529412 57.352941 57.352941 98.529412 57.352941 57.352941 95.588235 55.882353 57.352941 100.000000 58.823529 98.529412 98.529412 57.352941 57.352941 97.058824 57.352941 57.352941 97.058824 58.823529 58.823529 96.666667 61.016949
mmu-mir-532 58.139535 93.023256 50.000000 56.976744 96.610169 45.762712 55.000000 94.805195 53.125000 90.625000 50.000000 58.823529 95.555556 52.083333 53.750000 94.936709 46.153846 55.208333 90.625000 52.083333 60.465116 92.307692 50.000000 54.651163 93.589744 46.875000 58.823529 100.000000 60.465116 60.465116 92.307692 50.000000 62.790698 93.333333 50.000000 51.250000 98.734177 87.500000 58.333333 98.305085
ppa-mir-188 98.837209 60.465116 57.500000 97.674419 57.627119 52.542373 96.250000 57.142857 98.837209 66.279070 53.846154 100.000000 66.279070 61.627907 96.250000 62.025316 58.974359 100.000000 61.627907 63.953488 100.000000 61.627907 63.953488 97.674419 57.692308 63.953488 98.529412 60.465116 100.000000 100.000000 61.627907 63.953488 98.837209 61.627907 63.953488 95.000000 58.227848 62.500000 98.333333 61.016949
ppy-mir-188 98.837209 60.465116 57.500000 97.674419 57.627119 52.542373 96.250000 57.142857 98.837209 66.279070 53.846154 100.000000 66.279070 61.627907 96.250000 62.025316 58.974359 100.000000 61.627907 63.953488 100.000000 61.627907 63.953488 97.674419 57.692308 63.953488 98.529412 60.465116 100.000000 100.000000 61.627907 63.953488 98.837209 61.627907 63.953488 95.000000 58.227848 62.500000 98.333333 61.016949
ppy-mir-532 59.302326 93.023256 47.500000 58.139535 98.305085 44.067797 56.250000 84.415584 57.142857 92.307692 47.435897 57.352941 92.222222 51.648352 55.000000 91.139241 46.153846 59.340659 98.901099 50.549451 61.627907 100.000000 48.351648 55.813953 100.000000 46.153846 57.352941 92.307692 61.627907 61.627907 100.000000 48.351648 59.302326 100.000000 48.351648 52.500000 92.405063 86.250000 61.666667 100.000000
ppy-mir-660 65.116279 44.186047 95.000000 62.790698 44.067797 98.305085 58.750000 41.558442 59.793814 51.546392 93.589744 58.823529 50.000000 93.814433 60.000000 49.367089 98.717949 58.762887 50.515464 100.000000 63.953488 48.351648 100.000000 62.790698 44.871795 98.969072 57.352941 50.000000 63.953488 63.953488 48.351648 100.000000 63.953488 48.888889 100.000000 58.750000 48.101266 46.250000 55.000000 44.067797
ptr-mir-188 97.674419 58.139535 57.500000 96.511628 57.627119 52.542373 95.000000 61.038961 97.674419 63.953488 53.846154 98.529412 63.953488 61.627907 95.000000 62.025316 58.974359 98.837209 59.302326 63.953488 98.837209 59.302326 63.953488 96.511628 55.128205 63.953488 97.058824 62.790698 98.837209 98.837209 59.302326 63.953488 100.000000 59.302326 63.953488 93.750000 60.759494 60.000000 96.666667 57.627119
ptr-mir-532 59.302326 93.023256 47.500000 58.139535 98.305085 44.067797 56.250000 84.415584 57.777778 93.333333 47.435897 57.352941 92.222222 52.222222 55.000000 91.139241 46.153846 60.000000 98.888889 51.111111 61.627907 100.000000 48.888889 55.813953 98.717949 46.666667 57.352941 93.333333 61.627907 61.627907 100.000000 48.888889 59.302326 100.000000 48.888889 52.500000 92.405063 86.250000 61.666667 100.000000
ptr-mir-660 65.116279 44.186047 93.750000 62.790698 44.067797 98.305085 58.750000 41.558442 59.375000 52.083333 92.307692 58.823529 50.000000 93.750000 60.000000 49.367089 98.717949 58.333333 51.041667 100.000000 63.953488 48.351648 100.000000 62.790698 44.871795 98.958333 57.352941 50.000000 63.953488 63.953488 48.351648 100.000000 63.953488 48.888889 100.000000 58.750000 48.101266 46.250000 55.000000 44.067797
rno-mir-188 96.250000 53.750000 48.750000 93.750000 52.542373 47.457627 95.000000 50.649351 96.250000 58.750000 46.153846 95.588235 58.750000 53.750000 92.500000 56.962025 56.410256 95.000000 52.500000 58.750000 95.000000 52.500000 58.750000 93.750000 48.717949 58.750000 97.058824 51.250000 95.000000 95.000000 52.500000 58.750000 93.750000 52.500000 58.750000 100.000000 51.898734 53.750000 93.333333 55.932203
rno-mir-532 55.696203 91.139241 45.569620 54.430380 94.915254 45.762712 54.430380 93.506494 55.696203 92.405063 44.871795 58.823529 93.670886 50.632911 54.430380 93.670886 46.153846 58.227848 92.405063 48.101266 58.227848 92.405063 48.101266 51.898734 83.333333 44.303797 58.823529 98.734177 58.227848 58.227848 92.405063 48.101266 60.759494 92.405063 48.101266 51.898734 100.000000 81.012658 58.333333 96.610169
ssc-mir-532 61.250000 91.250000 43.750000 61.250000 86.440678 35.593220 56.250000 77.922078 61.250000 92.500000 41.025641 58.823529 92.500000 46.250000 56.250000 86.075949 39.743590 62.500000 85.000000 46.250000 62.500000 86.250000 46.250000 61.250000 82.051282 43.750000 58.823529 87.500000 62.500000 62.500000 86.250000 46.250000 60.000000 86.250000 46.250000 53.750000 81.012658 100.000000 56.666667 88.135593
tch-mir-188 98.333333 61.666667 51.666667 96.666667 59.322034 52.542373 95.000000 58.333333 98.333333 61.666667 48.333333 98.333333 61.666667 53.333333 95.000000 58.333333 51.666667 98.333333 61.666667 55.000000 98.333333 61.666667 55.000000 96.666667 61.666667 55.000000 96.666667 58.333333 98.333333 98.333333 61.666667 55.000000 96.666667 61.666667 55.000000 93.333333 58.333333 56.666667 100.000000 62.711864
tch-mir-532 61.016949 100.000000 44.067797 59.322034 98.305085 44.067797 59.322034 93.220339 61.016949 100.000000 42.372881 61.016949 100.000000 44.067797 59.322034 98.305085 44.067797 61.016949 100.000000 44.067797 61.016949 100.000000 44.067797 55.932203 100.000000 40.677966 61.016949 98.305085 61.016949 61.016949 100.000000 44.067797 57.627119 100.000000 44.067797 55.932203 96.610169 88.135593 62.711864 100.000000
