8
hsa-mir-891a 100.000000 88.607595 88.607595 87.341772 98.734177 88.607595 97.435897 89.743590
hsa-mir-891b 88.607595 100.000000 100.000000 91.139241 89.873418 100.000000 88.461538 98.717949
mml-mir-891a 88.607595 100.000000 100.000000 91.139241 89.873418 100.000000 88.461538 98.717949
mml-mir-891b 87.341772 91.139241 91.139241 100.000000 88.607595 91.139241 87.179487 89.743590
ppy-mir-891a 98.734177 89.873418 89.873418 88.607595 100.000000 89.873418 98.717949 91.025641
ppy-mir-891b 88.607595 100.000000 100.000000 91.139241 89.873418 100.000000 88.461538 98.717949
ptr-mir-891a 97.435897 88.461538 88.461538 87.179487 98.717949 88.461538 100.000000 89.743590
ptr-mir-891b 89.743590 98.717949 98.717949 89.743590 91.025641 98.717949 89.743590 100.000000
