30
aca-mir-182  100.000000 28.421053 25.263158 24.210526 24.210526 80.000000 86.956522 72.631579 78.947368 92.647059 88.000000 85.882353 90.277778 86.315789 84.210526 38.947368 90.140845 86.315789 84.000000 85.263158 93.243243 81.052632 65.060241 82.105263 84.210526 53.225806 44.444444 85.714286 92.537313 78.947368
bfl-mir-182a 28.421053 100.000000 52.000000 49.484536 38.383838 28.712871 33.695652 30.000000 26.732673 29.411765 36.000000 34.117647 38.888889 24.752475 26.732673 32.673267 42.253521 31.683168 38.666667 29.000000 35.135135 26.732673 31.325301 30.693069 26.732673 22.580645 28.395062 30.952381 40.298507 26.732673
bfl-mir-182b 25.263158 52.000000 100.000000 48.453608 43.434343 20.000000 22.826087 22.000000 20.000000 26.470588 25.333333 22.352941 27.777778 23.000000 23.000000 30.000000 26.760563 21.000000 28.000000 22.000000 28.378378 25.000000 25.301205 23.000000 23.000000 24.193548 34.567901 22.619048 29.850746 20.000000
bfl-mir-182c 24.210526 49.484536 48.453608 100.000000 44.329897 25.773196 23.913043 25.773196 25.773196 25.000000 28.000000 28.235294 29.166667 24.742268 24.742268 29.896907 28.169014 22.680412 26.666667 25.773196 21.621622 23.711340 26.506024 25.773196 23.711340 25.806452 30.864198 23.809524 31.343284 24.742268
bfl-mir-182d 24.210526 38.383838 43.434343 44.329897 100.000000 25.252525 26.086957 25.252525 24.242424 32.352941 29.333333 32.941176 34.722222 24.242424 24.242424 27.272727 33.802817 23.232323 33.333333 25.252525 36.486486 32.323232 22.891566 24.242424 25.252525 30.645161 28.395062 28.571429 32.835821 27.272727
bta-mir-182  80.000000 28.712871 20.000000 25.773196 25.252525 100.000000 96.739130 83.000000 96.153846 89.705882 100.000000 95.294118 86.111111 84.684685 87.272727 35.643564 88.732394 86.486486 96.000000 87.000000 81.081081 67.326733 61.445783 85.585586 88.073394 70.967742 48.148148 96.428571 92.537313 64.761905
cfa-mir-182  86.956522 33.695652 22.826087 23.913043 26.086957 96.739130 100.000000 83.695652 95.652174 92.647059 97.333333 96.470588 86.111111 93.478261 95.652174 36.956522 94.366197 94.565217 93.333333 89.130435 83.783784 76.086957 61.445783 94.565217 95.652174 61.290323 46.913580 95.238095 92.537313 76.086957
cgr-mir-182  72.631579 30.000000 22.000000 25.773196 25.252525 83.000000 83.695652 100.000000 84.000000 86.764706 94.666667 90.588235 83.333333 76.000000 78.000000 33.000000 83.098592 78.000000 96.000000 76.000000 78.378378 64.000000 59.036145 76.000000 78.000000 58.064516 43.209877 90.476190 89.552239 68.000000
chi-mir-182  78.947368 26.732673 20.000000 25.773196 24.242424 96.153846 95.652174 84.000000 100.000000 89.705882 100.000000 96.470588 86.111111 85.576923 87.500000 37.623762 88.732394 87.500000 96.000000 83.000000 81.081081 68.316832 61.445783 86.538462 87.500000 70.967742 48.148148 95.238095 92.537313 67.307692
dre-mir-182  92.647059 29.411765 26.470588 25.000000 32.352941 89.705882 92.647059 86.764706 89.705882 100.000000 89.705882 92.647059 91.176471 92.647059 92.647059 44.117647 89.705882 92.647059 85.294118 92.647059 88.235294 94.117647 75.000000 92.647059 92.647059 45.161290 41.176471 91.176471 92.537313 92.647059
eca-mir-182  88.000000 36.000000 25.333333 28.000000 29.333333 100.000000 97.333333 94.666667 100.000000 89.705882 100.000000 96.000000 86.111111 90.666667 93.333333 45.333333 88.732394 92.000000 96.000000 90.666667 81.081081 82.666667 68.000000 93.333333 93.333333 50.000000 48.000000 97.333333 92.537313 84.000000
efu-mir-182  85.882353 34.117647 22.352941 28.235294 32.941176 95.294118 96.470588 90.588235 96.470588 92.647059 96.000000 100.000000 88.888889 89.411765 91.764706 40.000000 92.957746 90.588235 92.000000 91.764706 83.783784 83.529412 65.060241 89.411765 91.764706 56.451613 44.444444 95.238095 95.522388 82.352941
fru-mir-182  90.277778 38.888889 27.777778 29.166667 34.722222 86.111111 86.111111 83.333333 86.111111 91.176471 86.111111 88.888889 100.000000 86.111111 86.111111 41.666667 85.915493 87.500000 81.944444 91.666667 88.888889 100.000000 73.611111 86.111111 86.111111 41.935484 43.055556 84.722222 100.000000 88.888889
ggo-mir-182  86.315789 24.752475 23.000000 24.742268 24.242424 84.684685 93.478261 76.000000 85.576923 92.647059 90.666667 89.411765 86.111111 100.000000 97.272727 40.594059 90.140845 92.857143 86.666667 91.000000 85.135135 69.306931 61.445783 94.642857 95.412844 61.290323 45.679012 89.285714 92.537313 67.619048
hsa-mir-182  84.210526 26.732673 23.000000 24.742268 24.242424 87.272727 95.652174 78.000000 87.500000 92.647059 93.333333 91.764706 86.111111 97.272727 100.000000 37.623762 87.323944 94.545455 89.333333 89.000000 83.783784 69.306931 59.036145 98.181818 99.082569 64.516129 43.209877 91.666667 92.537313 68.571429
lgi-mir-263a 38.947368 32.673267 30.000000 29.896907 27.272727 35.643564 36.956522 33.000000 37.623762 44.117647 45.333333 40.000000 41.666667 40.594059 37.623762 100.000000 49.295775 40.594059 44.000000 39.000000 43.243243 29.702970 39.759036 37.623762 37.623762 35.483871 29.629630 40.476190 44.776119 37.623762
mdo-mir-182  90.140845 42.253521 26.760563 28.169014 33.802817 88.732394 94.366197 83.098592 88.732394 89.705882 88.732394 92.957746 85.915493 90.140845 87.323944 49.295775 100.000000 94.366197 83.098592 97.183099 85.915493 87.323944 74.647887 87.323944 87.323944 45.161290 47.887324 92.957746 91.044776 90.140845
mml-mir-182  86.315789 31.683168 21.000000 22.680412 23.232323 86.486486 94.565217 78.000000 87.500000 92.647059 92.000000 90.588235 87.500000 92.857143 94.545455 40.594059 94.366197 100.000000 88.000000 93.000000 86.486486 70.297030 62.650602 94.642857 92.660550 61.290323 45.679012 90.476190 92.537313 67.619048
mmu-mir-182  84.000000 38.666667 28.000000 26.666667 33.333333 96.000000 93.333333 96.000000 96.000000 85.294118 96.000000 92.000000 81.944444 86.666667 89.333333 44.000000 83.098592 88.000000 100.000000 86.666667 77.027027 78.666667 65.333333 89.333333 89.333333 53.225806 45.333333 93.333333 88.059701 80.000000
oan-mir-182  85.263158 29.000000 22.000000 25.773196 25.252525 87.000000 89.130435 76.000000 83.000000 92.647059 90.666667 91.764706 91.666667 91.000000 89.000000 39.000000 97.183099 93.000000 86.666667 100.000000 89.189189 73.000000 65.060241 87.000000 89.000000 53.225806 41.975309 89.285714 95.522388 76.000000
oha-mir-182  93.243243 35.135135 28.378378 21.621622 36.486486 81.081081 83.783784 78.378378 81.081081 88.235294 81.081081 83.783784 88.888889 85.135135 83.783784 43.243243 85.915493 86.486486 77.027027 89.189189 100.000000 89.189189 71.621622 83.783784 83.783784 45.161290 43.243243 83.783784 91.044776 87.837838
ola-mir-182  81.052632 26.732673 25.000000 23.711340 32.323232 67.326733 76.086957 64.000000 68.316832 94.117647 82.666667 83.529412 100.000000 69.306931 69.306931 29.702970 87.323944 70.297030 78.666667 73.000000 89.189189 100.000000 65.060241 68.316832 69.306931 50.000000 38.271605 80.952381 100.000000 74.257426
pma-mir-182  65.060241 31.325301 25.301205 26.506024 22.891566 61.445783 61.445783 59.036145 61.445783 75.000000 68.000000 65.060241 73.611111 61.445783 59.036145 39.759036 74.647887 62.650602 65.333333 65.060241 71.621622 65.060241 100.000000 59.036145 59.036145 46.774194 37.037037 67.469880 77.611940 60.240964
ppy-mir-182  82.105263 30.693069 23.000000 25.773196 24.242424 85.585586 94.565217 76.000000 86.538462 92.647059 93.333333 89.411765 86.111111 94.642857 98.181818 37.623762 87.323944 94.642857 89.333333 87.000000 83.783784 68.316832 59.036145 100.000000 97.247706 62.903226 43.209877 89.285714 92.537313 67.619048
ptr-mir-182  84.210526 26.732673 23.000000 23.711340 25.252525 88.073394 95.652174 78.000000 87.500000 92.647059 93.333333 91.764706 86.111111 95.412844 99.082569 37.623762 87.323944 92.660550 89.333333 89.000000 83.783784 69.306931 59.036145 97.247706 100.000000 64.516129 45.679012 91.666667 92.537313 68.571429
rno-mir-182  53.225806 22.580645 24.193548 25.806452 30.645161 70.967742 61.290323 58.064516 70.967742 45.161290 50.000000 56.451613 41.935484 61.290323 64.516129 35.483871 45.161290 61.290323 53.225806 53.225806 45.161290 50.000000 46.774194 62.903226 64.516129 100.000000 32.258065 56.451613 41.935484 50.000000
spu-mir-182  44.444444 28.395062 34.567901 30.864198 28.395062 48.148148 46.913580 43.209877 48.148148 41.176471 48.000000 44.444444 43.055556 45.679012 43.209877 29.629630 47.887324 45.679012 45.333333 41.975309 43.243243 38.271605 37.037037 43.209877 45.679012 32.258065 100.000000 46.913580 46.268657 40.740741
ssc-mir-182  85.714286 30.952381 22.619048 23.809524 28.571429 96.428571 95.238095 90.476190 95.238095 91.176471 97.333333 95.238095 84.722222 89.285714 91.666667 40.476190 92.957746 90.476190 93.333333 89.285714 83.783784 80.952381 67.469880 89.285714 91.666667 56.451613 46.913580 100.000000 91.044776 79.761905
tni-mir-182  92.537313 40.298507 29.850746 31.343284 32.835821 92.537313 92.537313 89.552239 92.537313 92.537313 92.537313 95.522388 100.000000 92.537313 92.537313 44.776119 91.044776 92.537313 88.059701 95.522388 91.044776 100.000000 77.611940 92.537313 92.537313 41.935484 46.268657 91.044776 100.000000 92.537313
xtr-mir-182  78.947368 26.732673 20.000000 24.742268 27.272727 64.761905 76.086957 68.000000 67.307692 92.647059 84.000000 82.352941 88.888889 67.619048 68.571429 37.623762 90.140845 67.619048 80.000000 76.000000 87.837838 74.257426 60.240964 67.619048 68.571429 50.000000 40.740741 79.761905 92.537313 100.000000
