14
bta-mir-671 100.000000 98.648649 94.936709 100.000000 98.809524 93.805310 93.220339 93.220339 95.918367 93.220339 92.307692 96.296296 100.000000 100.000000
cfa-mir-671 98.648649 100.000000 100.000000 98.648649 100.000000 100.000000 100.000000 100.000000 100.000000 100.000000 100.000000 100.000000 98.648649 100.000000
cgr-mir-671 94.936709 100.000000 100.000000 94.936709 96.202532 97.468354 97.468354 97.468354 100.000000 97.468354 97.468354 100.000000 94.936709 100.000000
chi-mir-671 100.000000 98.648649 94.936709 100.000000 98.809524 96.460177 93.220339 93.220339 95.918367 93.220339 92.307692 96.296296 100.000000 100.000000
eca-mir-671 98.809524 100.000000 96.202532 98.809524 100.000000 98.809524 98.809524 98.809524 97.619048 98.809524 98.809524 97.530864 98.750000 100.000000
ggo-mir-671 93.805310 100.000000 97.468354 96.460177 98.809524 100.000000 97.345133 97.345133 98.979592 97.345133 97.345133 98.765432 97.500000 100.000000
hsa-mir-671 93.220339 100.000000 97.468354 93.220339 98.809524 97.345133 100.000000 100.000000 98.979592 100.000000 100.000000 98.765432 97.500000 100.000000
mml-mir-671 93.220339 100.000000 97.468354 93.220339 98.809524 97.345133 100.000000 100.000000 98.979592 100.000000 100.000000 98.765432 97.500000 100.000000
mmu-mir-671 95.918367 100.000000 100.000000 95.918367 97.619048 98.979592 98.979592 98.979592 100.000000 98.979592 98.979592 100.000000 96.250000 100.000000
ppy-mir-671 93.220339 100.000000 97.468354 93.220339 98.809524 97.345133 100.000000 100.000000 98.979592 100.000000 100.000000 98.765432 97.500000 100.000000
ptr-mir-671 92.307692 100.000000 97.468354 92.307692 98.809524 97.345133 100.000000 100.000000 98.979592 100.000000 100.000000 98.765432 97.500000 100.000000
rno-mir-671 96.296296 100.000000 100.000000 96.296296 97.530864 98.765432 98.765432 98.765432 100.000000 98.765432 98.765432 100.000000 96.250000 100.000000
ssc-mir-671 100.000000 98.648649 94.936709 100.000000 98.750000 97.500000 97.500000 97.500000 96.250000 97.500000 97.500000 96.250000 100.000000 100.000000
tch-mir-671 100.000000 100.000000 100.000000 100.000000 100.000000 100.000000 100.000000 100.000000 100.000000 100.000000 100.000000 100.000000 100.000000 100.000000
