8
bta-mir-760 100.000000 94.444444 98.750000 98.750000 88.034188 97.500000 98.734177 97.500000
ggo-mir-760 94.444444 100.000000 100.000000 100.000000 93.518519 98.750000 100.000000 98.750000
hsa-mir-760 98.750000 100.000000 100.000000 100.000000 98.750000 98.750000 100.000000 98.750000
mml-mir-760 98.750000 100.000000 100.000000 100.000000 98.750000 98.750000 100.000000 98.750000
mmu-mir-760 88.034188 93.518519 98.750000 98.750000 100.000000 96.250000 98.734177 100.000000
ppy-mir-760 97.500000 98.750000 98.750000 98.750000 96.250000 100.000000 98.734177 96.250000
ptr-mir-760 98.734177 100.000000 100.000000 100.000000 98.734177 98.734177 100.000000 98.734177
rno-mir-760 97.500000 98.750000 98.750000 98.750000 100.000000 96.250000 98.734177 100.000000
