6
bta-mir-670 100.000000 91.919192 88.775510 89.887640 80.808081 88.764045
eca-mir-670 91.919192 100.000000 96.938776 96.629213 86.000000 95.505618
hsa-mir-670 88.775510 96.938776 100.000000 100.000000 86.734694 98.876404
mml-mir-670 89.887640 96.629213 100.000000 100.000000 91.011236 98.876404
mmu-mir-670 80.808081 86.000000 86.734694 91.011236 100.000000 89.887640
ptr-mir-670 88.764045 95.505618 98.876404 98.876404 89.887640 100.000000
