15
bta-mir-504 100.000000 98.795181 81.927711 100.000000 98.795181 96.202532 96.385542 96.385542 97.590361 92.405063 96.385542 96.341463 92.207792 97.500000 91.525424
cfa-mir-504 98.795181 100.000000 83.132530 98.795181 100.000000 97.468354 97.590361 97.590361 98.795181 93.670886 97.590361 97.560976 90.909091 98.750000 93.220339
cgr-mir-504 81.927711 83.132530 100.000000 82.978723 83.132530 81.012658 81.000000 83.132530 83.132530 86.075949 83.132530 82.926829 84.415584 83.750000 74.576271
chi-mir-504 100.000000 98.795181 82.978723 100.000000 98.795181 96.202532 93.617021 96.385542 97.590361 92.405063 96.385542 96.341463 92.207792 97.500000 91.525424
eca-mir-504 98.795181 100.000000 83.132530 98.795181 100.000000 97.468354 97.590361 97.590361 98.795181 93.670886 97.590361 97.560976 90.909091 98.750000 93.220339
efu-mir-504 96.202532 97.468354 81.012658 96.202532 97.468354 100.000000 94.936709 94.936709 96.202532 91.139241 94.936709 94.936709 88.311688 94.936709 94.915254
ggo-mir-504 96.385542 97.590361 81.000000 93.617021 97.590361 94.936709 100.000000 100.000000 98.795181 93.670886 100.000000 100.000000 90.909091 96.250000 89.830508
hsa-mir-504 96.385542 97.590361 83.132530 96.385542 97.590361 94.936709 100.000000 100.000000 98.795181 93.670886 100.000000 100.000000 90.909091 96.250000 89.830508
mml-mir-504 97.590361 98.795181 83.132530 97.590361 98.795181 96.202532 98.795181 98.795181 100.000000 93.670886 98.795181 98.780488 90.909091 97.500000 91.525424
mmu-mir-504 92.405063 93.670886 86.075949 92.405063 93.670886 91.139241 93.670886 93.670886 93.670886 100.000000 93.670886 93.670886 96.103896 92.405063 88.135593
ppy-mir-504 96.385542 97.590361 83.132530 96.385542 97.590361 94.936709 100.000000 100.000000 98.795181 93.670886 100.000000 100.000000 90.909091 96.250000 89.830508
ptr-mir-504 96.341463 97.560976 82.926829 96.341463 97.560976 94.936709 100.000000 100.000000 98.780488 93.670886 100.000000 100.000000 90.909091 95.000000 89.830508
rno-mir-504 92.207792 90.909091 84.415584 92.207792 90.909091 88.311688 90.909091 90.909091 90.909091 96.103896 90.909091 90.909091 100.000000 89.610390 83.050847
ssc-mir-504 97.500000 98.750000 83.750000 97.500000 98.750000 94.936709 96.250000 96.250000 97.500000 92.405063 96.250000 95.000000 89.610390 100.000000 93.220339
tch-mir-504 91.525424 93.220339 74.576271 91.525424 93.220339 94.915254 89.830508 89.830508 91.525424 88.135593 89.830508 89.830508 83.050847 93.220339 100.000000
