10
bta-mir-488 100.000000 95.180723 96.385542 93.750000 93.975904 95.180723 94.791667 95.180723 92.682927 92.405063
cfa-mir-488 95.180723 100.000000 98.795181 96.385542 96.385542 97.590361 93.975904 97.590361 97.560976 91.139241
eca-mir-488 96.385542 98.795181 100.000000 97.590361 97.590361 98.795181 95.180723 98.795181 96.341463 92.405063
ggo-mir-488 93.750000 96.385542 97.590361 100.000000 100.000000 98.795181 82.568807 98.795181 98.780488 92.405063
hsa-mir-488 93.975904 96.385542 97.590361 100.000000 100.000000 98.795181 92.771084 98.795181 98.780488 92.405063
mml-mir-488 95.180723 97.590361 98.795181 98.795181 98.795181 100.000000 93.975904 100.000000 97.560976 91.139241
mmu-mir-488 94.791667 93.975904 95.180723 82.568807 92.771084 93.975904 100.000000 93.975904 91.463415 93.670886
ppy-mir-488 95.180723 97.590361 98.795181 98.795181 98.795181 100.000000 93.975904 100.000000 97.560976 91.139241
ptr-mir-488 92.682927 97.560976 96.341463 98.780488 98.780488 97.560976 91.463415 97.560976 100.000000 91.139241
rno-mir-488 92.405063 91.139241 92.405063 92.405063 92.405063 91.139241 93.670886 91.139241 91.139241 100.000000
