9
eca-mir-337 100.000000 81.481481 82.608696 84.782609 84.782609 71.739130 84.782609 83.695652 71.739130
efu-mir-337 81.481481 100.000000 92.592593 92.592593 92.592593 80.246914 92.592593 92.592593 80.246914
ggo-mir-337 82.608696 92.592593 100.000000 97.849462 97.849462 79.381443 97.849462 98.913043 80.412371
hsa-mir-337 84.782609 92.592593 97.849462 100.000000 100.000000 84.946237 100.000000 100.000000 86.021505
mml-mir-337 84.782609 92.592593 97.849462 100.000000 100.000000 84.946237 100.000000 100.000000 86.021505
mmu-mir-337 71.739130 80.246914 79.381443 84.946237 84.946237 100.000000 84.946237 84.782609 98.969072
ppy-mir-337 84.782609 92.592593 97.849462 100.000000 100.000000 84.946237 100.000000 100.000000 86.021505
ptr-mir-337 83.695652 92.592593 98.913043 100.000000 100.000000 84.782609 100.000000 100.000000 85.869565
rno-mir-337 71.739130 80.246914 80.412371 86.021505 86.021505 98.969072 86.021505 85.869565 100.000000
