9
bta-mir-599 100.000000 96.842105 96.842105 91.566265 96.842105 88.636364 68.965517 96.842105 96.808511
cfa-mir-599 96.842105 100.000000 97.894737 93.975904 97.894737 86.363636 70.114943 97.894737 97.872340
hsa-mir-599 96.842105 97.894737 100.000000 92.771084 100.000000 85.227273 70.114943 100.000000 100.000000
mdo-mir-599 91.566265 93.975904 92.771084 100.000000 92.771084 81.927711 68.674699 92.771084 92.771084
mml-mir-599 96.842105 97.894737 100.000000 92.771084 100.000000 85.227273 70.114943 100.000000 100.000000
mmu-mir-599 88.636364 86.363636 85.227273 81.927711 85.227273 100.000000 60.919540 85.227273 84.090909
oha-mir-599 68.965517 70.114943 70.114943 68.674699 70.114943 60.919540 100.000000 70.114943 70.114943
ppy-mir-599 96.842105 97.894737 100.000000 92.771084 100.000000 85.227273 70.114943 100.000000 100.000000
ptr-mir-599 96.808511 97.872340 100.000000 92.771084 100.000000 84.090909 70.114943 100.000000 100.000000
