10
bta-mir-1296 100.000000 97.802198 100.000000 96.703297 96.703297 96.703297 96.703297 96.703297 95.604396 97.647059
cfa-mir-1296 97.802198 100.000000 98.113208 96.739130 94.642857 96.739130 95.535714 96.739130 96.703297 97.647059
chi-mir-1296 100.000000 98.113208 100.000000 95.652174 95.283019 95.652174 96.226415 95.652174 95.604396 97.647059
eca-mir-1296 96.703297 96.739130 95.652174 100.000000 97.826087 97.826087 97.826087 97.826087 97.802198 96.470588
ggo-mir-1296 96.703297 94.642857 95.283019 97.826087 100.000000 100.000000 99.107143 100.000000 100.000000 96.470588
hsa-mir-1296 96.703297 96.739130 95.652174 97.826087 100.000000 100.000000 100.000000 100.000000 100.000000 96.470588
mml-mir-1296 96.703297 95.535714 96.226415 97.826087 99.107143 100.000000 100.000000 100.000000 100.000000 96.470588
ppy-mir-1296 96.703297 96.739130 95.652174 97.826087 100.000000 100.000000 100.000000 100.000000 100.000000 96.470588
ptr-mir-1296 95.604396 96.703297 95.604396 97.802198 100.000000 100.000000 100.000000 100.000000 100.000000 96.470588
ssc-mir-1296 97.647059 97.647059 97.647059 96.470588 96.470588 96.470588 96.470588 96.470588 96.470588 100.000000
