24
bfl-mir-96  100.000000 37.623762 40.449438 37.623762 42.574257 41.025641 41.584158 41.025641 41.025641 35.643564 39.175258 41.025641 42.574257 40.594059 43.478261 39.506173 41.025641 41.025641 41.025641 38.613861 41.573034 41.176471 44.871795 46.666667
bta-mir-96  37.623762 100.000000 97.752809 99.029126 64.077670 98.717949 68.627451 98.717949 98.717949 38.613861 89.690722 98.717949 93.203883 82.524272 71.739130 51.851852 98.717949 98.717949 98.717949 95.145631 39.325843 90.588235 75.641026 81.333333
cfa-mir-96  40.449438 97.752809 100.000000 97.752809 71.910112 100.000000 77.528090 100.000000 100.000000 44.943820 91.011236 100.000000 97.752809 93.258427 73.033708 50.617284 100.000000 100.000000 100.000000 100.000000 35.955056 94.117647 78.205128 80.000000
chi-mir-96  37.623762 99.029126 97.752809 100.000000 64.077670 98.717949 68.627451 98.717949 98.717949 38.613861 88.659794 98.717949 94.174757 81.553398 71.739130 51.851852 98.717949 98.717949 98.717949 96.116505 39.325843 90.588235 75.641026 81.333333
dre-mir-96  42.574257 64.077670 71.910112 64.077670 100.000000 71.794872 83.333333 71.794872 71.794872 41.584158 72.164948 71.794872 62.264151 66.972477 79.347826 58.024691 71.794872 71.794872 71.794872 61.320755 34.831461 69.411765 88.461538 92.000000
eca-mir-96  41.025641 98.717949 100.000000 98.717949 71.794872 100.000000 78.205128 100.000000 100.000000 46.153846 93.589744 100.000000 97.435897 93.589744 75.641026 52.564103 100.000000 100.000000 100.000000 100.000000 39.743590 97.435897 78.205128 80.000000
fru-mir-96  41.584158 68.627451 77.528090 68.627451 83.333333 78.205128 100.000000 78.205128 78.205128 41.584158 77.319588 78.205128 69.607843 72.549020 80.434783 58.024691 78.205128 78.205128 78.205128 68.627451 31.460674 75.294118 96.153846 90.666667
ggo-mir-96  41.025641 98.717949 100.000000 98.717949 71.794872 100.000000 78.205128 100.000000 100.000000 46.153846 93.589744 100.000000 97.435897 93.589744 75.641026 52.564103 100.000000 100.000000 100.000000 100.000000 39.743590 97.435897 78.205128 80.000000
hsa-mir-96  41.025641 98.717949 100.000000 98.717949 71.794872 100.000000 78.205128 100.000000 100.000000 46.153846 93.589744 100.000000 97.435897 93.589744 75.641026 52.564103 100.000000 100.000000 100.000000 100.000000 39.743590 97.435897 78.205128 80.000000
isc-mir-96  35.643564 38.613861 44.943820 38.613861 41.584158 46.153846 41.584158 46.153846 46.153846 100.000000 43.298969 46.153846 44.554455 43.564356 45.652174 41.975309 46.153846 46.153846 46.153846 43.564356 33.707865 43.529412 50.000000 46.666667
mdo-mir-96  39.175258 89.690722 91.011236 88.659794 72.164948 93.589744 77.319588 93.589744 93.589744 43.298969 100.000000 93.589744 86.597938 92.783505 75.000000 55.555556 93.589744 93.589744 93.589744 86.597938 38.202247 85.882353 80.769231 81.333333
mml-mir-96  41.025641 98.717949 100.000000 98.717949 71.794872 100.000000 78.205128 100.000000 100.000000 46.153846 93.589744 100.000000 97.435897 93.589744 75.641026 52.564103 100.000000 100.000000 100.000000 100.000000 39.743590 97.435897 78.205128 80.000000
mmu-mir-96  42.574257 93.203883 97.752809 94.174757 62.264151 97.435897 69.607843 97.435897 97.435897 44.554455 86.597938 97.435897 100.000000 79.245283 71.739130 50.617284 97.435897 97.435897 97.435897 98.113208 35.955056 91.764706 79.487179 81.333333
oan-mir-96  40.594059 82.524272 93.258427 81.553398 66.972477 93.589744 72.549020 93.589744 93.589744 43.564356 92.783505 93.589744 79.245283 100.000000 76.086957 51.851852 93.589744 93.589744 93.589744 79.245283 37.078652 85.882353 78.205128 84.000000
oha-mir-96  43.478261 71.739130 73.033708 71.739130 79.347826 75.641026 80.434783 75.641026 75.641026 45.652174 75.000000 75.641026 71.739130 76.086957 100.000000 58.024691 75.641026 75.641026 75.641026 70.652174 35.955056 71.764706 80.769231 82.666667
pma-mir-96a 39.506173 51.851852 50.617284 51.851852 58.024691 52.564103 58.024691 52.564103 52.564103 41.975309 55.555556 52.564103 50.617284 51.851852 58.024691 100.000000 52.564103 52.564103 52.564103 50.617284 33.333333 51.851852 60.256410 60.000000
ppa-mir-96  41.025641 98.717949 100.000000 98.717949 71.794872 100.000000 78.205128 100.000000 100.000000 46.153846 93.589744 100.000000 97.435897 93.589744 75.641026 52.564103 100.000000 100.000000 100.000000 100.000000 39.743590 97.435897 78.205128 80.000000
ppy-mir-96  41.025641 98.717949 100.000000 98.717949 71.794872 100.000000 78.205128 100.000000 100.000000 46.153846 93.589744 100.000000 97.435897 93.589744 75.641026 52.564103 100.000000 100.000000 100.000000 100.000000 39.743590 97.435897 78.205128 80.000000
ptr-mir-96  41.025641 98.717949 100.000000 98.717949 71.794872 100.000000 78.205128 100.000000 100.000000 46.153846 93.589744 100.000000 97.435897 93.589744 75.641026 52.564103 100.000000 100.000000 100.000000 100.000000 39.743590 97.435897 78.205128 80.000000
rno-mir-96  38.613861 95.145631 100.000000 96.116505 61.320755 100.000000 68.627451 100.000000 100.000000 43.564356 86.597938 100.000000 98.113208 79.245283 70.652174 50.617284 100.000000 100.000000 100.000000 100.000000 35.955056 94.117647 78.205128 80.000000
spu-mir-96  41.573034 39.325843 35.955056 39.325843 34.831461 39.743590 31.460674 39.743590 39.743590 33.707865 38.202247 39.743590 35.955056 37.078652 35.955056 33.333333 39.743590 39.743590 39.743590 35.955056 100.000000 36.470588 38.461538 38.666667
ssc-mir-96  41.176471 90.588235 94.117647 90.588235 69.411765 97.435897 75.294118 97.435897 97.435897 43.529412 85.882353 97.435897 91.764706 85.882353 71.764706 51.851852 97.435897 97.435897 97.435897 94.117647 36.470588 100.000000 79.487179 81.333333
tni-mir-96  44.871795 75.641026 78.205128 75.641026 88.461538 78.205128 96.153846 78.205128 78.205128 50.000000 80.769231 78.205128 79.487179 78.205128 80.769231 60.256410 78.205128 78.205128 78.205128 78.205128 38.461538 79.487179 100.000000 92.000000
xtr-mir-96  46.666667 81.333333 80.000000 81.333333 92.000000 80.000000 90.666667 80.000000 80.000000 46.666667 81.333333 80.000000 81.333333 84.000000 82.666667 60.000000 80.000000 80.000000 80.000000 80.000000 38.666667 81.333333 92.000000 100.000000
