33
aca-mir-205a 100.000000 63.513514 86.956522 86.956522 76.000000 60.000000 88.405797 85.333333 69.333333 94.666667 68.000000 86.666667 86.666667 93.055556 86.666667 80.882353 92.000000 90.666667 63.513514 68.000000 52.000000 52.702703 86.666667 86.666667 86.666667 77.333333 93.333333 89.855072 60.000000 68.181818 90.666667 92.000000 56.944444
aca-mir-205b 63.513514 100.000000 66.666667 66.666667 60.810811 45.945946 66.666667 64.864865 51.351351 66.216216 79.729730 66.216216 66.216216 63.888889 66.216216 61.764706 63.513514 63.513514 82.432432 56.756757 48.648649 60.810811 66.216216 66.216216 66.216216 60.810811 62.162162 68.115942 79.729730 57.575758 63.513514 64.864865 52.777778
bta-mir-205  86.956522 66.666667 100.000000 100.000000 84.057971 68.115942 98.550725 97.101449 68.115942 92.753623 72.463768 98.550725 98.550725 82.608696 98.550725 85.294118 89.855072 88.405797 63.768116 69.565217 53.623188 62.318841 98.550725 98.550725 98.550725 82.608696 85.507246 97.101449 65.217391 69.696970 85.507246 86.956522 62.318841
cfa-mir-205  86.956522 66.666667 100.000000 100.000000 84.057971 68.115942 98.550725 97.101449 68.115942 92.753623 72.463768 98.550725 98.550725 82.608696 98.550725 85.294118 89.855072 88.405797 63.768116 69.565217 53.623188 62.318841 98.550725 98.550725 98.550725 82.608696 85.507246 97.101449 65.217391 69.696970 85.507246 86.956522 62.318841
cgr-mir-205  76.000000 60.810811 84.057971 84.057971 100.000000 61.250000 86.956522 81.012658 60.759494 78.750000 62.500000 85.000000 85.000000 79.166667 85.000000 100.000000 76.250000 78.750000 59.459459 63.291139 48.000000 54.054054 85.000000 85.000000 85.000000 96.250000 78.750000 88.405797 56.250000 68.181818 77.500000 78.750000 54.166667
dre-mir-205  60.000000 45.945946 68.115942 68.115942 61.250000 100.000000 65.217391 64.556962 82.278481 57.303371 43.820225 58.426966 58.426966 63.888889 58.426966 64.705882 57.303371 57.303371 48.648649 74.683544 46.666667 41.891892 58.426966 58.426966 58.426966 59.550562 57.303371 63.768116 38.271605 83.333333 53.488372 55.813953 54.166667
eca-mir-205  88.405797 66.666667 98.550725 98.550725 86.956522 65.217391 100.000000 98.550725 66.666667 91.304348 72.463768 100.000000 100.000000 84.057971 100.000000 88.235294 88.405797 89.855072 63.768116 68.115942 53.623188 62.318841 100.000000 100.000000 100.000000 85.507246 86.956522 98.550725 65.217391 66.666667 86.956522 88.405797 62.318841
efu-mir-205  85.333333 64.864865 97.101449 97.101449 81.012658 64.556962 98.550725 100.000000 64.556962 87.341772 64.556962 96.202532 96.202532 86.111111 96.202532 85.294118 91.139241 86.075949 63.513514 64.556962 53.333333 59.459459 96.202532 96.202532 96.202532 79.746835 87.341772 97.101449 58.227848 66.666667 81.012658 82.278481 59.722222
fru-mir-205  69.333333 51.351351 68.115942 68.115942 60.759494 82.278481 66.666667 64.556962 100.000000 72.151899 53.164557 64.556962 64.556962 73.611111 64.556962 63.235294 67.088608 65.822785 50.000000 88.607595 46.666667 45.945946 64.556962 64.556962 64.556962 63.291139 68.354430 65.217391 48.101266 95.454545 64.556962 67.088608 56.944444
gga-mir-205a 94.666667 66.216216 92.753623 92.753623 78.750000 57.303371 91.304348 87.341772 72.151899 100.000000 58.333333 84.375000 84.375000 91.666667 82.291667 82.352941 88.541667 85.869565 64.864865 69.620253 52.000000 58.108108 84.375000 84.375000 84.375000 81.250000 83.333333 92.753623 59.259259 72.727273 87.209302 88.372093 59.722222
gga-mir-205b 68.000000 79.729730 72.463768 72.463768 62.500000 43.820225 72.463768 64.556962 53.164557 58.333333 100.000000 57.142857 57.142857 63.888889 55.102041 67.647059 57.142857 59.782609 77.027027 54.430380 56.000000 62.162162 57.142857 57.142857 57.142857 54.081633 54.081633 73.913043 91.358025 60.606061 62.790698 63.953488 62.500000
ggo-mir-205  86.666667 66.216216 98.550725 98.550725 85.000000 58.426966 100.000000 96.202532 64.556962 84.375000 57.142857 100.000000 100.000000 87.500000 98.181818 88.235294 78.703704 80.434783 64.864865 64.556962 53.333333 58.108108 100.000000 100.000000 100.000000 78.703704 76.363636 98.550725 55.555556 66.666667 79.069767 80.232558 59.722222
hsa-mir-205  86.666667 66.216216 98.550725 98.550725 85.000000 58.426966 100.000000 96.202532 64.556962 84.375000 57.142857 100.000000 100.000000 87.500000 98.181818 88.235294 78.703704 80.434783 64.864865 64.556962 53.333333 58.108108 100.000000 100.000000 100.000000 78.703704 76.363636 98.550725 55.555556 66.666667 79.069767 80.232558 59.722222
mdo-mir-205a 93.055556 63.888889 82.608696 82.608696 79.166667 63.888889 84.057971 86.111111 73.611111 91.666667 63.888889 87.500000 87.500000 100.000000 87.500000 76.470588 93.055556 86.111111 65.277778 73.611111 47.222222 48.611111 87.500000 87.500000 87.500000 76.388889 98.611111 85.507246 58.333333 69.696970 91.666667 93.055556 51.388889
mml-mir-205  86.666667 66.216216 98.550725 98.550725 85.000000 58.426966 100.000000 96.202532 64.556962 82.291667 55.102041 98.181818 98.181818 87.500000 100.000000 88.235294 76.851852 80.434783 64.864865 64.556962 53.333333 58.108108 98.181818 99.082569 98.181818 75.925926 75.454545 98.550725 55.555556 66.666667 79.069767 80.232558 59.722222
mmu-mir-205  80.882353 61.764706 85.294118 85.294118 100.000000 64.705882 88.235294 85.294118 63.235294 82.352941 67.647059 88.235294 88.235294 76.470588 88.235294 100.000000 77.941176 79.411765 58.823529 67.647059 52.941176 58.823529 88.235294 88.235294 88.235294 98.529412 80.882353 89.705882 63.235294 68.181818 77.941176 79.411765 57.352941
oan-mir-205  92.000000 63.513514 89.855072 89.855072 76.250000 57.303371 88.405797 91.139241 67.088608 88.541667 57.142857 78.703704 78.703704 93.055556 76.851852 77.941176 100.000000 85.869565 64.864865 65.822785 52.000000 58.108108 78.703704 78.703704 78.703704 63.888889 84.259259 89.855072 56.790123 71.212121 82.558140 83.720930 58.333333
oha-mir-205a 90.666667 63.513514 88.405797 88.405797 78.750000 57.303371 89.855072 86.075949 65.822785 85.869565 59.782609 80.434783 80.434783 86.111111 80.434783 79.411765 85.869565 100.000000 66.216216 64.556962 56.000000 59.459459 80.434783 80.434783 80.434783 70.652174 82.608696 88.405797 56.790123 65.151515 77.906977 80.232558 63.888889
oha-mir-205b 63.513514 82.432432 63.768116 63.768116 59.459459 48.648649 63.768116 63.513514 50.000000 64.864865 77.027027 64.864865 64.864865 65.277778 64.864865 58.823529 64.864865 66.216216 100.000000 55.405405 48.648649 59.459459 64.864865 64.864865 64.864865 59.459459 63.513514 65.217391 74.324324 51.515152 64.864865 66.216216 54.166667
ola-mir-205  68.000000 56.756757 69.565217 69.565217 63.291139 74.683544 68.115942 64.556962 88.607595 69.620253 54.430380 64.556962 64.556962 73.611111 64.556962 67.647059 65.822785 64.556962 55.405405 100.000000 48.000000 51.351351 64.556962 64.556962 64.556962 64.556962 67.088608 66.666667 50.632911 86.363636 63.291139 65.822785 59.722222
pma-mir-205a 52.000000 48.648649 53.623188 53.623188 48.000000 46.666667 53.623188 53.333333 46.666667 52.000000 56.000000 53.333333 53.333333 47.222222 53.333333 52.941176 52.000000 56.000000 48.648649 48.000000 100.000000 47.297297 53.333333 53.333333 53.333333 48.000000 50.666667 52.173913 49.333333 56.060606 45.333333 48.000000 45.833333
pma-mir-205b 52.702703 60.810811 62.318841 62.318841 54.054054 41.891892 62.318841 59.459459 45.945946 58.108108 62.162162 58.108108 58.108108 48.611111 58.108108 58.823529 58.108108 59.459459 59.459459 51.351351 47.297297 100.000000 58.108108 58.108108 58.108108 52.702703 50.000000 60.869565 59.459459 51.515152 52.702703 52.702703 52.777778
ppa-mir-205  86.666667 66.216216 98.550725 98.550725 85.000000 58.426966 100.000000 96.202532 64.556962 84.375000 57.142857 100.000000 100.000000 87.500000 98.181818 88.235294 78.703704 80.434783 64.864865 64.556962 53.333333 58.108108 100.000000 100.000000 100.000000 78.703704 76.363636 98.550725 55.555556 66.666667 79.069767 80.232558 59.722222
ppy-mir-205  86.666667 66.216216 98.550725 98.550725 85.000000 58.426966 100.000000 96.202532 64.556962 84.375000 57.142857 100.000000 100.000000 87.500000 99.082569 88.235294 78.703704 80.434783 64.864865 64.556962 53.333333 58.108108 100.000000 100.000000 100.000000 76.851852 77.064220 98.550725 55.555556 66.666667 79.069767 80.232558 59.722222
ptr-mir-205  86.666667 66.216216 98.550725 98.550725 85.000000 58.426966 100.000000 96.202532 64.556962 84.375000 57.142857 100.000000 100.000000 87.500000 98.181818 88.235294 78.703704 80.434783 64.864865 64.556962 53.333333 58.108108 100.000000 100.000000 100.000000 78.703704 76.363636 98.550725 55.555556 66.666667 79.069767 80.232558 59.722222
rno-mir-205  77.333333 60.810811 82.608696 82.608696 96.250000 59.550562 85.507246 79.746835 63.291139 81.250000 54.081633 78.703704 78.703704 76.388889 75.925926 98.529412 63.888889 70.652174 59.459459 64.556962 48.000000 52.702703 78.703704 76.851852 78.703704 100.000000 68.518519 86.956522 55.555556 68.181818 77.906977 79.069767 55.555556
sha-mir-205  93.333333 62.162162 85.507246 85.507246 78.750000 57.303371 86.956522 87.341772 68.354430 83.333333 54.081633 76.363636 76.363636 98.611111 75.454545 80.882353 84.259259 82.608696 63.513514 67.088608 50.666667 50.000000 76.363636 77.064220 76.363636 68.518519 100.000000 89.855072 56.790123 69.696970 80.232558 81.395349 54.166667
ssc-mir-205  89.855072 68.115942 97.101449 97.101449 88.405797 63.768116 98.550725 97.101449 65.217391 92.753623 73.913043 98.550725 98.550725 85.507246 98.550725 89.705882 89.855072 88.405797 65.217391 66.666667 52.173913 60.869565 98.550725 98.550725 98.550725 86.956522 89.855072 100.000000 66.666667 65.151515 88.405797 89.855072 60.869565
tgu-mir-205  60.000000 79.729730 65.217391 65.217391 56.250000 38.271605 65.217391 58.227848 48.101266 59.259259 91.358025 55.555556 55.555556 58.333333 55.555556 63.235294 56.790123 56.790123 74.324324 50.632911 49.333333 59.459459 55.555556 55.555556 55.555556 55.555556 56.790123 66.666667 100.000000 56.060606 56.790123 58.024691 56.944444
tni-mir-205  68.181818 57.575758 69.696970 69.696970 68.181818 83.333333 66.666667 66.666667 95.454545 72.727273 60.606061 66.666667 66.666667 69.696970 66.666667 68.181818 71.212121 65.151515 51.515152 86.363636 56.060606 51.515152 66.666667 66.666667 66.666667 68.181818 69.696970 65.151515 56.060606 100.000000 65.151515 68.181818 54.545455
xla-mir-205  90.666667 63.513514 85.507246 85.507246 77.500000 53.488372 86.956522 81.012658 64.556962 87.209302 62.790698 79.069767 79.069767 91.666667 79.069767 77.941176 82.558140 77.906977 64.864865 63.291139 45.333333 52.702703 79.069767 79.069767 79.069767 77.906977 80.232558 88.405797 56.790123 65.151515 100.000000 98.837209 56.944444
xtr-mir-205a 92.000000 64.864865 86.956522 86.956522 78.750000 55.813953 88.405797 82.278481 67.088608 88.372093 63.953488 80.232558 80.232558 93.055556 80.232558 79.411765 83.720930 80.232558 66.216216 65.822785 48.000000 52.702703 80.232558 80.232558 80.232558 79.069767 81.395349 89.855072 58.024691 68.181818 98.837209 100.000000 59.722222
xtr-mir-205b 56.944444 52.777778 62.318841 62.318841 54.166667 54.166667 62.318841 59.722222 56.944444 59.722222 62.500000 59.722222 59.722222 51.388889 59.722222 57.352941 58.333333 63.888889 54.166667 59.722222 45.833333 52.777778 59.722222 59.722222 59.722222 55.555556 54.166667 60.869565 56.944444 54.545455 56.944444 59.722222 100.000000
