14
bta-mir-652 100.000000 98.412698 96.250000 98.979592 97.590361 98.979592 98.979592 97.959184 89.795918 98.936170 98.969072 96.296296 98.795181 96.825397
cfa-mir-652 98.412698 100.000000 98.412698 100.000000 98.412698 100.000000 100.000000 100.000000 96.825397 100.000000 100.000000 98.412698 100.000000 98.412698
cgr-mir-652 96.250000 98.412698 100.000000 98.750000 97.500000 98.750000 98.750000 98.750000 93.750000 98.750000 98.750000 96.250000 98.750000 96.825397
eca-mir-652 98.979592 100.000000 98.750000 100.000000 98.795181 100.000000 100.000000 98.979592 90.816327 100.000000 100.000000 97.530864 100.000000 98.412698
efu-mir-652 97.590361 98.412698 97.500000 98.795181 100.000000 98.795181 98.795181 98.795181 90.361446 98.795181 98.795181 95.061728 98.795181 96.825397
ggo-mir-652 98.979592 100.000000 98.750000 100.000000 98.795181 100.000000 100.000000 98.979592 90.816327 100.000000 100.000000 97.530864 100.000000 98.412698
hsa-mir-652 98.979592 100.000000 98.750000 100.000000 98.795181 100.000000 100.000000 98.979592 90.816327 100.000000 100.000000 97.530864 100.000000 98.412698
mml-mir-652 97.959184 100.000000 98.750000 98.979592 98.795181 98.979592 98.979592 100.000000 89.795918 98.936170 98.969072 97.530864 100.000000 98.412698
mmu-mir-652 89.795918 96.825397 93.750000 90.816327 90.361446 90.816327 90.816327 89.795918 100.000000 91.489362 91.752577 96.296296 92.771084 95.238095
ppy-mir-652 98.936170 100.000000 98.750000 100.000000 98.795181 100.000000 100.000000 98.936170 91.489362 100.000000 100.000000 97.530864 100.000000 98.412698
ptr-mir-652 98.969072 100.000000 98.750000 100.000000 98.795181 100.000000 100.000000 98.969072 91.752577 100.000000 100.000000 97.530864 100.000000 98.412698
rno-mir-652 96.296296 98.412698 96.250000 97.530864 95.061728 97.530864 97.530864 97.530864 96.296296 97.530864 97.530864 100.000000 97.530864 96.825397
ssc-mir-652 98.795181 100.000000 98.750000 100.000000 98.795181 100.000000 100.000000 100.000000 92.771084 100.000000 100.000000 97.530864 100.000000 98.412698
tch-mir-652 96.825397 98.412698 96.825397 98.412698 96.825397 98.412698 98.412698 98.412698 95.238095 98.412698 98.412698 96.825397 98.412698 100.000000
