24
aca-mir-191  100.000000 76.666667 81.250000 80.722892 76.666667 82.432432 46.666667 77.906977 75.555556 75.555556 82.432432 75.555556 83.783784 75.555556 76.666667 77.777778 70.930233 75.555556 75.555556 77.777778 48.888889 80.000000 81.250000 48.837209
bta-mir-191  76.666667 100.000000 100.000000 98.795181 100.000000 100.000000 49.450549 100.000000 98.901099 98.901099 97.297297 98.901099 98.648649 91.208791 100.000000 98.901099 63.953488 98.901099 97.802198 98.901099 52.747253 97.500000 100.000000 55.813953
cfa-mir-191  81.250000 100.000000 100.000000 98.437500 100.000000 100.000000 45.312500 100.000000 98.437500 98.437500 96.875000 98.437500 98.437500 96.875000 100.000000 100.000000 65.625000 98.437500 98.437500 98.437500 45.312500 98.437500 100.000000 59.375000
cgr-mir-191  80.722892 98.795181 98.437500 100.000000 98.795181 98.648649 46.987952 98.795181 97.590361 97.590361 95.945946 97.590361 97.297297 93.975904 98.795181 97.590361 63.855422 97.590361 97.590361 97.590361 49.397590 96.250000 98.437500 51.807229
chi-mir-191  76.666667 100.000000 100.000000 98.795181 100.000000 100.000000 43.269231 100.000000 98.076923 97.826087 97.297297 97.826087 98.648649 84.615385 100.000000 97.826087 63.953488 97.826087 97.802198 98.901099 48.076923 97.500000 100.000000 55.813953
eca-mir-191a 82.432432 100.000000 100.000000 98.648649 100.000000 100.000000 48.648649 100.000000 98.648649 98.648649 97.297297 98.648649 98.648649 95.945946 100.000000 100.000000 66.216216 98.648649 98.648649 98.648649 48.648649 98.648649 100.000000 51.351351
eca-mir-191b 46.666667 49.450549 45.312500 46.987952 43.269231 48.648649 100.000000 47.674419 38.938053 47.826087 48.648649 47.826087 48.648649 40.350877 49.450549 48.913043 45.348837 47.826087 48.351648 49.450549 89.075630 47.500000 45.312500 34.883721
efu-mir-191  77.906977 100.000000 100.000000 98.795181 100.000000 100.000000 47.674419 100.000000 98.837209 98.837209 97.297297 98.837209 98.648649 93.023256 100.000000 98.837209 62.790698 98.837209 98.837209 98.837209 51.162791 97.500000 100.000000 51.162791
ggo-mir-191  75.555556 98.901099 98.437500 97.590361 98.076923 98.648649 38.938053 98.837209 100.000000 100.000000 95.945946 100.000000 97.297297 78.761062 98.901099 97.826087 62.790698 100.000000 100.000000 97.802198 45.132743 96.250000 98.437500 53.488372
hsa-mir-191  75.555556 98.901099 98.437500 97.590361 97.826087 98.648649 47.826087 98.837209 100.000000 100.000000 95.945946 100.000000 97.297297 89.130435 98.901099 97.826087 62.790698 100.000000 100.000000 97.802198 51.086957 96.250000 98.437500 53.488372
mdo-mir-191  82.432432 97.297297 96.875000 95.945946 97.297297 97.297297 48.648649 97.297297 95.945946 95.945946 100.000000 95.945946 98.648649 97.297297 97.297297 97.297297 66.216216 95.945946 95.945946 98.648649 48.648649 98.648649 96.875000 52.702703
mml-mir-191  75.555556 98.901099 98.437500 97.590361 97.826087 98.648649 47.826087 98.837209 100.000000 100.000000 95.945946 100.000000 97.297297 89.130435 98.901099 97.826087 62.790698 100.000000 100.000000 97.802198 51.086957 96.250000 98.437500 53.488372
mmu-mir-191  83.783784 98.648649 98.437500 97.297297 98.648649 98.648649 48.648649 98.648649 97.297297 97.297297 98.648649 97.297297 100.000000 97.297297 98.648649 98.648649 67.567568 97.297297 97.297297 100.000000 48.648649 100.000000 98.437500 52.702703
oan-mir-191  75.555556 91.208791 96.875000 93.975904 84.615385 95.945946 40.350877 93.023256 78.761062 89.130435 97.297297 89.130435 97.297297 100.000000 91.208791 90.217391 59.302326 89.130435 90.109890 92.307692 41.228070 95.000000 96.875000 52.325581
oar-mir-191  76.666667 100.000000 100.000000 98.795181 100.000000 100.000000 49.450549 100.000000 98.901099 98.901099 97.297297 98.901099 98.648649 91.208791 100.000000 98.901099 63.953488 98.901099 97.802198 98.901099 52.747253 97.500000 100.000000 55.813953
ocu-mir-191  77.777778 98.901099 100.000000 97.590361 97.826087 100.000000 48.913043 98.837209 97.826087 97.826087 97.297297 97.826087 98.648649 90.217391 98.901099 100.000000 61.627907 97.826087 97.802198 97.802198 52.173913 96.250000 100.000000 52.325581
oha-mir-191  70.930233 63.953488 65.625000 63.855422 63.953488 66.216216 45.348837 62.790698 62.790698 62.790698 66.216216 62.790698 67.567568 59.302326 63.953488 61.627907 100.000000 62.790698 62.790698 65.116279 45.348837 65.000000 65.625000 58.139535
ppy-mir-191  75.555556 98.901099 98.437500 97.590361 97.826087 98.648649 47.826087 98.837209 100.000000 100.000000 95.945946 100.000000 97.297297 89.130435 98.901099 97.826087 62.790698 100.000000 100.000000 97.802198 51.086957 96.250000 98.437500 53.488372
ptr-mir-191  75.555556 97.802198 98.437500 97.590361 97.802198 98.648649 48.351648 98.837209 100.000000 100.000000 95.945946 100.000000 97.297297 90.109890 97.802198 97.802198 62.790698 100.000000 100.000000 96.703297 51.648352 96.250000 98.437500 53.488372
rno-mir-191a 77.777778 98.901099 98.437500 97.590361 98.901099 98.648649 49.450549 98.837209 97.802198 97.802198 98.648649 97.802198 100.000000 92.307692 98.901099 97.802198 65.116279 97.802198 96.703297 100.000000 52.747253 98.750000 98.437500 56.976744
rno-mir-191b 48.888889 52.747253 45.312500 49.397590 48.076923 48.648649 89.075630 51.162791 45.132743 51.086957 48.648649 51.086957 48.648649 41.228070 52.747253 52.173913 45.348837 51.086957 51.648352 52.747253 100.000000 47.500000 45.312500 36.046512
ssc-mir-191  80.000000 97.500000 98.437500 96.250000 97.500000 98.648649 47.500000 97.500000 96.250000 96.250000 98.648649 96.250000 100.000000 95.000000 97.500000 96.250000 65.000000 96.250000 96.250000 98.750000 47.500000 100.000000 98.437500 52.500000
tch-mir-191  81.250000 100.000000 100.000000 98.437500 100.000000 100.000000 45.312500 100.000000 98.437500 98.437500 96.875000 98.437500 98.437500 96.875000 100.000000 100.000000 65.625000 98.437500 98.437500 98.437500 45.312500 98.437500 100.000000 59.375000
xtr-mir-191  48.837209 55.813953 59.375000 51.807229 55.813953 51.351351 34.883721 51.162791 53.488372 53.488372 52.702703 53.488372 52.702703 52.325581 55.813953 52.325581 58.139535 53.488372 53.488372 56.976744 36.046512 52.500000 59.375000 100.000000
