9
bta-mir-665 100.000000 61.764706 100.000000 91.666667 91.666667 75.000000 100.000000 91.549296 75.000000
cfa-mir-665 61.764706 100.000000 64.705882 70.588235 70.588235 51.470588 64.705882 67.647059 47.058824
chi-mir-665 100.000000 64.705882 100.000000 91.666667 91.666667 72.340426 100.000000 91.549296 72.340426
hsa-mir-665 91.666667 70.588235 91.666667 100.000000 100.000000 80.555556 91.666667 97.183099 80.555556
mml-mir-665 91.666667 70.588235 91.666667 100.000000 100.000000 80.555556 91.666667 97.183099 80.555556
mmu-mir-665 75.000000 51.470588 72.340426 80.555556 80.555556 100.000000 72.340426 78.873239 98.936170
oar-mir-665 100.000000 64.705882 100.000000 91.666667 91.666667 72.340426 100.000000 91.549296 72.340426
ptr-mir-665 91.549296 67.647059 91.549296 97.183099 97.183099 78.873239 91.549296 100.000000 78.873239
rno-mir-665 75.000000 47.058824 72.340426 80.555556 80.555556 98.936170 72.340426 78.873239 100.000000
