57
aae-mir-184   100.000000 44.318182 76.829268 60.227273 58.461538 56.666667 44.318182 52.380952 44.578313 52.941176 45.454545 44.578313 34.090909 91.764706 42.045455 50.000000 77.272727 78.409091 76.136364 78.409091 77.272727 77.272727 77.272727 40.229885 43.037975 78.409091 78.409091 77.272727 77.272727 75.862069 50.000000 43.835616 48.648649 50.000000 42.857143 48.863636 44.318182 45.238095 45.238095 50.724638 47.727273 55.681818 43.181818 36.363636 32.954545 40.476190 42.857143 42.857143 46.753247 47.727273 43.181818 44.578313 53.164557 54.838710 45.454545 42.465753 43.373494
aca-mir-184   44.318182 100.000000 48.780488 43.478261 53.846154 48.333333 45.263158 47.619048 81.927711 83.823529 70.000000 81.927711 37.894737 44.705882 44.210526 50.526316 46.590909 46.590909 46.590909 43.157895 45.263158 46.590909 45.263158 63.218391 67.088608 46.590909 46.590909 45.263158 48.863636 47.126437 80.000000 68.493151 71.621622 44.210526 75.000000 50.526316 51.578947 76.190476 72.619048 75.362319 42.105263 43.478261 64.210526 61.052632 60.000000 47.619048 75.000000 75.000000 77.922078 43.157895 44.210526 80.722892 51.898734 70.967742 66.315789 69.863014 63.855422
aga-mir-184   76.829268 48.780488 100.000000 58.536585 66.153846 63.333333 51.219512 60.975610 42.682927 50.000000 45.121951 42.682927 39.024390 76.829268 50.000000 50.000000 78.048780 82.926829 78.048780 81.707317 78.048780 81.707317 81.707317 46.341463 40.506329 82.926829 82.926829 78.048780 78.048780 81.707317 47.142857 46.575342 58.108108 52.439024 42.682927 50.000000 46.341463 41.463415 42.682927 47.826087 63.414634 57.317073 45.121951 43.902439 43.902439 43.902439 42.682927 42.682927 42.857143 43.902439 41.463415 41.463415 60.759494 51.612903 56.097561 45.205479 40.243902
ame-mir-184   60.227273 43.478261 58.536585 100.000000 60.000000 68.333333 44.565217 47.619048 40.963855 44.117647 34.444444 40.963855 36.956522 62.352941 53.260870 42.391304 57.954545 59.090909 57.954545 55.434783 57.608696 59.090909 56.521739 42.528736 50.632911 59.090909 59.090909 58.695652 59.090909 56.321839 40.000000 50.684932 51.351351 42.391304 41.666667 53.260870 44.565217 41.666667 41.666667 40.579710 50.000000 82.608696 40.217391 40.217391 40.217391 44.047619 41.666667 41.666667 40.259740 47.826087 47.826087 38.554217 62.025316 53.225806 44.565217 50.684932 40.963855
api-mir-184a  58.461538 53.846154 66.153846 60.000000 100.000000 68.333333 55.384615 70.769231 58.461538 56.923077 56.923077 58.461538 47.692308 56.923077 56.923077 52.307692 69.230769 76.923077 70.769231 76.923077 75.384615 72.307692 72.307692 50.769231 49.230769 76.923077 76.923077 75.384615 75.384615 78.461538 55.384615 47.692308 47.692308 63.076923 55.384615 56.923077 64.615385 56.923077 52.307692 55.384615 64.615385 55.384615 43.076923 47.692308 50.769231 53.846154 55.384615 55.384615 55.384615 53.846154 60.000000 56.923077 69.230769 50.000000 47.692308 47.692308 55.384615
api-mir-184b  56.666667 48.333333 63.333333 68.333333 68.333333 100.000000 43.333333 61.666667 53.333333 48.333333 48.333333 53.333333 43.333333 55.000000 56.666667 50.000000 61.666667 66.666667 68.333333 63.333333 66.666667 63.333333 63.333333 43.333333 43.333333 66.666667 66.666667 65.000000 65.000000 73.333333 48.333333 45.000000 46.666667 56.666667 41.666667 56.666667 55.000000 45.000000 45.000000 48.333333 63.333333 70.000000 43.333333 40.000000 43.333333 51.666667 41.666667 41.666667 48.333333 50.000000 55.000000 48.333333 61.666667 45.000000 45.000000 41.666667 46.666667
bfl-mir-184   44.318182 45.263158 51.219512 44.565217 55.384615 43.333333 100.000000 47.619048 53.012048 64.705882 52.222222 53.012048 33.663366 48.235294 54.455446 52.631579 47.727273 46.590909 45.454545 45.000000 41.836735 45.454545 44.000000 58.620690 64.556962 46.590909 46.590909 43.877551 48.863636 50.574713 60.000000 64.383562 52.702703 39.603960 57.142857 42.574257 42.574257 48.809524 53.571429 57.971014 42.574257 44.565217 42.574257 58.333333 56.122449 41.666667 57.142857 57.142857 55.844156 46.534653 40.594059 53.012048 50.632911 64.516129 45.544554 67.123288 45.783133
bmo-mir-184   52.380952 47.619048 60.975610 47.619048 70.769231 61.666667 47.619048 100.000000 54.216867 54.411765 51.190476 54.216867 38.095238 50.000000 46.428571 40.476190 52.380952 54.761905 52.380952 52.380952 52.380952 52.380952 52.380952 45.238095 43.037975 54.761905 54.761905 52.380952 52.380952 58.333333 54.285714 47.945205 48.648649 67.857143 53.571429 46.428571 44.047619 50.000000 51.190476 52.173913 70.238095 50.000000 46.428571 47.619048 45.238095 48.809524 53.571429 53.571429 50.649351 41.666667 44.047619 51.807229 54.430380 54.838710 51.190476 43.835616 48.192771
bta-mir-184   44.578313 81.927711 42.682927 40.963855 58.461538 53.333333 53.012048 54.216867 100.000000 98.529412 90.361446 100.000000 42.168675 43.373494 46.987952 49.397590 44.578313 44.578313 44.578313 44.578313 45.783133 44.578313 44.578313 59.036145 63.291139 44.578313 44.578313 45.783133 45.783133 46.987952 97.142857 63.013699 78.378378 53.012048 90.361446 53.012048 46.987952 85.542169 87.951807 91.304348 43.373494 42.168675 67.469880 71.084337 67.469880 43.373494 90.361446 90.361446 89.610390 48.192771 39.759036 98.795181 44.303797 85.483871 73.493976 64.383562 71.084337
cfa-mir-184   52.941176 83.823529 50.000000 44.117647 56.923077 48.333333 64.705882 54.411765 98.529412 100.000000 97.058824 98.529412 48.529412 52.941176 51.470588 54.411765 50.000000 50.000000 50.000000 50.000000 51.470588 50.000000 50.000000 61.764706 61.764706 50.000000 50.000000 51.470588 51.470588 52.941176 94.117647 57.352941 73.529412 52.941176 91.176471 58.823529 54.411765 82.352941 89.705882 94.117647 45.588235 48.529412 70.588235 69.117647 67.647059 52.941176 91.176471 91.176471 92.647059 52.941176 45.588235 98.529412 47.058824 88.709677 73.529412 58.823529 70.588235
cgr-mir-184   45.454545 70.000000 45.121951 34.444444 56.923077 48.333333 52.222222 51.190476 90.361446 97.058824 100.000000 90.361446 37.777778 43.529412 48.888889 48.888889 43.181818 43.181818 43.181818 42.222222 43.333333 43.181818 45.555556 55.172414 60.759494 43.181818 43.181818 43.333333 44.318182 45.977011 95.714286 60.273973 67.567568 43.333333 85.714286 55.555556 46.666667 76.190476 84.523810 97.101449 38.888889 34.444444 67.777778 62.222222 64.444444 41.666667 85.714286 85.714286 90.909091 43.333333 37.777778 90.361446 43.037975 88.709677 65.555556 61.643836 66.265060
chi-mir-184   44.578313 81.927711 42.682927 40.963855 58.461538 53.333333 53.012048 54.216867 100.000000 98.529412 90.361446 100.000000 42.168675 43.373494 46.987952 49.397590 44.578313 44.578313 44.578313 44.578313 45.783133 44.578313 44.578313 59.036145 63.291139 44.578313 44.578313 45.783133 45.783133 46.987952 97.142857 63.013699 78.378378 53.012048 90.361446 53.012048 46.987952 85.542169 87.951807 91.304348 43.373494 42.168675 67.469880 71.084337 67.469880 43.373494 90.361446 90.361446 89.610390 48.192771 39.759036 98.795181 44.303797 85.483871 73.493976 64.383562 71.084337
cin-mir-184   34.090909 37.894737 39.024390 36.956522 47.692308 43.333333 33.663366 38.095238 42.168675 48.529412 37.777778 42.168675 100.000000 35.294118 37.623762 32.631579 35.227273 39.772727 36.363636 34.000000 31.632653 37.500000 33.000000 39.080460 43.037975 39.772727 39.772727 30.612245 35.227273 39.080460 47.142857 42.465753 45.945946 37.254902 41.666667 38.613861 38.613861 40.476190 41.666667 46.376812 32.673267 38.043478 28.431373 37.500000 40.816327 32.142857 41.666667 41.666667 44.155844 39.603960 35.294118 43.373494 48.101266 48.387097 37.254902 42.465753 38.554217
cqu-mir-184   91.764706 44.705882 76.829268 62.352941 56.923077 55.000000 48.235294 50.000000 43.373494 52.941176 43.529412 43.373494 35.294118 100.000000 45.882353 57.647059 74.117647 77.647059 75.294118 77.647059 74.117647 74.117647 74.117647 42.352941 43.037975 77.647059 77.647059 74.117647 74.117647 72.941176 50.000000 45.205479 48.648649 52.941176 41.666667 52.941176 44.705882 41.666667 41.666667 50.724638 48.235294 55.294118 44.705882 40.000000 37.647059 41.666667 41.666667 41.666667 46.753247 42.352941 43.529412 43.373494 55.696203 51.612903 47.058824 43.835616 38.554217
cte-mir-184a  42.045455 44.210526 50.000000 53.260870 56.923077 56.666667 54.455446 46.428571 46.987952 51.470588 48.888889 46.987952 37.623762 45.882353 100.000000 56.842105 46.590909 44.318182 46.590909 39.000000 43.877551 44.318182 45.000000 48.275862 49.367089 44.318182 44.318182 43.877551 48.863636 45.977011 50.000000 49.315068 45.945946 46.534653 53.571429 47.524752 46.534653 51.190476 51.190476 49.275362 44.554455 47.826087 46.534653 45.833333 43.877551 36.904762 53.571429 53.571429 51.948052 43.564356 42.574257 46.987952 54.430380 59.677419 35.643564 46.575342 46.987952
cte-mir-184b  50.000000 50.526316 50.000000 42.391304 52.307692 50.000000 52.631579 40.476190 49.397590 54.411765 48.888889 49.397590 32.631579 57.647059 56.842105 100.000000 47.727273 48.863636 46.590909 45.263158 44.210526 47.727273 46.315789 44.827586 44.303797 48.863636 48.863636 44.210526 47.727273 43.678161 50.000000 45.205479 44.594595 47.368421 45.238095 50.526316 56.842105 42.857143 45.238095 50.724638 43.157895 36.956522 37.894737 46.315789 37.894737 36.904762 45.238095 45.238095 53.246753 37.894737 35.789474 49.397590 50.632911 45.161290 37.894737 43.835616 39.759036
dan-mir-184   77.272727 46.590909 78.048780 57.954545 69.230769 61.666667 47.727273 52.380952 44.578313 50.000000 43.181818 44.578313 35.227273 74.117647 46.590909 47.727273 100.000000 94.318182 93.181818 93.181818 94.318182 95.454545 95.454545 42.528736 45.569620 94.318182 94.318182 96.590909 96.590909 89.655172 44.285714 45.205479 54.054054 48.863636 47.619048 57.954545 43.181818 42.857143 47.619048 44.927536 54.545455 51.136364 38.636364 39.772727 35.227273 35.714286 47.619048 47.619048 46.753247 50.000000 46.590909 42.168675 60.759494 54.838710 50.000000 45.205479 44.578313
der-mir-184   78.409091 46.590909 82.926829 59.090909 76.923077 66.666667 46.590909 54.761905 44.578313 50.000000 43.181818 44.578313 39.772727 77.647059 44.318182 48.863636 94.318182 100.000000 92.045455 98.863636 92.045455 97.727273 97.727273 45.977011 41.772152 100.000000 100.000000 94.318182 94.318182 93.103448 44.285714 45.205479 54.054054 50.000000 45.238095 60.227273 46.590909 42.857143 45.238095 44.927536 53.409091 53.409091 38.636364 37.500000 36.363636 41.666667 45.238095 45.238095 44.155844 46.590909 52.272727 42.168675 63.291139 54.838710 50.000000 43.835616 44.578313
dgr-mir-184   76.136364 46.590909 78.048780 57.954545 70.769231 68.333333 45.454545 52.380952 44.578313 50.000000 43.181818 44.578313 36.363636 75.294118 46.590909 46.590909 93.181818 92.045455 100.000000 89.772727 96.590909 90.909091 90.909091 41.379310 43.037975 92.045455 92.045455 95.454545 95.454545 87.356322 44.285714 41.095890 52.702703 51.136364 45.238095 54.545455 46.590909 42.857143 47.619048 44.927536 53.409091 54.545455 38.636364 38.636364 39.772727 39.285714 45.238095 45.238095 44.155844 45.454545 50.000000 42.168675 62.025316 51.612903 48.863636 42.465753 44.578313
dme-mir-184   78.409091 43.157895 81.707317 55.434783 76.923077 63.333333 45.000000 52.380952 44.578313 50.000000 42.222222 44.578313 34.000000 77.647059 39.000000 45.263158 93.181818 98.863636 89.772727 100.000000 88.775510 95.454545 92.000000 44.827586 40.506329 98.863636 98.863636 90.816327 93.181818 93.103448 44.285714 43.835616 54.054054 43.000000 45.238095 53.000000 46.000000 42.857143 45.238095 44.927536 47.000000 51.086957 36.000000 37.500000 34.693878 40.476190 45.238095 45.238095 44.155844 43.000000 44.000000 42.168675 60.759494 54.838710 44.000000 43.835616 44.578313
dmo-mir-184   77.272727 45.263158 78.048780 57.608696 75.384615 66.666667 41.836735 52.380952 45.783133 51.470588 43.333333 45.783133 31.632653 74.117647 43.877551 44.210526 94.318182 92.045455 96.590909 88.775510 100.000000 93.181818 86.734694 42.528736 41.772152 92.045455 92.045455 98.979592 98.863636 87.356322 45.714286 41.095890 52.702703 43.877551 45.238095 50.000000 44.897959 45.238095 46.428571 46.376812 51.020408 56.521739 36.734694 37.500000 34.693878 38.095238 45.238095 45.238095 44.155844 42.857143 43.877551 43.373494 62.025316 51.612903 43.877551 43.835616 44.578313
dpe-mir-184   77.272727 46.590909 81.707317 59.090909 72.307692 63.333333 45.454545 52.380952 44.578313 50.000000 43.181818 44.578313 37.500000 74.117647 44.318182 47.727273 95.454545 97.727273 90.909091 95.454545 93.181818 100.000000 100.000000 43.678161 41.772152 97.727273 97.727273 95.454545 95.454545 91.954023 44.285714 43.835616 54.054054 48.863636 45.238095 57.954545 47.727273 42.857143 45.238095 44.927536 53.409091 51.136364 38.636364 37.500000 37.500000 40.476190 45.238095 45.238095 44.155844 48.863636 51.136364 43.373494 63.291139 54.838710 50.000000 43.835616 44.578313
dps-mir-184   77.272727 45.263158 81.707317 56.521739 72.307692 63.333333 44.000000 52.380952 44.578313 50.000000 45.555556 44.578313 33.000000 74.117647 45.000000 46.315789 95.454545 97.727273 90.909091 92.000000 86.734694 100.000000 100.000000 43.678161 41.772152 97.727273 97.727273 88.775510 95.454545 91.954023 44.285714 43.835616 54.054054 44.000000 45.238095 51.000000 42.000000 42.857143 45.238095 44.927536 49.000000 48.913043 37.000000 34.375000 36.734694 40.476190 45.238095 45.238095 44.155844 49.000000 47.000000 43.373494 63.291139 54.838710 44.000000 43.835616 44.578313
dre-mir-184-1 40.229885 63.218391 46.341463 42.528736 50.769231 43.333333 58.620690 45.238095 59.036145 61.764706 55.172414 59.036145 39.080460 42.352941 48.275862 44.827586 42.528736 45.977011 41.379310 44.827586 42.528736 43.678161 43.678161 100.000000 82.278481 45.977011 45.977011 43.678161 43.678161 40.229885 62.857143 86.301370 62.162162 45.977011 66.666667 48.275862 52.873563 67.857143 69.047619 57.971014 43.678161 39.080460 64.367816 83.908046 78.160920 46.428571 66.666667 66.666667 58.441558 43.678161 47.126437 59.036145 44.303797 67.741935 58.620690 84.931507 59.036145
dre-mir-184-2 43.037975 67.088608 40.506329 50.632911 49.230769 43.333333 64.556962 43.037975 63.291139 61.764706 60.759494 63.291139 43.037975 43.037975 49.367089 44.303797 45.569620 41.772152 43.037975 40.506329 41.772152 41.772152 41.772152 82.278481 100.000000 41.772152 41.772152 43.037975 43.037975 43.037975 64.285714 84.931507 59.459459 49.367089 68.354430 55.696203 55.696203 70.886076 68.354430 57.971014 49.367089 43.037975 63.291139 86.075949 79.746835 49.367089 68.354430 68.354430 67.532468 50.632911 44.303797 67.088608 44.303797 69.354839 55.696203 84.931507 70.886076
dse-mir-184   78.409091 46.590909 82.926829 59.090909 76.923077 66.666667 46.590909 54.761905 44.578313 50.000000 43.181818 44.578313 39.772727 77.647059 44.318182 48.863636 94.318182 100.000000 92.045455 98.863636 92.045455 97.727273 97.727273 45.977011 41.772152 100.000000 100.000000 94.318182 94.318182 93.103448 44.285714 45.205479 54.054054 50.000000 45.238095 60.227273 46.590909 42.857143 45.238095 44.927536 53.409091 53.409091 38.636364 37.500000 36.363636 41.666667 45.238095 45.238095 44.155844 46.590909 52.272727 42.168675 63.291139 54.838710 50.000000 43.835616 44.578313
dsi-mir-184   78.409091 46.590909 82.926829 59.090909 76.923077 66.666667 46.590909 54.761905 44.578313 50.000000 43.181818 44.578313 39.772727 77.647059 44.318182 48.863636 94.318182 100.000000 92.045455 98.863636 92.045455 97.727273 97.727273 45.977011 41.772152 100.000000 100.000000 94.318182 94.318182 93.103448 44.285714 45.205479 54.054054 50.000000 45.238095 60.227273 46.590909 42.857143 45.238095 44.927536 53.409091 53.409091 38.636364 37.500000 36.363636 41.666667 45.238095 45.238095 44.155844 46.590909 52.272727 42.168675 63.291139 54.838710 50.000000 43.835616 44.578313
dvi-mir-184   77.272727 45.263158 78.048780 58.695652 75.384615 65.000000 43.877551 52.380952 45.783133 51.470588 43.333333 45.783133 30.612245 74.117647 43.877551 44.210526 96.590909 94.318182 95.454545 90.816327 98.979592 95.454545 88.775510 43.678161 43.037975 94.318182 94.318182 100.000000 100.000000 89.655172 45.714286 42.465753 54.054054 43.877551 45.238095 52.040816 44.897959 45.238095 45.238095 46.376812 50.000000 55.434783 36.734694 35.416667 34.693878 35.714286 45.238095 45.238095 44.155844 42.857143 41.836735 43.373494 62.025316 54.838710 44.897959 43.835616 44.578313
dwi-mir-184   77.272727 48.863636 78.048780 59.090909 75.384615 65.000000 48.863636 52.380952 45.783133 51.470588 44.318182 45.783133 35.227273 74.117647 48.863636 47.727273 96.590909 94.318182 95.454545 93.181818 98.863636 95.454545 95.454545 43.678161 43.037975 94.318182 94.318182 100.000000 100.000000 89.655172 45.714286 42.465753 54.054054 48.863636 45.238095 57.954545 47.727273 45.238095 45.238095 46.376812 52.272727 55.681818 38.636364 37.500000 38.636364 35.714286 45.238095 45.238095 44.155844 47.727273 46.590909 43.373494 62.025316 54.838710 50.000000 43.835616 44.578313
dya-mir-184   75.862069 47.126437 81.707317 56.321839 78.461538 73.333333 50.574713 58.333333 46.987952 52.941176 45.977011 46.987952 39.080460 72.941176 45.977011 43.678161 89.655172 93.103448 87.356322 93.103448 87.356322 91.954023 91.954023 40.229885 43.037975 93.103448 93.103448 89.655172 89.655172 100.000000 47.142857 42.465753 48.648649 50.574713 42.857143 55.172414 48.275862 40.476190 41.666667 47.826087 56.321839 55.172414 35.632184 35.632184 37.931034 45.238095 42.857143 42.857143 46.753247 48.275862 51.724138 44.578313 63.291139 51.612903 45.977011 42.465753 43.373494
eca-mir-184   50.000000 80.000000 47.142857 40.000000 55.384615 48.333333 60.000000 54.285714 97.142857 94.117647 95.714286 97.142857 47.142857 50.000000 50.000000 50.000000 44.285714 44.285714 44.285714 44.285714 45.714286 44.285714 44.285714 62.857143 64.285714 44.285714 44.285714 45.714286 45.714286 47.142857 100.000000 64.285714 71.428571 50.000000 88.571429 57.142857 45.714286 81.428571 87.142857 94.202899 42.857143 44.285714 77.142857 71.428571 70.000000 50.000000 88.571429 88.571429 87.142857 52.857143 45.714286 97.142857 42.857143 88.709677 70.000000 65.714286 68.571429
fru-mir-184   43.835616 68.493151 46.575342 50.684932 47.692308 45.000000 64.383562 47.945205 63.013699 57.352941 60.273973 63.013699 42.465753 45.205479 49.315068 45.205479 45.205479 45.205479 41.095890 43.835616 41.095890 43.835616 43.835616 86.301370 84.931507 45.205479 45.205479 42.465753 42.465753 42.465753 64.285714 100.000000 67.123288 49.315068 68.493151 53.424658 49.315068 71.232877 71.232877 57.971014 49.315068 50.684932 69.863014 86.301370 76.712329 57.534247 68.493151 68.493151 57.534247 42.465753 47.945205 64.383562 46.575342 70.967742 64.383562 97.260274 63.013699
gga-mir-184   48.648649 71.621622 58.108108 51.351351 47.692308 46.666667 52.702703 48.648649 78.378378 73.529412 67.567568 78.378378 45.945946 48.648649 45.945946 44.594595 54.054054 54.054054 52.702703 54.054054 52.702703 54.054054 54.054054 62.162162 59.459459 54.054054 54.054054 54.054054 54.054054 48.648649 71.428571 67.123288 100.000000 50.000000 78.378378 45.945946 41.891892 81.081081 75.675676 69.565217 45.945946 50.000000 71.621622 66.216216 66.216216 48.648649 78.378378 78.378378 62.162162 41.891892 43.243243 75.675676 47.297297 90.322581 91.891892 69.863014 75.675676
hme-mir-184   50.000000 44.210526 52.439024 42.391304 63.076923 56.666667 39.603960 67.857143 53.012048 52.941176 43.333333 53.012048 37.254902 52.941176 46.534653 47.368421 48.863636 50.000000 51.136364 43.000000 43.877551 48.863636 44.000000 45.977011 49.367089 50.000000 50.000000 43.877551 48.863636 50.574713 50.000000 49.315068 50.000000 100.000000 48.809524 44.554455 40.594059 48.809524 48.809524 46.376812 53.465347 42.391304 25.203252 44.791667 42.857143 42.857143 48.809524 48.809524 49.350649 43.564356 36.274510 49.397590 62.025316 53.225806 31.250000 47.945205 53.012048
hsa-mir-184   42.857143 75.000000 42.682927 41.666667 55.384615 41.666667 57.142857 53.571429 90.361446 91.176471 85.714286 90.361446 41.666667 41.666667 53.571429 45.238095 47.619048 45.238095 45.238095 45.238095 45.238095 45.238095 45.238095 66.666667 68.354430 45.238095 45.238095 45.238095 45.238095 42.857143 88.571429 68.493151 78.378378 48.809524 100.000000 53.571429 51.190476 89.285714 97.619048 84.057971 50.000000 39.285714 72.619048 77.380952 72.619048 48.809524 100.000000 100.000000 84.415584 42.857143 41.666667 90.361446 40.506329 95.161290 78.571429 69.863014 74.698795
isc-mir-184   48.863636 50.526316 50.000000 53.260870 56.923077 56.666667 42.574257 46.428571 53.012048 58.823529 55.555556 53.012048 38.613861 52.941176 47.524752 50.526316 57.954545 60.227273 54.545455 53.000000 50.000000 57.954545 51.000000 48.275862 55.696203 60.227273 60.227273 52.040816 57.954545 55.172414 57.142857 53.424658 45.945946 44.554455 53.571429 100.000000 49.504950 48.809524 53.571429 57.971014 42.574257 46.739130 47.524752 42.708333 38.775510 41.666667 53.571429 53.571429 58.441558 53.465347 42.574257 53.012048 51.898734 56.451613 39.603960 52.054795 44.578313
lgi-mir-184   44.318182 51.578947 46.341463 44.565217 64.615385 55.000000 42.574257 44.047619 46.987952 54.411765 46.666667 46.987952 38.613861 44.705882 46.534653 56.842105 43.181818 46.590909 46.590909 46.000000 44.897959 47.727273 42.000000 52.873563 55.696203 46.590909 46.590909 44.897959 47.727273 48.275862 45.714286 49.315068 41.891892 40.594059 51.190476 49.504950 100.000000 52.380952 53.571429 46.376812 38.613861 44.565217 35.643564 52.083333 43.877551 34.523810 51.190476 51.190476 48.051948 46.534653 40.594059 45.783133 58.227848 51.612903 36.633663 49.315068 48.192771
mdo-mir-184   45.238095 76.190476 41.463415 41.666667 56.923077 45.000000 48.809524 50.000000 85.542169 82.352941 76.190476 85.542169 40.476190 41.666667 51.190476 42.857143 42.857143 42.857143 42.857143 42.857143 45.238095 42.857143 42.857143 67.857143 70.886076 42.857143 42.857143 45.238095 45.238095 40.476190 81.428571 71.232877 81.081081 48.809524 89.285714 48.809524 52.380952 100.000000 88.095238 75.362319 42.857143 41.666667 72.619048 71.428571 73.809524 48.809524 89.285714 89.285714 75.324675 42.857143 38.095238 85.542169 43.037975 85.483871 73.809524 71.232877 77.108434
mml-mir-184   45.238095 72.619048 42.682927 41.666667 52.307692 45.000000 53.571429 51.190476 87.951807 89.705882 84.523810 87.951807 41.666667 41.666667 51.190476 45.238095 47.619048 45.238095 47.619048 45.238095 46.428571 45.238095 45.238095 69.047619 68.354430 45.238095 45.238095 45.238095 45.238095 41.666667 87.142857 71.232877 75.675676 48.809524 97.619048 53.571429 53.571429 88.095238 100.000000 82.608696 46.428571 39.285714 70.238095 76.190476 73.809524 46.428571 97.619048 97.619048 83.116883 41.666667 42.857143 87.951807 41.772152 93.548387 76.190476 72.602740 73.493976
mmu-mir-184   50.724638 75.362319 47.826087 40.579710 55.384615 48.333333 57.971014 52.173913 91.304348 94.117647 97.101449 91.304348 46.376812 50.724638 49.275362 50.724638 44.927536 44.927536 44.927536 44.927536 46.376812 44.927536 44.927536 57.971014 57.971014 44.927536 44.927536 46.376812 46.376812 47.826087 94.202899 57.971014 69.565217 46.376812 84.057971 57.971014 46.376812 75.362319 82.608696 100.000000 44.927536 44.927536 72.463768 65.217391 63.768116 53.623188 84.057971 84.057971 88.405797 50.724638 50.724638 91.304348 44.927536 88.709677 71.014493 59.420290 68.115942
mse-mir-184   47.727273 42.105263 63.414634 50.000000 64.615385 63.333333 42.574257 70.238095 43.373494 45.588235 38.888889 43.373494 32.673267 48.235294 44.554455 43.157895 54.545455 53.409091 53.409091 47.000000 51.020408 53.409091 49.000000 43.678161 49.367089 53.409091 53.409091 50.000000 52.272727 56.321839 42.857143 49.315068 45.945946 53.465347 50.000000 42.574257 38.613861 42.857143 46.428571 44.927536 100.000000 51.086957 35.643564 46.875000 38.775510 44.047619 50.000000 50.000000 44.155844 43.564356 37.623762 43.373494 56.962025 51.612903 38.613861 45.205479 44.578313
nvi-mir-184   55.681818 43.478261 57.317073 82.608696 55.384615 70.000000 44.565217 50.000000 42.168675 48.529412 34.444444 42.168675 38.043478 55.294118 47.826087 36.956522 51.136364 53.409091 54.545455 51.086957 56.521739 51.136364 48.913043 39.080460 43.037975 53.409091 53.409091 55.434783 55.681818 55.172414 44.285714 50.684932 50.000000 42.391304 39.285714 46.739130 44.565217 41.666667 39.285714 44.927536 51.086957 100.000000 42.391304 38.043478 35.869565 41.666667 39.285714 39.285714 38.961039 45.652174 43.478261 39.759036 54.430380 50.000000 43.478261 47.945205 40.963855
oan-mir-184   43.181818 64.210526 45.121951 40.217391 43.076923 43.333333 42.574257 46.428571 67.469880 70.588235 67.777778 67.469880 28.431373 44.705882 46.534653 37.894737 38.636364 38.636364 38.636364 36.000000 36.734694 38.636364 37.000000 64.367816 63.291139 38.636364 38.636364 36.734694 38.636364 35.632184 77.142857 69.863014 71.621622 25.203252 72.619048 47.524752 35.643564 72.619048 70.238095 72.463768 35.643564 42.391304 100.000000 58.333333 57.142857 47.619048 72.619048 72.619048 62.337662 36.633663 34.313725 67.469880 41.772152 83.870968 54.464286 68.493151 59.036145
ola-mir-184-1 36.363636 61.052632 43.902439 40.217391 47.692308 40.000000 58.333333 47.619048 71.084337 69.117647 62.222222 71.084337 37.500000 40.000000 45.833333 46.315789 39.772727 37.500000 38.636364 37.500000 37.500000 37.500000 34.375000 83.908046 86.075949 37.500000 37.500000 35.416667 37.500000 35.632184 71.428571 86.301370 66.216216 44.791667 77.380952 42.708333 52.083333 71.428571 76.190476 65.217391 46.875000 38.043478 58.333333 100.000000 77.083333 48.809524 77.380952 77.380952 67.532468 45.833333 44.791667 71.084337 50.632911 77.419355 54.166667 89.041096 62.650602
ola-mir-184-2 32.954545 60.000000 43.902439 40.217391 50.769231 43.333333 56.122449 45.238095 67.469880 67.647059 64.444444 67.469880 40.816327 37.647059 43.877551 37.894737 35.227273 36.363636 39.772727 34.693878 34.693878 37.500000 36.734694 78.160920 79.746835 36.363636 36.363636 34.693878 38.636364 37.931034 70.000000 76.712329 66.216216 42.857143 72.619048 38.775510 43.877551 73.809524 73.809524 63.768116 38.775510 35.869565 57.142857 77.083333 100.000000 41.666667 72.619048 72.619048 66.233766 45.918367 39.795918 67.469880 46.835443 77.419355 53.061224 76.712329 68.674699
pma-mir-184   40.476190 47.619048 43.902439 44.047619 53.846154 51.666667 41.666667 48.809524 43.373494 52.941176 41.666667 43.373494 32.142857 41.666667 36.904762 36.904762 35.714286 41.666667 39.285714 40.476190 38.095238 40.476190 40.476190 46.428571 49.367089 41.666667 41.666667 35.714286 35.714286 45.238095 50.000000 57.534247 48.648649 42.857143 48.809524 41.666667 34.523810 48.809524 46.428571 53.623188 44.047619 41.666667 47.619048 48.809524 41.666667 100.000000 48.809524 48.809524 42.857143 38.095238 45.238095 43.373494 44.303797 56.451613 48.809524 53.424658 44.578313
ppy-mir-184   42.857143 75.000000 42.682927 41.666667 55.384615 41.666667 57.142857 53.571429 90.361446 91.176471 85.714286 90.361446 41.666667 41.666667 53.571429 45.238095 47.619048 45.238095 45.238095 45.238095 45.238095 45.238095 45.238095 66.666667 68.354430 45.238095 45.238095 45.238095 45.238095 42.857143 88.571429 68.493151 78.378378 48.809524 100.000000 53.571429 51.190476 89.285714 97.619048 84.057971 50.000000 39.285714 72.619048 77.380952 72.619048 48.809524 100.000000 100.000000 84.415584 42.857143 41.666667 90.361446 40.506329 95.161290 78.571429 69.863014 74.698795
ptr-mir-184   42.857143 75.000000 42.682927 41.666667 55.384615 41.666667 57.142857 53.571429 90.361446 91.176471 85.714286 90.361446 41.666667 41.666667 53.571429 45.238095 47.619048 45.238095 45.238095 45.238095 45.238095 45.238095 45.238095 66.666667 68.354430 45.238095 45.238095 45.238095 45.238095 42.857143 88.571429 68.493151 78.378378 48.809524 100.000000 53.571429 51.190476 89.285714 97.619048 84.057971 50.000000 39.285714 72.619048 77.380952 72.619048 48.809524 100.000000 100.000000 84.415584 42.857143 41.666667 90.361446 40.506329 95.161290 78.571429 69.863014 74.698795
rno-mir-184   46.753247 77.922078 42.857143 40.259740 55.384615 48.333333 55.844156 50.649351 89.610390 92.647059 90.909091 89.610390 44.155844 46.753247 51.948052 53.246753 46.753247 44.155844 44.155844 44.155844 44.155844 44.155844 44.155844 58.441558 67.532468 44.155844 44.155844 44.155844 44.155844 46.753247 87.142857 57.534247 62.162162 49.350649 84.415584 58.441558 48.051948 75.324675 83.116883 88.405797 44.155844 38.961039 62.337662 67.532468 66.233766 42.857143 84.415584 84.415584 100.000000 46.753247 44.155844 90.909091 42.857143 80.645161 66.233766 57.534247 66.233766
sko-mir-184   47.727273 43.157895 43.902439 47.826087 53.846154 50.000000 46.534653 41.666667 48.192771 52.941176 43.333333 48.192771 39.603960 42.352941 43.564356 37.894737 50.000000 46.590909 45.454545 43.000000 42.857143 48.863636 49.000000 43.678161 50.632911 46.590909 46.590909 42.857143 47.727273 48.275862 52.857143 42.465753 41.891892 43.564356 42.857143 53.465347 46.534653 42.857143 41.666667 50.724638 43.564356 45.652174 36.633663 45.833333 45.918367 38.095238 42.857143 42.857143 46.753247 100.000000 47.524752 48.192771 56.962025 48.387097 34.653465 43.835616 48.192771
spu-mir-184   43.181818 44.210526 41.463415 47.826087 60.000000 55.000000 40.594059 44.047619 39.759036 45.588235 37.777778 39.759036 35.294118 43.529412 42.574257 35.789474 46.590909 52.272727 50.000000 44.000000 43.877551 51.136364 47.000000 47.126437 44.303797 52.272727 52.272727 41.836735 46.590909 51.724138 45.714286 47.945205 43.243243 36.274510 41.666667 42.574257 40.594059 38.095238 42.857143 50.724638 37.623762 43.478261 34.313725 44.791667 39.795918 45.238095 41.666667 41.666667 44.155844 47.524752 100.000000 39.759036 54.430380 51.612903 33.333333 46.575342 39.759036
ssc-mir-184   44.578313 80.722892 41.463415 38.554217 56.923077 48.333333 53.012048 51.807229 98.795181 98.529412 90.361446 98.795181 43.373494 43.373494 46.987952 49.397590 42.168675 42.168675 42.168675 42.168675 43.373494 43.373494 43.373494 59.036145 67.088608 42.168675 42.168675 43.373494 43.373494 44.578313 97.142857 64.383562 75.675676 49.397590 90.361446 53.012048 45.783133 85.542169 87.951807 91.304348 43.373494 39.759036 67.469880 71.084337 67.469880 43.373494 90.361446 90.361446 90.909091 48.192771 39.759036 100.000000 43.037975 85.483871 71.084337 68.493151 69.879518
tca-mir-184   53.164557 51.898734 60.759494 62.025316 69.230769 61.666667 50.632911 54.430380 44.303797 47.058824 43.037975 44.303797 48.101266 55.696203 54.430380 50.632911 60.759494 63.291139 62.025316 60.759494 62.025316 63.291139 63.291139 44.303797 44.303797 63.291139 63.291139 62.025316 62.025316 63.291139 42.857143 46.575342 47.297297 62.025316 40.506329 51.898734 58.227848 43.037975 41.772152 44.927536 56.962025 54.430380 41.772152 50.632911 46.835443 44.303797 40.506329 40.506329 42.857143 56.962025 54.430380 43.037975 100.000000 45.161290 41.772152 43.835616 45.569620
tch-mir-184   54.838710 70.967742 51.612903 53.225806 50.000000 45.000000 64.516129 54.838710 85.483871 88.709677 88.709677 85.483871 48.387097 51.612903 59.677419 45.161290 54.838710 54.838710 51.612903 54.838710 51.612903 54.838710 54.838710 67.741935 69.354839 54.838710 54.838710 54.838710 54.838710 51.612903 88.709677 70.967742 90.322581 53.225806 95.161290 56.451613 51.612903 85.483871 93.548387 88.709677 51.612903 50.000000 83.870968 77.419355 77.419355 56.451613 95.161290 95.161290 80.645161 48.387097 51.612903 85.483871 45.161290 100.000000 91.935484 70.967742 79.032258
tgu-mir-184   45.454545 66.315789 56.097561 44.565217 47.692308 45.000000 45.544554 51.190476 73.493976 73.529412 65.555556 73.493976 37.254902 47.058824 35.643564 37.894737 50.000000 50.000000 48.863636 44.000000 43.877551 50.000000 44.000000 58.620690 55.696203 50.000000 50.000000 44.897959 50.000000 45.977011 70.000000 64.383562 91.891892 31.250000 78.571429 39.603960 36.633663 73.809524 76.190476 71.014493 38.613861 43.478261 54.464286 54.166667 53.061224 48.809524 78.571429 78.571429 66.233766 34.653465 33.333333 71.084337 41.772152 91.935484 100.000000 69.863014 72.289157
tni-mir-184   42.465753 69.863014 45.205479 50.684932 47.692308 41.666667 67.123288 43.835616 64.383562 58.823529 61.643836 64.383562 42.465753 43.835616 46.575342 43.835616 45.205479 43.835616 42.465753 43.835616 43.835616 43.835616 43.835616 84.931507 84.931507 43.835616 43.835616 43.835616 43.835616 42.465753 65.714286 97.260274 69.863014 47.945205 69.863014 52.054795 49.315068 71.232877 72.602740 59.420290 45.205479 47.945205 68.493151 89.041096 76.712329 53.424658 69.863014 69.863014 57.534247 43.835616 46.575342 68.493151 43.835616 70.967742 69.863014 100.000000 63.013699
xtr-mir-184   43.373494 63.855422 40.243902 40.963855 55.384615 46.666667 45.783133 48.192771 71.084337 70.588235 66.265060 71.084337 38.554217 38.554217 46.987952 39.759036 44.578313 44.578313 44.578313 44.578313 44.578313 44.578313 44.578313 59.036145 70.886076 44.578313 44.578313 44.578313 44.578313 43.373494 68.571429 63.013699 75.675676 53.012048 74.698795 44.578313 48.192771 77.108434 73.493976 68.115942 44.578313 40.963855 59.036145 62.650602 68.674699 44.578313 74.698795 74.698795 66.233766 48.192771 39.759036 69.879518 45.569620 79.032258 72.289157 63.013699 100.000000
