35
bta-mir-151  100.000000 59.420290 85.714286 43.548387 84.057971 62.318841 100.000000 59.420290 98.550725 57.971014 98.550725 59.420290 98.550725 57.971014 98.550725 42.028986 57.971014 31.884058 31.884058 98.550725 60.869565 88.235294 59.420290 37.681159 57.971014 98.550725 57.971014 98.550725 57.971014 86.956522 59.420290 49.275362 100.000000 60.869565 43.548387
bta-mir-28   59.420290 100.000000 57.142857 98.387097 60.000000 91.358025 47.674419 100.000000 59.420290 98.837209 50.617284 96.341463 47.674419 97.674419 47.674419 31.395349 97.674419 41.666667 37.647059 47.674419 96.511628 64.705882 89.534884 36.000000 97.674419 47.674419 96.511628 47.674419 97.674419 51.162791 87.209302 45.348837 51.250000 96.511628 95.161290
cfa-mir-151  85.714286 57.142857 100.000000 46.428571 94.642857 53.571429 85.714286 57.142857 87.500000 53.571429 87.500000 55.357143 87.500000 53.571429 87.500000 39.285714 53.571429 30.357143 28.571429 87.500000 57.142857 96.428571 51.785714 35.714286 53.571429 87.500000 53.571429 87.500000 53.571429 96.428571 50.000000 53.571429 85.714286 58.928571 48.214286
cfa-mir-28   43.548387 98.387097 46.428571 100.000000 48.387097 95.161290 45.161290 98.387097 43.548387 100.000000 45.161290 96.774194 45.161290 98.387097 45.161290 32.258065 98.387097 33.870968 27.419355 45.161290 96.774194 46.774194 93.548387 32.258065 98.387097 45.161290 96.774194 45.161290 98.387097 46.774194 90.322581 38.709677 45.161290 96.774194 96.774194
cgr-mir-151  84.057971 60.000000 94.642857 48.387097 100.000000 58.666667 86.666667 60.000000 85.507246 57.333333 88.000000 57.333333 85.333333 57.333333 85.333333 36.000000 57.333333 30.555556 29.333333 85.333333 58.666667 98.529412 56.000000 34.666667 57.333333 85.333333 57.333333 85.333333 57.333333 98.666667 53.333333 50.666667 86.666667 57.333333 50.000000
cgr-mir-28   62.318841 91.358025 53.571429 95.161290 58.666667 100.000000 53.086420 91.358025 62.318841 92.592593 53.086420 93.827160 53.086420 91.358025 53.086420 32.098765 91.358025 36.111111 29.629630 53.086420 90.123457 63.235294 97.530864 38.666667 91.358025 53.086420 93.827160 53.086420 91.358025 53.086420 95.061728 48.148148 53.750000 90.123457 91.935484
chi-mir-151  100.000000 47.674419 85.714286 45.161290 86.666667 53.086420 100.000000 47.674419 98.550725 46.511628 98.765432 50.000000 97.872340 46.511628 96.666667 30.851064 46.511628 30.555556 29.411765 96.666667 48.837209 88.235294 47.674419 34.666667 46.511628 97.752809 46.511628 97.752809 46.511628 85.106383 47.674419 43.617021 100.000000 48.837209 48.387097
chi-mir-28   59.420290 100.000000 57.142857 98.387097 60.000000 91.358025 47.674419 100.000000 59.420290 98.837209 50.617284 96.341463 47.674419 97.674419 47.674419 31.395349 97.674419 41.666667 37.647059 47.674419 96.511628 64.705882 89.534884 36.000000 97.674419 47.674419 96.511628 47.674419 97.674419 51.162791 87.209302 45.348837 51.250000 96.511628 95.161290
eca-mir-151  98.550725 59.420290 87.500000 43.548387 85.507246 62.318841 98.550725 59.420290 100.000000 57.971014 100.000000 59.420290 100.000000 57.971014 100.000000 42.028986 57.971014 31.884058 31.884058 100.000000 60.869565 89.705882 59.420290 37.681159 57.971014 100.000000 57.971014 100.000000 57.971014 88.405797 59.420290 49.275362 98.550725 60.869565 43.548387
eca-mir-28   57.971014 98.837209 53.571429 100.000000 57.333333 92.592593 46.511628 98.837209 57.971014 100.000000 49.382716 97.560976 46.511628 98.837209 46.511628 33.720930 98.837209 43.055556 35.294118 46.511628 97.674419 61.764706 90.697674 36.000000 98.837209 46.511628 97.674419 46.511628 98.837209 48.837209 88.372093 46.511628 50.000000 97.674419 96.774194
efu-mir-151  98.550725 50.617284 87.500000 45.161290 88.000000 53.086420 98.765432 50.617284 100.000000 49.382716 100.000000 50.617284 98.765432 49.382716 96.296296 35.802469 49.382716 30.555556 28.395062 96.296296 51.851852 89.705882 50.617284 34.666667 49.382716 96.296296 49.382716 96.296296 49.382716 87.654321 50.617284 41.975309 98.750000 51.851852 48.387097
efu-mir-28   59.420290 96.341463 55.357143 96.774194 57.333333 93.827160 50.000000 96.341463 59.420290 97.560976 50.617284 100.000000 50.000000 96.341463 50.000000 31.707317 96.341463 38.888889 35.365854 50.000000 95.121951 63.235294 91.463415 34.666667 96.341463 50.000000 97.560976 50.000000 96.341463 52.439024 89.024390 47.560976 51.250000 97.560976 91.935484
ggo-mir-151a 98.550725 47.674419 87.500000 45.161290 85.333333 53.086420 97.872340 47.674419 100.000000 46.511628 98.765432 50.000000 100.000000 46.511628 98.888889 37.500000 46.511628 30.555556 37.647059 98.888889 48.837209 89.705882 47.674419 42.666667 46.511628 100.000000 46.511628 100.000000 46.511628 82.474227 47.674419 38.392857 97.500000 48.837209 48.387097
ggo-mir-28   57.971014 97.674419 53.571429 98.387097 57.333333 91.358025 46.511628 97.674419 57.971014 98.837209 49.382716 96.341463 46.511628 100.000000 46.511628 31.395349 100.000000 43.055556 35.294118 46.511628 97.674419 61.764706 89.534884 36.000000 100.000000 46.511628 98.837209 46.511628 100.000000 48.837209 88.372093 46.511628 50.000000 96.511628 95.161290
hsa-mir-151a 98.550725 47.674419 87.500000 45.161290 85.333333 53.086420 96.666667 47.674419 100.000000 46.511628 96.296296 50.000000 98.888889 46.511628 100.000000 32.222222 46.511628 30.555556 29.411765 100.000000 48.837209 89.705882 47.674419 34.666667 46.511628 100.000000 46.511628 100.000000 46.511628 90.000000 47.674419 43.333333 96.250000 48.837209 48.387097
hsa-mir-151b 42.028986 31.395349 39.285714 32.258065 36.000000 32.098765 30.851064 31.395349 42.028986 33.720930 35.802469 31.707317 37.500000 31.395349 32.222222 100.000000 31.395349 25.000000 41.176471 32.222222 31.395349 42.647059 26.744186 52.000000 31.395349 32.584270 30.232558 32.584270 31.395349 30.208333 30.232558 26.041667 36.250000 26.744186 32.258065
hsa-mir-28   57.971014 97.674419 53.571429 98.387097 57.333333 91.358025 46.511628 97.674419 57.971014 98.837209 49.382716 96.341463 46.511628 100.000000 46.511628 31.395349 100.000000 43.055556 35.294118 46.511628 97.674419 61.764706 89.534884 36.000000 100.000000 46.511628 98.837209 46.511628 100.000000 48.837209 88.372093 46.511628 50.000000 96.511628 95.161290
mdo-mir-151  31.884058 41.666667 30.357143 33.870968 30.555556 36.111111 30.555556 41.666667 31.884058 43.055556 30.555556 38.888889 30.555556 43.055556 30.555556 25.000000 43.055556 100.000000 25.000000 30.555556 41.666667 32.352941 40.277778 22.222222 43.055556 30.555556 40.277778 30.555556 43.055556 30.555556 41.666667 44.444444 30.555556 44.444444 33.870968
mdo-mir-28   31.884058 37.647059 28.571429 27.419355 29.333333 29.629630 29.411765 37.647059 31.884058 35.294118 28.395062 35.365854 37.647059 35.294118 29.411765 41.176471 35.294118 25.000000 100.000000 29.411765 37.647059 32.352941 30.588235 42.666667 37.647059 29.411765 35.294118 29.411765 37.647059 28.235294 30.588235 28.235294 27.500000 37.647059 27.419355
mml-mir-151  98.550725 47.674419 87.500000 45.161290 85.333333 53.086420 96.666667 47.674419 100.000000 46.511628 96.296296 50.000000 98.888889 46.511628 100.000000 32.222222 46.511628 30.555556 29.411765 100.000000 48.837209 89.705882 47.674419 34.666667 46.511628 100.000000 46.511628 100.000000 46.511628 90.000000 47.674419 43.333333 96.250000 48.837209 48.387097
mml-mir-28   60.869565 96.511628 57.142857 96.774194 58.666667 90.123457 48.837209 96.511628 60.869565 97.674419 51.851852 95.121951 48.837209 97.674419 48.837209 31.395349 97.674419 41.666667 37.647059 48.837209 100.000000 63.235294 88.372093 36.000000 97.674419 48.837209 96.511628 48.837209 97.674419 50.000000 87.209302 46.511628 52.500000 95.348837 93.548387
mmu-mir-151  88.235294 64.705882 96.428571 46.774194 98.529412 63.235294 88.235294 64.705882 89.705882 61.764706 89.705882 63.235294 89.705882 61.764706 89.705882 42.647059 61.764706 32.352941 32.352941 89.705882 63.235294 100.000000 60.294118 35.294118 61.764706 89.705882 61.764706 89.705882 61.764706 100.000000 55.882353 55.882353 88.235294 63.235294 48.387097
mmu-mir-28a  59.420290 89.534884 51.785714 93.548387 56.000000 97.530864 47.674419 89.534884 59.420290 90.697674 50.617284 91.463415 47.674419 89.534884 47.674419 26.744186 89.534884 40.277778 30.588235 47.674419 88.372093 60.294118 100.000000 37.333333 89.534884 47.674419 91.860465 47.674419 89.534884 47.674419 93.023256 43.023256 51.250000 88.372093 90.322581
mmu-mir-28c  37.681159 36.000000 35.714286 32.258065 34.666667 38.666667 34.666667 36.000000 37.681159 36.000000 34.666667 34.666667 42.666667 36.000000 34.666667 52.000000 36.000000 22.222222 42.666667 34.666667 36.000000 35.294118 37.333333 100.000000 36.000000 34.666667 36.000000 34.666667 36.000000 34.666667 38.666667 29.333333 34.666667 36.000000 32.258065
ppa-mir-28   57.971014 97.674419 53.571429 98.387097 57.333333 91.358025 46.511628 97.674419 57.971014 98.837209 49.382716 96.341463 46.511628 100.000000 46.511628 31.395349 100.000000 43.055556 37.647059 46.511628 97.674419 61.764706 89.534884 36.000000 100.000000 46.511628 98.837209 46.511628 100.000000 48.837209 88.372093 46.511628 50.000000 96.511628 95.161290
ppy-mir-151a 98.550725 47.674419 87.500000 45.161290 85.333333 53.086420 97.752809 47.674419 100.000000 46.511628 96.296296 50.000000 100.000000 46.511628 100.000000 32.584270 46.511628 30.555556 29.411765 100.000000 48.837209 89.705882 47.674419 34.666667 46.511628 100.000000 46.511628 100.000000 46.511628 89.887640 47.674419 43.820225 96.250000 48.837209 48.387097
ppy-mir-28   57.971014 96.511628 53.571429 96.774194 57.333333 93.827160 46.511628 96.511628 57.971014 97.674419 49.382716 97.560976 46.511628 98.837209 46.511628 30.232558 98.837209 40.277778 35.294118 46.511628 96.511628 61.764706 91.860465 36.000000 98.837209 46.511628 100.000000 46.511628 98.837209 48.837209 90.697674 46.511628 50.000000 95.348837 93.548387
ptr-mir-151  98.550725 47.674419 87.500000 45.161290 85.333333 53.086420 97.752809 47.674419 100.000000 46.511628 96.296296 50.000000 100.000000 46.511628 100.000000 32.584270 46.511628 30.555556 29.411765 100.000000 48.837209 89.705882 47.674419 34.666667 46.511628 100.000000 46.511628 100.000000 46.511628 89.887640 47.674419 43.820225 96.250000 48.837209 48.387097
ptr-mir-28   57.971014 97.674419 53.571429 98.387097 57.333333 91.358025 46.511628 97.674419 57.971014 98.837209 49.382716 96.341463 46.511628 100.000000 46.511628 31.395349 100.000000 43.055556 37.647059 46.511628 97.674419 61.764706 89.534884 36.000000 100.000000 46.511628 98.837209 46.511628 100.000000 48.837209 88.372093 46.511628 50.000000 96.511628 95.161290
rno-mir-151  86.956522 51.162791 96.428571 46.774194 98.666667 53.086420 85.106383 51.162791 88.405797 48.837209 87.654321 52.439024 82.474227 48.837209 90.000000 30.208333 48.837209 30.555556 28.235294 90.000000 50.000000 100.000000 47.674419 34.666667 48.837209 89.887640 48.837209 89.887640 48.837209 100.000000 44.186047 44.329897 87.500000 50.000000 48.387097
rno-mir-28   59.420290 87.209302 50.000000 90.322581 53.333333 95.061728 47.674419 87.209302 59.420290 88.372093 50.617284 89.024390 47.674419 88.372093 47.674419 30.232558 88.372093 41.666667 30.588235 47.674419 87.209302 55.882353 93.023256 38.666667 88.372093 47.674419 90.697674 47.674419 88.372093 44.186047 100.000000 45.348837 51.250000 86.046512 87.096774
rno-mir-3586 49.275362 45.348837 53.571429 38.709677 50.666667 48.148148 43.617021 45.348837 49.275362 46.511628 41.975309 47.560976 38.392857 46.511628 43.333333 26.041667 46.511628 44.444444 28.235294 43.333333 46.511628 55.882353 43.023256 29.333333 46.511628 43.820225 46.511628 43.820225 46.511628 44.329897 45.348837 100.000000 42.500000 46.511628 38.709677
ssc-mir-151  100.000000 51.250000 85.714286 45.161290 86.666667 53.750000 100.000000 51.250000 98.550725 50.000000 98.750000 51.250000 97.500000 50.000000 96.250000 36.250000 50.000000 30.555556 27.500000 96.250000 52.500000 88.235294 51.250000 34.666667 50.000000 96.250000 50.000000 96.250000 50.000000 87.500000 51.250000 42.500000 100.000000 52.500000 48.387097
ssc-mir-28   60.869565 96.511628 58.928571 96.774194 57.333333 90.123457 48.837209 96.511628 60.869565 97.674419 51.851852 97.560976 48.837209 96.511628 48.837209 26.744186 96.511628 44.444444 37.647059 48.837209 95.348837 63.235294 88.372093 36.000000 96.511628 48.837209 95.348837 48.837209 96.511628 50.000000 86.046512 46.511628 52.500000 100.000000 91.935484
tch-mir-28   43.548387 95.161290 48.214286 96.774194 50.000000 91.935484 48.387097 95.161290 43.548387 96.774194 48.387097 91.935484 48.387097 95.161290 48.387097 32.258065 95.161290 33.870968 27.419355 48.387097 93.548387 48.387097 90.322581 32.258065 95.161290 48.387097 93.548387 48.387097 95.161290 48.387097 87.096774 38.709677 48.387097 91.935484 100.000000
