50
aae-mir-210  100.000000 45.588235 91.176471 76.470588 51.219512 50.000000 77.941176 57.352941 47.058824 45.588235 51.470588 100.000000 86.764706 86.764706 83.823529 86.764706 82.352941 86.764706 86.764706 39.705882 45.588235 86.764706 86.764706 82.352941 86.764706 86.764706 47.058824 42.647059 47.058824 39.705882 57.352941 47.058824 44.117647 47.058824 51.470588 77.941176 52.941176 79.411765 48.529412 42.647059 33.823529 47.058824 60.294118 51.470588 41.176471 47.058824 80.882353 46.666667 42.647059 44.117647
aca-mir-210  45.588235 100.000000 47.500000 40.000000 46.341463 39.583333 36.956522 26.041667 59.375000 59.375000 58.227848 45.588235 36.046512 36.046512 41.860465 32.291667 36.046512 36.904762 32.978723 27.083333 71.232877 36.046512 36.046512 36.904762 36.046512 36.046512 65.000000 66.666667 55.208333 32.291667 22.916667 55.208333 67.073171 55.208333 55.208333 32.291667 22.916667 37.647059 88.461538 70.833333 38.541667 55.208333 25.531915 54.166667 33.766234 63.157895 40.789474 68.333333 73.170732 70.329670
aga-mir-210  91.176471 47.500000 100.000000 75.000000 60.975610 38.750000 72.500000 57.500000 45.000000 43.750000 45.569620 91.176471 66.250000 66.250000 65.000000 66.250000 66.250000 66.250000 66.250000 36.250000 45.205479 66.250000 66.250000 66.250000 66.250000 66.250000 45.000000 47.500000 42.500000 40.000000 60.000000 42.500000 40.000000 42.500000 45.000000 72.500000 53.750000 76.250000 43.589744 50.000000 31.250000 42.500000 56.250000 45.000000 40.259740 47.368421 71.052632 50.000000 43.750000 45.000000
ame-mir-210  76.470588 40.000000 75.000000 100.000000 60.975610 42.352941 72.941176 52.941176 42.352941 41.176471 44.303797 76.470588 76.470588 76.470588 70.588235 76.470588 75.294118 76.190476 75.294118 40.000000 38.356164 76.470588 76.470588 76.190476 76.470588 76.470588 45.000000 38.823529 43.529412 43.529412 55.294118 43.529412 36.585366 43.529412 41.176471 72.941176 49.411765 94.117647 38.461538 38.823529 30.588235 43.529412 50.588235 41.176471 37.662338 47.368421 71.052632 53.333333 37.804878 35.294118
api-mir-210  51.219512 46.341463 60.975610 60.975610 100.000000 43.902439 60.975610 48.780488 56.097561 56.097561 43.902439 51.219512 51.219512 51.219512 51.219512 56.097561 51.219512 51.219512 56.097561 36.585366 46.341463 51.219512 51.219512 51.219512 51.219512 51.219512 48.780488 56.097561 56.097561 41.463415 56.097561 56.097561 46.341463 56.097561 56.097561 65.853659 41.463415 60.975610 46.341463 60.975610 39.024390 56.097561 43.902439 56.097561 41.463415 43.902439 58.536585 43.902439 56.097561 46.341463
bfl-mir-210  50.000000 39.583333 38.750000 42.352941 43.902439 100.000000 36.956522 30.693069 34.693878 34.693878 41.772152 50.000000 41.860465 43.023256 41.860465 37.000000 41.860465 44.047619 39.361702 36.633663 38.356164 43.023256 43.023256 42.857143 41.860465 41.860465 40.000000 33.673469 35.643564 33.663366 26.732673 35.643564 36.585366 35.643564 35.643564 39.393939 24.000000 41.176471 38.461538 37.623762 28.712871 35.643564 24.468085 34.653465 44.155844 40.789474 48.684211 50.000000 37.804878 39.560440
bmo-mir-210  77.941176 36.956522 72.500000 72.941176 60.975610 36.956522 100.000000 63.043478 35.869565 34.782609 43.037975 77.941176 61.627907 61.627907 59.302326 59.782609 59.302326 63.095238 57.608696 32.608696 45.205479 61.627907 61.627907 60.714286 61.627907 61.627907 41.250000 40.217391 38.043478 39.130435 64.130435 38.043478 34.146341 38.043478 36.956522 94.565217 59.782609 71.764706 35.897436 40.217391 30.434783 38.043478 64.130435 36.956522 49.350649 43.421053 78.947368 48.333333 42.682927 34.065934
bmo-mir-3286 57.352941 26.041667 57.500000 52.941176 48.780488 30.693069 63.043478 100.000000 30.612245 29.591837 34.177215 57.352941 51.162791 48.837209 45.348837 44.000000 51.162791 45.238095 40.425532 26.605505 35.616438 48.837209 48.837209 47.619048 48.837209 46.511628 30.000000 26.530612 30.630631 26.890756 71.186441 31.818182 25.609756 31.818182 30.000000 64.646465 80.000000 50.588235 30.769231 33.333333 20.000000 32.110092 87.234043 30.000000 29.870130 32.894737 55.263158 30.000000 29.268293 29.670330
bta-mir-210  47.058824 59.375000 45.000000 42.352941 56.097561 34.693878 35.869565 30.612245 100.000000 98.979592 96.202532 47.058824 46.511628 46.511628 40.697674 40.816327 46.511628 42.857143 38.297872 27.551020 57.534247 46.511628 46.511628 45.238095 45.348837 44.186047 97.500000 52.040816 93.877551 30.612245 30.612245 95.918367 68.292683 95.918367 94.897959 35.714286 25.510204 48.235294 73.076923 55.102041 66.326531 95.918367 25.531915 93.877551 36.363636 100.000000 43.421053 100.000000 57.317073 63.736264
cfa-mir-210  45.588235 59.375000 43.750000 41.176471 56.097561 34.693878 34.782609 29.591837 98.979592 100.000000 94.936709 45.588235 45.348837 45.348837 39.534884 39.795918 45.348837 41.666667 37.234043 27.551020 57.534247 45.348837 45.348837 44.047619 44.186047 43.023256 96.250000 52.040816 92.857143 30.612245 27.551020 94.897959 68.292683 94.897959 93.877551 34.693878 24.489796 47.058824 73.076923 55.102041 65.306122 94.897959 24.468085 92.857143 35.064935 98.684211 43.421053 98.333333 57.317073 63.736264
cgr-mir-210  51.470588 58.227848 45.569620 44.303797 43.902439 41.772152 43.037975 34.177215 96.202532 94.936709 100.000000 51.470588 48.101266 48.101266 44.303797 48.101266 49.367089 44.303797 44.303797 32.911392 54.794521 48.101266 48.101266 48.101266 46.835443 46.835443 93.670886 54.430380 91.139241 34.177215 35.443038 91.139241 62.025316 91.139241 100.000000 46.835443 30.379747 50.632911 65.384615 56.962025 60.759494 91.139241 32.911392 98.734177 35.064935 96.052632 44.736842 98.333333 53.164557 62.025316
cqu-mir-210  100.000000 45.588235 91.176471 76.470588 51.219512 50.000000 77.941176 57.352941 47.058824 45.588235 51.470588 100.000000 86.764706 86.764706 83.823529 86.764706 82.352941 86.764706 86.764706 39.705882 45.588235 86.764706 86.764706 82.352941 86.764706 86.764706 47.058824 42.647059 47.058824 39.705882 57.352941 47.058824 44.117647 47.058824 51.470588 77.941176 52.941176 79.411765 48.529412 42.647059 33.823529 47.058824 60.294118 51.470588 41.176471 47.058824 80.882353 46.666667 42.647059 44.117647
dan-mir-210  86.764706 36.046512 66.250000 76.470588 51.219512 41.860465 61.627907 51.162791 46.511628 45.348837 48.101266 86.764706 100.000000 97.674419 83.720930 97.674419 96.511628 97.619048 95.348837 46.511628 43.835616 97.674419 97.674419 95.238095 97.674419 96.511628 47.500000 32.558140 45.348837 33.720930 50.000000 45.348837 36.585366 45.348837 46.511628 61.627907 44.186047 74.117647 35.897436 32.558140 30.232558 45.348837 46.511628 46.511628 38.961039 50.000000 73.684211 56.666667 34.146341 36.046512
der-mir-210  86.764706 36.046512 66.250000 76.470588 51.219512 43.023256 61.627907 48.837209 46.511628 45.348837 48.101266 86.764706 97.674419 100.000000 83.720930 100.000000 94.186047 97.619048 95.348837 46.511628 43.835616 100.000000 100.000000 95.238095 95.348837 98.837209 47.500000 32.558140 45.348837 33.720930 46.511628 45.348837 36.585366 45.348837 46.511628 61.627907 40.697674 74.117647 35.897436 32.558140 31.395349 45.348837 50.000000 46.511628 38.961039 50.000000 73.684211 56.666667 34.146341 36.046512
dgr-mir-210  83.823529 41.860465 65.000000 70.588235 51.219512 41.860465 59.302326 45.348837 40.697674 39.534884 44.303797 83.823529 83.720930 83.720930 100.000000 83.720930 86.046512 86.904762 84.883721 43.023256 42.465753 83.720930 83.720930 89.285714 83.720930 82.558140 42.500000 33.720930 38.372093 36.046512 45.348837 38.372093 37.804878 38.372093 41.860465 60.465116 44.186047 68.235294 35.897436 36.046512 32.558140 38.372093 45.348837 41.860465 38.961039 44.736842 72.368421 53.333333 35.365854 37.209302
dme-mir-210  86.764706 32.291667 66.250000 76.470588 56.097561 37.000000 59.782609 44.000000 40.816327 39.795918 48.101266 86.764706 97.674419 100.000000 83.720930 100.000000 94.186047 97.619048 94.680851 44.000000 43.835616 100.000000 100.000000 95.238095 95.348837 98.837209 47.500000 28.571429 39.000000 31.000000 42.000000 41.000000 36.585366 41.000000 43.000000 55.555556 36.000000 74.117647 35.897436 28.000000 29.000000 39.000000 45.744681 43.000000 38.961039 50.000000 73.684211 56.666667 34.146341 34.065934
dmo-mir-210  82.352941 36.046512 66.250000 75.294118 51.219512 41.860465 59.302326 51.162791 46.511628 45.348837 49.367089 82.352941 96.511628 94.186047 86.046512 94.186047 100.000000 92.857143 90.697674 44.186047 43.835616 94.186047 94.186047 96.428571 96.511628 93.023256 48.750000 32.558140 44.186047 31.395349 50.000000 44.186047 39.024390 44.186047 46.511628 63.953488 44.186047 72.941176 35.897436 32.558140 30.232558 44.186047 46.511628 46.511628 38.961039 51.315789 69.736842 58.333333 34.146341 37.209302
dpe-mir-210  86.764706 36.904762 66.250000 76.190476 51.219512 44.047619 63.095238 45.238095 42.857143 41.666667 44.303797 86.764706 97.619048 97.619048 86.904762 97.619048 92.857143 100.000000 100.000000 47.619048 41.095890 97.619048 97.619048 94.047619 97.619048 98.809524 42.500000 33.333333 44.047619 34.523810 45.238095 44.047619 34.146341 44.047619 44.047619 60.714286 39.285714 73.809524 34.615385 33.333333 30.952381 44.047619 45.238095 44.047619 36.363636 44.736842 75.000000 53.333333 34.146341 34.523810
dps-mir-210a 86.764706 32.978723 66.250000 75.294118 56.097561 39.361702 57.608696 40.425532 38.297872 37.234043 44.303797 86.764706 95.348837 95.348837 84.883721 94.680851 90.697674 100.000000 100.000000 42.553191 41.095890 95.348837 95.348837 94.047619 95.348837 96.511628 42.500000 30.851064 39.361702 31.914894 44.680851 39.361702 34.146341 39.361702 39.361702 56.382979 37.234043 72.941176 34.615385 29.787234 27.659574 39.361702 40.425532 39.361702 36.363636 44.736842 75.000000 53.333333 34.146341 31.868132
dps-mir-210b 39.705882 27.083333 36.250000 40.000000 36.585366 36.633663 32.608696 26.605505 27.551020 27.551020 32.911392 39.705882 46.511628 46.511628 43.023256 44.000000 44.186047 47.619048 42.553191 100.000000 31.506849 46.511628 46.511628 45.238095 44.186047 46.511628 28.750000 23.469388 25.688073 49.541284 24.770642 25.688073 28.048780 25.688073 26.605505 33.333333 35.000000 37.647059 32.051282 24.761905 22.018349 25.688073 23.404255 25.688073 36.363636 30.263158 40.789474 38.333333 28.048780 27.472527
dre-mir-210  45.588235 71.232877 45.205479 38.356164 46.341463 38.356164 45.205479 35.616438 57.534247 57.534247 54.794521 45.588235 43.835616 43.835616 42.465753 43.835616 43.835616 41.095890 41.095890 31.506849 100.000000 43.835616 43.835616 42.465753 41.095890 42.465753 57.534247 84.931507 56.164384 31.506849 32.876712 56.164384 67.123288 56.164384 54.794521 47.945205 31.506849 42.465753 71.232877 73.972603 41.095890 56.164384 31.506849 53.424658 36.986301 57.534247 45.205479 61.666667 82.191781 78.082192
dse-mir-210  86.764706 36.046512 66.250000 76.470588 51.219512 43.023256 61.627907 48.837209 46.511628 45.348837 48.101266 86.764706 97.674419 100.000000 83.720930 100.000000 94.186047 97.619048 95.348837 46.511628 43.835616 100.000000 100.000000 95.238095 95.348837 98.837209 47.500000 32.558140 45.348837 33.720930 46.511628 45.348837 36.585366 45.348837 46.511628 61.627907 40.697674 74.117647 35.897436 32.558140 31.395349 45.348837 50.000000 46.511628 38.961039 50.000000 73.684211 56.666667 34.146341 36.046512
dsi-mir-210  86.764706 36.046512 66.250000 76.470588 51.219512 43.023256 61.627907 48.837209 46.511628 45.348837 48.101266 86.764706 97.674419 100.000000 83.720930 100.000000 94.186047 97.619048 95.348837 46.511628 43.835616 100.000000 100.000000 95.238095 95.348837 98.837209 47.500000 32.558140 45.348837 33.720930 46.511628 45.348837 36.585366 45.348837 46.511628 61.627907 40.697674 74.117647 35.897436 32.558140 31.395349 45.348837 50.000000 46.511628 38.961039 50.000000 73.684211 56.666667 34.146341 36.046512
dvi-mir-210  82.352941 36.904762 66.250000 76.190476 51.219512 42.857143 60.714286 47.619048 45.238095 44.047619 48.101266 82.352941 95.238095 95.238095 89.285714 95.238095 96.428571 94.047619 94.047619 45.238095 42.465753 95.238095 95.238095 100.000000 97.619048 96.428571 46.250000 33.333333 42.857143 32.142857 45.238095 42.857143 39.024390 42.857143 46.428571 63.095238 39.285714 73.809524 35.897436 33.333333 29.761905 42.857143 45.238095 46.428571 38.961039 48.684211 69.736842 58.333333 34.146341 38.095238
dwi-mir-210  86.764706 36.046512 66.250000 76.470588 51.219512 41.860465 61.627907 48.837209 45.348837 44.186047 46.835443 86.764706 97.674419 95.348837 83.720930 95.348837 96.511628 97.619048 95.348837 44.186047 41.095890 95.348837 95.348837 97.619048 100.000000 96.511628 45.000000 32.558140 44.186047 33.720930 47.674419 44.186047 36.585366 44.186047 46.511628 59.302326 41.860465 74.117647 35.897436 32.558140 30.232558 44.186047 44.186047 46.511628 40.259740 47.368421 73.684211 56.666667 34.146341 36.046512
dya-mir-210  86.764706 36.046512 66.250000 76.470588 51.219512 41.860465 61.627907 46.511628 44.186047 43.023256 46.835443 86.764706 96.511628 98.837209 82.558140 98.837209 93.023256 98.809524 96.511628 46.511628 42.465753 98.837209 98.837209 96.428571 96.511628 100.000000 45.000000 32.558140 43.023256 33.720930 44.186047 43.023256 36.585366 43.023256 45.348837 59.302326 38.372093 74.117647 35.897436 32.558140 30.232558 43.023256 47.674419 45.348837 38.961039 47.368421 73.684211 56.666667 34.146341 36.046512
efu-mir-210  47.058824 65.000000 45.000000 45.000000 48.780488 40.000000 41.250000 30.000000 97.500000 96.250000 93.670886 47.058824 47.500000 47.500000 42.500000 47.500000 48.750000 42.500000 42.500000 28.750000 57.534247 47.500000 47.500000 46.250000 45.000000 45.000000 100.000000 58.750000 93.750000 33.750000 33.750000 93.750000 66.250000 93.750000 93.750000 43.750000 30.000000 51.250000 71.794872 62.500000 63.750000 93.750000 27.500000 92.500000 36.363636 96.052632 43.421053 100.000000 56.250000 66.250000
fru-mir-210  42.647059 66.666667 47.500000 38.823529 56.097561 33.673469 40.217391 26.530612 52.040816 52.040816 54.430380 42.647059 32.558140 32.558140 33.720930 28.571429 32.558140 33.333333 30.851064 23.469388 84.931507 32.558140 32.558140 33.333333 32.558140 32.558140 58.750000 100.000000 54.081633 34.693878 23.469388 54.081633 65.853659 54.081633 50.000000 37.755102 24.489796 38.823529 73.076923 84.693878 38.775510 54.081633 25.531915 48.979592 32.467532 59.210526 50.000000 61.666667 96.341463 64.835165
ggo-mir-210  47.058824 55.208333 42.500000 43.529412 56.097561 35.643564 38.043478 30.630631 93.877551 92.857143 91.139241 47.058824 45.348837 45.348837 38.372093 39.000000 44.186047 44.047619 39.361702 25.688073 56.164384 45.348837 45.348837 42.857143 44.186047 43.023256 93.750000 54.081633 100.000000 27.027027 25.225225 96.363636 64.634146 97.272727 87.272727 37.373737 25.000000 49.411765 70.512821 52.380952 63.963964 98.165138 25.531915 86.363636 36.363636 93.421053 44.736842 95.000000 59.756098 61.538462
hme-mir-210  39.705882 32.291667 40.000000 43.529412 41.463415 33.663366 39.130435 26.890756 30.612245 30.612245 34.177215 39.705882 33.720930 33.720930 36.046512 31.000000 31.395349 34.523810 31.914894 49.541284 31.506849 33.720930 33.720930 32.142857 33.720930 33.720930 33.750000 34.693878 27.027027 100.000000 27.118644 27.272727 34.146341 27.272727 27.272727 37.373737 31.000000 41.176471 35.897436 28.571429 20.168067 27.522936 28.723404 26.363636 35.064935 35.526316 43.421053 41.666667 35.365854 27.472527
hme-mir-3286 57.352941 22.916667 60.000000 55.294118 56.097561 26.732673 64.130435 71.186441 30.612245 27.551020 35.443038 57.352941 50.000000 46.511628 45.348837 42.000000 50.000000 45.238095 44.680851 24.770642 32.876712 46.511628 46.511628 45.238095 47.674419 44.186047 33.750000 23.469388 25.225225 27.118644 100.000000 25.454545 28.048780 25.454545 26.363636 61.616162 84.000000 52.941176 30.769231 28.571429 22.033898 25.688073 89.361702 26.363636 29.870130 35.526316 56.578947 31.666667 26.829268 30.769231
hsa-mir-210  47.058824 55.208333 42.500000 43.529412 56.097561 35.643564 38.043478 31.818182 95.918367 94.897959 91.139241 47.058824 45.348837 45.348837 38.372093 41.000000 44.186047 44.047619 39.361702 25.688073 56.164384 45.348837 45.348837 42.857143 44.186047 43.023256 93.750000 54.081633 96.363636 27.272727 25.454545 100.000000 64.634146 99.090909 88.181818 37.373737 25.000000 49.411765 70.512821 52.380952 66.363636 99.082569 24.468085 87.272727 33.766234 93.421053 44.736842 95.000000 59.756098 61.538462
mdo-mir-210  44.117647 67.073171 40.000000 36.585366 46.341463 36.585366 34.146341 25.609756 68.292683 68.292683 62.025316 44.117647 36.585366 36.585366 37.804878 36.585366 39.024390 34.146341 34.146341 28.048780 67.123288 36.585366 36.585366 39.024390 36.585366 36.585366 66.250000 65.853659 64.634146 34.146341 28.048780 64.634146 100.000000 64.634146 64.634146 34.146341 24.390244 40.243902 69.230769 67.073171 35.365854 64.634146 24.390244 63.414634 29.870130 68.421053 43.421053 71.666667 63.414634 67.073171
mml-mir-210  47.058824 55.208333 42.500000 43.529412 56.097561 35.643564 38.043478 31.818182 95.918367 94.897959 91.139241 47.058824 45.348837 45.348837 38.372093 41.000000 44.186047 44.047619 39.361702 25.688073 56.164384 45.348837 45.348837 42.857143 44.186047 43.023256 93.750000 54.081633 97.272727 27.272727 25.454545 99.090909 64.634146 100.000000 89.090909 37.373737 25.000000 49.411765 70.512821 52.380952 67.272727 100.000000 24.468085 88.181818 33.766234 93.421053 44.736842 95.000000 59.756098 61.538462
mmu-mir-210  51.470588 55.208333 45.000000 41.176471 56.097561 35.643564 36.956522 30.000000 94.897959 93.877551 100.000000 51.470588 46.511628 46.511628 41.860465 43.000000 46.511628 44.047619 39.361702 26.605505 54.794521 46.511628 46.511628 46.428571 46.511628 45.348837 93.750000 50.000000 87.272727 27.272727 26.363636 88.181818 64.634146 89.090909 100.000000 37.373737 25.000000 47.058824 69.230769 48.571429 60.909091 88.073394 27.659574 99.090909 35.064935 96.052632 44.736842 98.333333 56.097561 61.538462
mse-mir-210  77.941176 32.291667 72.500000 72.941176 65.853659 39.393939 94.565217 64.646465 35.714286 34.693878 46.835443 77.941176 61.627907 61.627907 60.465116 55.555556 63.953488 60.714286 56.382979 33.333333 47.945205 61.627907 61.627907 63.095238 59.302326 59.302326 43.750000 37.755102 37.373737 37.373737 61.616162 37.373737 34.146341 37.373737 37.373737 100.000000 56.565657 70.588235 37.179487 42.424242 28.282828 37.373737 61.702128 37.373737 42.857143 46.052632 78.947368 48.333333 42.682927 34.065934
mse-mir-3286 52.941176 22.916667 53.750000 49.411765 41.463415 24.000000 59.782609 80.000000 25.510204 24.489796 30.379747 52.941176 44.186047 40.697674 44.186047 36.000000 44.186047 39.285714 37.234043 35.000000 31.506849 40.697674 40.697674 39.285714 41.860465 38.372093 30.000000 24.489796 25.000000 31.000000 84.000000 25.000000 24.390244 25.000000 25.000000 56.565657 100.000000 47.058824 26.923077 25.000000 24.000000 25.000000 82.978723 25.000000 32.467532 31.578947 52.631579 30.000000 26.829268 23.076923
nvi-mir-210  79.411765 37.647059 76.250000 94.117647 60.975610 41.176471 71.764706 50.588235 48.235294 47.058824 50.632911 79.411765 74.117647 74.117647 68.235294 74.117647 72.941176 73.809524 72.941176 37.647059 42.465753 74.117647 74.117647 73.809524 74.117647 74.117647 51.250000 38.823529 49.411765 41.176471 52.941176 49.411765 40.243902 49.411765 47.058824 70.588235 47.058824 100.000000 42.307692 40.000000 35.294118 49.411765 48.235294 47.058824 37.662338 51.315789 73.684211 53.333333 40.243902 40.000000
oha-mir-210  48.529412 88.461538 43.589744 38.461538 46.341463 38.461538 35.897436 30.769231 73.076923 73.076923 65.384615 48.529412 35.897436 35.897436 35.897436 35.897436 35.897436 34.615385 34.615385 32.051282 71.232877 35.897436 35.897436 35.897436 35.897436 35.897436 71.794872 73.076923 70.512821 35.897436 30.769231 70.512821 69.230769 70.512821 69.230769 37.179487 26.923077 42.307692 100.000000 75.641026 46.153846 70.512821 26.923077 67.948718 32.467532 71.052632 39.473684 76.666667 70.512821 80.769231
ola-mir-210  42.647059 70.833333 50.000000 38.823529 60.975610 37.623762 40.217391 33.333333 55.102041 55.102041 56.962025 42.647059 32.558140 32.558140 36.046512 28.000000 32.558140 33.333333 29.787234 24.761905 73.972603 32.558140 32.558140 33.333333 32.558140 32.558140 62.500000 84.693878 52.380952 28.571429 28.571429 52.380952 67.073171 52.380952 48.571429 42.424242 25.000000 40.000000 75.641026 100.000000 34.285714 52.380952 31.914894 47.619048 31.168831 63.157895 44.736842 66.666667 85.365854 63.736264
ppy-mir-210  33.823529 38.541667 31.250000 30.588235 39.024390 28.712871 30.434783 20.000000 66.326531 65.306122 60.759494 33.823529 30.232558 31.395349 32.558140 29.000000 30.232558 30.952381 27.659574 22.018349 41.095890 31.395349 31.395349 29.761905 30.232558 30.232558 63.750000 38.775510 63.963964 20.168067 22.033898 66.363636 35.365854 67.272727 60.909091 28.282828 24.000000 35.294118 46.153846 34.285714 100.000000 66.972477 28.723404 60.000000 36.363636 61.842105 38.157895 63.333333 45.121951 46.153846
ptr-mir-210  47.058824 55.208333 42.500000 43.529412 56.097561 35.643564 38.043478 32.110092 95.918367 94.897959 91.139241 47.058824 45.348837 45.348837 38.372093 39.000000 44.186047 44.047619 39.361702 25.688073 56.164384 45.348837 45.348837 42.857143 44.186047 43.023256 93.750000 54.081633 98.165138 27.522936 25.688073 99.082569 64.634146 100.000000 88.073394 37.373737 25.000000 49.411765 70.512821 52.380952 66.972477 100.000000 24.468085 87.155963 33.766234 93.421053 44.736842 95.000000 59.756098 61.538462
pxy-mir-3286 60.294118 25.531915 56.250000 50.588235 43.902439 24.468085 64.130435 87.234043 25.531915 24.468085 32.911392 60.294118 46.511628 50.000000 45.348837 45.744681 46.511628 45.238095 40.425532 23.404255 31.506849 50.000000 50.000000 45.238095 44.186047 47.674419 27.500000 25.531915 25.531915 28.723404 89.361702 24.468085 24.390244 24.468085 27.659574 61.702128 82.978723 48.235294 26.923077 31.914894 28.723404 24.468085 100.000000 28.723404 29.870130 31.578947 53.947368 30.000000 26.829268 24.175824
rno-mir-210  51.470588 54.166667 45.000000 41.176471 56.097561 34.653465 36.956522 30.000000 93.877551 92.857143 98.734177 51.470588 46.511628 46.511628 41.860465 43.000000 46.511628 44.047619 39.361702 25.688073 53.424658 46.511628 46.511628 46.428571 46.511628 45.348837 92.500000 48.979592 86.363636 26.363636 26.363636 87.272727 63.414634 88.181818 99.090909 37.373737 25.000000 47.058824 67.948718 47.619048 60.000000 87.155963 28.723404 100.000000 35.064935 94.736842 44.736842 96.666667 54.878049 60.439560
spu-mir-210  41.176471 33.766234 40.259740 37.662338 41.463415 44.155844 49.350649 29.870130 36.363636 35.064935 35.064935 41.176471 38.961039 38.961039 38.961039 38.961039 38.961039 36.363636 36.363636 36.363636 36.986301 38.961039 38.961039 38.961039 40.259740 38.961039 36.363636 32.467532 36.363636 35.064935 29.870130 33.766234 29.870130 33.766234 35.064935 42.857143 32.467532 37.662338 32.467532 31.168831 36.363636 33.766234 29.870130 35.064935 100.000000 36.842105 43.421053 41.666667 32.467532 32.467532
ssc-mir-210  47.058824 63.157895 47.368421 47.368421 43.902439 40.789474 43.421053 32.894737 100.000000 98.684211 96.052632 47.058824 50.000000 50.000000 44.736842 50.000000 51.315789 44.736842 44.736842 30.263158 57.534247 50.000000 50.000000 48.684211 47.368421 47.368421 96.052632 59.210526 93.421053 35.526316 35.526316 93.421053 68.421053 93.421053 96.052632 46.052632 31.578947 51.315789 71.052632 63.157895 61.842105 93.421053 31.578947 94.736842 36.842105 100.000000 43.421053 100.000000 56.578947 64.473684
tca-mir-210  80.882353 40.789474 71.052632 71.052632 58.536585 48.684211 78.947368 55.263158 43.421053 43.421053 44.736842 80.882353 73.684211 73.684211 72.368421 73.684211 69.736842 75.000000 75.000000 40.789474 45.205479 73.684211 73.684211 69.736842 73.684211 73.684211 43.421053 50.000000 44.736842 43.421053 56.578947 44.736842 43.421053 44.736842 44.736842 78.947368 52.631579 73.684211 39.473684 44.736842 38.157895 44.736842 53.947368 44.736842 43.421053 43.421053 100.000000 45.000000 50.000000 38.157895
tch-mir-210  46.666667 68.333333 50.000000 53.333333 43.902439 50.000000 48.333333 30.000000 100.000000 98.333333 98.333333 46.666667 56.666667 56.666667 53.333333 56.666667 58.333333 53.333333 53.333333 38.333333 61.666667 56.666667 56.666667 58.333333 56.666667 56.666667 100.000000 61.666667 95.000000 41.666667 31.666667 95.000000 71.666667 95.000000 98.333333 48.333333 30.000000 53.333333 76.666667 66.666667 63.333333 95.000000 30.000000 96.666667 41.666667 100.000000 45.000000 100.000000 60.000000 71.666667
tni-mir-210  42.647059 73.170732 43.750000 37.804878 56.097561 37.804878 42.682927 29.268293 57.317073 57.317073 53.164557 42.647059 34.146341 34.146341 35.365854 34.146341 34.146341 34.146341 34.146341 28.048780 82.191781 34.146341 34.146341 34.146341 34.146341 34.146341 56.250000 96.341463 59.756098 35.365854 26.829268 59.756098 63.414634 59.756098 56.097561 42.682927 26.829268 40.243902 70.512821 85.365854 45.121951 59.756098 26.829268 54.878049 32.467532 56.578947 50.000000 60.000000 100.000000 64.634146
xtr-mir-210  44.117647 70.329670 45.000000 35.294118 46.341463 39.560440 34.065934 29.670330 63.736264 63.736264 62.025316 44.117647 36.046512 36.046512 37.209302 34.065934 37.209302 34.523810 31.868132 27.472527 78.082192 36.046512 36.046512 38.095238 36.046512 36.046512 66.250000 64.835165 61.538462 27.472527 30.769231 61.538462 67.073171 61.538462 61.538462 34.065934 23.076923 40.000000 80.769231 63.736264 46.153846 61.538462 24.175824 60.439560 32.467532 64.473684 38.157895 71.666667 64.634146 100.000000
