29
eca-mir-1302-1  100.000000 75.862069 72.413793 79.310345 59.615385 72.727273 63.793103 63.793103 63.793103 63.793103 62.068966 75.862069 68.965517 60.344828 65.517241 68.965517 63.793103 65.517241 68.965517 60.344828 70.689655 63.793103 63.793103 63.793103 63.793103 65.517241 60.344828 65.517241 68.965517
eca-mir-1302b-2 75.862069 100.000000 73.770492 70.192308 67.307692 83.636364 67.164179 58.208955 58.208955 58.208955 58.955224 64.179104 52.985075 55.555556 62.500000 58.593750 58.208955 62.686567 59.375000 55.555556 57.534247 67.164179 60.447761 61.194030 61.194030 60.447761 56.179775 63.380282 59.055118
eca-mir-1302c-5 72.413793 73.770492 100.000000 70.192308 75.000000 87.272727 76.229508 65.573770 65.573770 65.573770 63.934426 56.557377 56.557377 50.000000 62.500000 59.016393 65.573770 65.573770 59.016393 50.000000 58.904110 76.229508 63.934426 64.754098 64.754098 67.213115 50.561798 64.788732 59.016393
eca-mir-1302d-4 79.310345 70.192308 70.192308 100.000000 67.307692 87.272727 68.269231 70.192308 70.192308 70.192308 70.192308 64.423077 60.576923 50.000000 70.833333 55.769231 70.192308 72.115385 55.769231 50.000000 67.123288 68.269231 69.230769 71.153846 71.153846 71.153846 50.561798 73.239437 55.769231
eca-mir-1302e-6 59.615385 67.307692 75.000000 67.307692 100.000000 78.846154 61.538462 63.461538 63.461538 63.461538 63.461538 67.307692 71.153846 59.615385 55.769231 61.538462 63.461538 61.538462 61.538462 59.615385 57.692308 61.538462 63.461538 63.461538 63.461538 63.461538 59.615385 59.615385 61.538462
eca-mir-1302e-7 72.727273 83.636364 87.272727 87.272727 78.846154 100.000000 69.090909 80.000000 80.000000 80.000000 78.181818 74.545455 78.181818 72.727273 76.363636 74.545455 80.000000 80.000000 74.545455 72.727273 80.000000 69.090909 80.000000 80.000000 80.000000 81.818182 72.727273 80.000000 74.545455
hsa-mir-1302-1  63.793103 67.164179 76.229508 68.269231 61.538462 69.090909 100.000000 56.521739 56.521739 56.521739 57.971014 60.139860 58.741259 47.777778 51.388889 61.718750 56.521739 58.394161 63.281250 47.777778 46.575342 100.000000 58.394161 59.124088 59.124088 56.934307 48.314607 47.887324 62.204724
hsa-mir-1302-10 63.793103 58.208955 65.573770 70.192308 63.461538 80.000000 56.521739 100.000000 100.000000 100.000000 98.550725 55.797101 49.275362 53.333333 55.555556 51.562500 100.000000 97.080292 50.781250 53.333333 56.164384 56.521739 97.810219 98.540146 98.540146 98.540146 53.932584 56.338028 51.968504
hsa-mir-1302-11 63.793103 58.208955 65.573770 70.192308 63.461538 80.000000 56.521739 100.000000 100.000000 100.000000 98.550725 55.797101 49.275362 53.333333 55.555556 51.562500 100.000000 97.080292 50.781250 53.333333 56.164384 56.521739 97.810219 98.540146 98.540146 98.540146 53.932584 56.338028 51.968504
hsa-mir-1302-2  63.793103 58.208955 65.573770 70.192308 63.461538 80.000000 56.521739 100.000000 100.000000 100.000000 98.550725 55.797101 49.275362 53.333333 55.555556 51.562500 100.000000 97.080292 50.781250 53.333333 56.164384 56.521739 97.810219 98.540146 98.540146 98.540146 53.932584 56.338028 51.968504
hsa-mir-1302-3  62.068966 58.955224 63.934426 70.192308 63.461538 78.181818 57.971014 98.550725 98.550725 98.550725 100.000000 56.521739 50.724638 52.222222 54.166667 51.562500 98.550725 97.080292 50.781250 52.222222 54.794521 57.971014 97.810219 98.540146 98.540146 97.080292 52.808989 54.929577 51.968504
hsa-mir-1302-4  75.862069 64.179104 56.557377 64.423077 67.307692 74.545455 60.139860 55.797101 55.797101 55.797101 56.521739 100.000000 51.333333 51.111111 59.722222 59.375000 55.797101 56.934307 59.375000 51.111111 61.643836 59.859155 56.204380 56.934307 56.934307 56.204380 51.685393 60.563380 58.267717
hsa-mir-1302-5  68.965517 52.985075 56.557377 60.576923 71.153846 78.181818 58.741259 49.275362 49.275362 49.275362 50.724638 51.333333 100.000000 42.222222 61.111111 50.000000 49.275362 50.364964 50.000000 42.222222 63.013699 58.450704 50.364964 49.635036 51.094891 49.635036 42.696629 66.197183 50.393701
hsa-mir-1302-6  60.344828 55.555556 50.000000 50.000000 59.615385 72.727273 47.777778 53.333333 53.333333 53.333333 52.222222 51.111111 42.222222 100.000000 63.888889 50.000000 53.333333 51.111111 50.000000 100.000000 60.273973 47.777778 53.333333 53.333333 53.333333 52.222222 100.000000 61.971831 50.000000
hsa-mir-1302-7  65.517241 62.500000 62.500000 70.833333 55.769231 76.363636 51.388889 55.555556 55.555556 55.555556 54.166667 59.722222 61.111111 63.888889 100.000000 59.722222 55.555556 56.944444 59.722222 63.888889 88.888889 51.388889 55.555556 55.555556 55.555556 56.944444 63.888889 98.591549 59.722222
hsa-mir-1302-8  68.965517 58.593750 59.016393 55.769231 61.538462 74.545455 61.718750 51.562500 51.562500 51.562500 51.562500 59.375000 50.000000 50.000000 59.722222 100.000000 51.562500 50.000000 98.437500 50.000000 60.273973 61.718750 50.781250 51.562500 51.562500 51.562500 50.561798 60.563380 100.000000
hsa-mir-1302-9  63.793103 58.208955 65.573770 70.192308 63.461538 80.000000 56.521739 100.000000 100.000000 100.000000 98.550725 55.797101 49.275362 53.333333 55.555556 51.562500 100.000000 97.080292 50.781250 53.333333 56.164384 56.521739 97.810219 98.540146 98.540146 98.540146 53.932584 56.338028 51.968504
ppy-mir-1302-1  65.517241 62.686567 65.573770 72.115385 61.538462 80.000000 58.394161 97.080292 97.080292 97.080292 97.080292 56.934307 50.364964 51.111111 56.944444 50.000000 97.080292 100.000000 49.218750 51.111111 57.534247 58.394161 97.810219 97.810219 98.540146 98.540146 51.685393 57.746479 50.393701
ppy-mir-1302-2  68.965517 59.375000 59.016393 55.769231 61.538462 74.545455 63.281250 50.781250 50.781250 50.781250 50.781250 59.375000 50.000000 50.000000 59.722222 98.437500 50.781250 49.218750 100.000000 50.000000 60.273973 63.281250 50.000000 50.781250 50.781250 50.781250 50.561798 60.563380 98.425197
ppy-mir-1302-3  60.344828 55.555556 50.000000 50.000000 59.615385 72.727273 47.777778 53.333333 53.333333 53.333333 52.222222 51.111111 42.222222 100.000000 63.888889 50.000000 53.333333 51.111111 50.000000 100.000000 60.273973 47.777778 53.333333 53.333333 53.333333 52.222222 100.000000 61.971831 50.000000
ppy-mir-1302-4  70.689655 57.534247 58.904110 67.123288 57.692308 80.000000 46.575342 56.164384 56.164384 56.164384 54.794521 61.643836 63.013699 60.273973 88.888889 60.273973 56.164384 57.534247 60.273973 60.273973 100.000000 46.575342 56.164384 56.164384 56.164384 57.534247 60.273973 90.140845 60.273973
ptr-mir-1302-1  63.793103 67.164179 76.229508 68.269231 61.538462 69.090909 100.000000 56.521739 56.521739 56.521739 57.971014 59.859155 58.450704 47.777778 51.388889 61.718750 56.521739 58.394161 63.281250 47.777778 46.575342 100.000000 58.394161 59.124088 59.124088 56.934307 48.314607 49.295775 62.204724
ptr-mir-1302-2  63.793103 60.447761 63.934426 69.230769 63.461538 80.000000 58.394161 97.810219 97.810219 97.810219 97.810219 56.204380 50.364964 53.333333 55.555556 50.781250 97.810219 97.810219 50.000000 53.333333 56.164384 58.394161 100.000000 98.540146 99.270073 97.810219 53.932584 56.338028 51.181102
ptr-mir-1302-3  63.793103 61.194030 64.754098 71.153846 63.461538 80.000000 59.124088 98.540146 98.540146 98.540146 98.540146 56.934307 49.635036 53.333333 55.555556 51.562500 98.540146 97.810219 50.781250 53.333333 56.164384 59.124088 98.540146 100.000000 99.270073 97.810219 53.932584 56.338028 51.968504
ptr-mir-1302-4  63.793103 61.194030 64.754098 71.153846 63.461538 80.000000 59.124088 98.540146 98.540146 98.540146 98.540146 56.934307 51.094891 53.333333 55.555556 51.562500 98.540146 98.540146 50.781250 53.333333 56.164384 59.124088 99.270073 99.270073 100.000000 98.540146 53.932584 56.338028 51.968504
ptr-mir-1302-5  65.517241 60.447761 67.213115 71.153846 63.461538 81.818182 56.934307 98.540146 98.540146 98.540146 97.080292 56.204380 49.635036 52.222222 56.944444 51.562500 98.540146 98.540146 50.781250 52.222222 57.534247 56.934307 97.810219 97.810219 98.540146 100.000000 52.808989 57.746479 51.968504
ptr-mir-1302-6  60.344828 56.179775 50.561798 50.561798 59.615385 72.727273 48.314607 53.932584 53.932584 53.932584 52.808989 51.685393 42.696629 100.000000 63.888889 50.561798 53.932584 51.685393 50.561798 100.000000 60.273973 48.314607 53.932584 53.932584 53.932584 52.808989 100.000000 61.971831 50.561798
ptr-mir-1302-7  65.517241 63.380282 64.788732 73.239437 59.615385 80.000000 47.887324 56.338028 56.338028 56.338028 54.929577 60.563380 66.197183 61.971831 98.591549 60.563380 56.338028 57.746479 60.563380 61.971831 90.140845 49.295775 56.338028 56.338028 56.338028 57.746479 61.971831 100.000000 60.563380
ptr-mir-1302-8  68.965517 59.055118 59.016393 55.769231 61.538462 74.545455 62.204724 51.968504 51.968504 51.968504 51.968504 58.267717 50.393701 50.000000 59.722222 100.000000 51.968504 50.393701 98.425197 50.000000 60.273973 62.204724 51.181102 51.968504 51.968504 51.968504 50.561798 60.563380 100.000000
