25
aca-mir-455   100.000000 94.382022 96.551724 83.333333 92.391304 91.304348 83.695652 95.238095 95.238095 96.511628 92.391304 92.391304 96.551724 92.391304 81.707317 84.782609 96.385542 92.391304 91.304348 83.333333 96.250000 98.333333 98.591549 94.047619 97.701149
bta-mir-455   94.382022 100.000000 100.000000 88.461538 100.000000 97.752809 89.887640 100.000000 96.428571 96.511628 100.000000 100.000000 95.402299 100.000000 86.585366 86.516854 97.590361 100.000000 98.876404 88.461538 100.000000 98.333333 98.591549 95.238095 96.551724
cfa-mir-455   96.551724 100.000000 100.000000 86.206897 100.000000 98.275862 94.827586 100.000000 98.275862 98.275862 100.000000 100.000000 96.551724 100.000000 84.482759 89.655172 98.275862 100.000000 100.000000 86.206897 100.000000 98.275862 98.275862 98.275862 98.275862
cgr-mir-455   83.333333 88.461538 86.206897 100.000000 88.461538 88.461538 76.923077 88.461538 85.897436 88.461538 88.461538 88.461538 84.615385 88.461538 96.153846 82.051282 84.615385 88.461538 88.461538 100.000000 88.461538 85.000000 84.507042 84.615385 87.179487
chi-mir-455   92.391304 100.000000 100.000000 88.461538 100.000000 94.791667 81.904762 100.000000 96.428571 96.511628 98.181818 100.000000 95.402299 100.000000 86.585366 81.914894 97.590361 100.000000 100.000000 88.461538 100.000000 98.333333 98.591549 95.238095 96.551724
dre-mir-455-1 91.304348 97.752809 98.275862 88.461538 94.791667 100.000000 87.500000 97.619048 98.809524 98.837209 92.708333 94.791667 95.402299 94.791667 86.585366 84.042553 97.590361 94.791667 94.736842 88.461538 97.500000 96.666667 100.000000 97.619048 96.551724
dre-mir-455-2 83.695652 89.887640 94.827586 76.923077 81.904762 87.500000 100.000000 89.285714 91.666667 89.534884 80.952381 86.458333 87.356322 86.458333 78.048780 77.659574 91.566265 86.458333 86.315789 76.923077 87.500000 93.333333 91.549296 91.666667 88.505747
efu-mir-455   95.238095 100.000000 100.000000 88.461538 100.000000 97.619048 89.285714 100.000000 95.238095 96.428571 100.000000 100.000000 96.428571 100.000000 84.146341 89.285714 97.590361 100.000000 100.000000 88.461538 100.000000 98.333333 98.591549 94.047619 97.619048
fru-mir-455   95.238095 96.428571 98.275862 85.897436 96.428571 98.809524 91.666667 95.238095 100.000000 98.809524 96.428571 96.428571 96.428571 96.428571 85.365854 91.666667 98.795181 96.428571 96.428571 85.897436 95.000000 96.666667 98.591549 96.428571 97.619048
gga-mir-455   96.511628 96.511628 98.275862 88.461538 96.511628 98.837209 89.534884 96.428571 98.809524 100.000000 96.511628 96.511628 97.674419 96.511628 86.585366 93.023256 97.590361 96.511628 95.348837 88.461538 97.500000 96.666667 100.000000 97.619048 98.837209
ggo-mir-455   92.391304 100.000000 100.000000 88.461538 98.181818 92.708333 80.952381 100.000000 96.428571 96.511628 100.000000 96.875000 95.402299 96.875000 86.585366 81.914894 97.590361 96.875000 96.842105 88.461538 100.000000 98.333333 98.591549 95.238095 96.551724
hsa-mir-455   92.391304 100.000000 100.000000 88.461538 100.000000 94.791667 86.458333 100.000000 96.428571 96.511628 96.875000 100.000000 95.402299 100.000000 86.585366 81.914894 97.590361 100.000000 100.000000 88.461538 100.000000 98.333333 98.591549 95.238095 96.551724
mdo-mir-455   96.551724 95.402299 96.551724 84.615385 95.402299 95.402299 87.356322 96.428571 96.428571 97.674419 95.402299 95.402299 100.000000 95.402299 84.146341 91.954023 97.590361 95.402299 94.252874 84.615385 97.500000 95.000000 98.591549 95.238095 98.850575
mml-mir-455   92.391304 100.000000 100.000000 88.461538 100.000000 94.791667 86.458333 100.000000 96.428571 96.511628 96.875000 100.000000 95.402299 100.000000 86.585366 81.914894 97.590361 100.000000 100.000000 88.461538 100.000000 98.333333 98.591549 95.238095 96.551724
mmu-mir-455   81.707317 86.585366 84.482759 96.153846 86.585366 86.585366 78.048780 84.146341 85.365854 86.585366 86.585366 86.585366 84.146341 86.585366 100.000000 81.707317 82.926829 86.585366 85.365854 96.153846 83.750000 83.333333 81.690141 82.926829 85.365854
oha-mir-455   84.782609 86.516854 89.655172 82.051282 81.914894 84.042553 77.659574 89.285714 91.666667 93.023256 81.914894 81.914894 91.954023 81.914894 81.707317 100.000000 90.361446 81.914894 80.851064 82.051282 90.000000 86.666667 91.549296 90.476190 91.954023
ola-mir-455   96.385542 97.590361 98.275862 84.615385 97.590361 97.590361 91.566265 97.590361 98.795181 97.590361 97.590361 97.590361 97.590361 97.590361 82.926829 90.361446 100.000000 97.590361 97.590361 84.615385 96.250000 96.666667 98.591549 95.180723 98.795181
ppy-mir-455   92.391304 100.000000 100.000000 88.461538 100.000000 94.791667 86.458333 100.000000 96.428571 96.511628 96.875000 100.000000 95.402299 100.000000 86.585366 81.914894 97.590361 100.000000 100.000000 88.461538 100.000000 98.333333 98.591549 95.238095 96.551724
ptr-mir-455   91.304348 98.876404 100.000000 88.461538 100.000000 94.736842 86.315789 100.000000 96.428571 95.348837 96.842105 100.000000 94.252874 100.000000 85.365854 80.851064 97.590361 100.000000 100.000000 88.461538 100.000000 98.333333 98.591549 95.238095 95.402299
rno-mir-455   83.333333 88.461538 86.206897 100.000000 88.461538 88.461538 76.923077 88.461538 85.897436 88.461538 88.461538 88.461538 84.615385 88.461538 96.153846 82.051282 84.615385 88.461538 88.461538 100.000000 88.461538 85.000000 84.507042 84.615385 87.179487
ssc-mir-455   96.250000 100.000000 100.000000 88.461538 100.000000 97.500000 87.500000 100.000000 95.000000 97.500000 100.000000 100.000000 97.500000 100.000000 83.750000 90.000000 96.250000 100.000000 100.000000 88.461538 100.000000 98.333333 98.591549 95.000000 98.750000
tch-mir-455   98.333333 98.333333 98.275862 85.000000 98.333333 96.666667 93.333333 98.333333 96.666667 96.666667 98.333333 98.333333 95.000000 98.333333 83.333333 86.666667 96.666667 98.333333 98.333333 85.000000 98.333333 100.000000 96.666667 96.666667 96.666667
tgu-mir-455   98.591549 98.591549 98.275862 84.507042 98.591549 100.000000 91.549296 98.591549 98.591549 100.000000 98.591549 98.591549 98.591549 98.591549 81.690141 91.549296 98.591549 98.591549 98.591549 84.507042 98.591549 96.666667 100.000000 98.591549 100.000000
tni-mir-455   94.047619 95.238095 98.275862 84.615385 95.238095 97.619048 91.666667 94.047619 96.428571 97.619048 95.238095 95.238095 95.238095 95.238095 82.926829 90.476190 95.180723 95.238095 95.238095 84.615385 95.000000 96.666667 98.591549 100.000000 96.428571
xtr-mir-455   97.701149 96.551724 98.275862 87.179487 96.551724 96.551724 88.505747 97.619048 97.619048 98.837209 96.551724 96.551724 98.850575 96.551724 85.365854 91.954023 98.795181 96.551724 95.402299 87.179487 98.750000 96.666667 100.000000 96.428571 100.000000
