53
aae-mir-137-1 100.000000 98.058252 53.061224 48.453608 92.307692 62.000000 80.487805 51.485149 62.222222 54.901961 69.090909 64.102564 53.846154 97.802198 55.445545 51.648352 44.230769 47.524752 58.823529 50.961538 48.076923 55.769231 65.753425 65.714286 54.166667 58.653846 54.901961 35.643564 50.495050 67.857143 67.796610 54.901961 65.753425 59.803922 56.000000 51.923077 45.000000 56.097561 50.000000 52.808989 56.179775 54.901961 55.445545 52.941176 48.514851 58.333333 60.975610 81.818182 68.493151 65.714286 56.435644 56.435644 56.435644
aae-mir-137-2 98.058252 100.000000 53.061224 48.453608 92.307692 62.000000 80.487805 50.495050 62.222222 54.901961 69.090909 64.102564 54.368932 97.802198 55.445545 51.648352 44.660194 47.524752 58.823529 51.456311 48.543689 54.368932 65.753425 65.714286 54.166667 58.252427 54.901961 35.643564 50.495050 67.857143 67.796610 54.901961 65.753425 59.803922 56.000000 52.427184 43.000000 56.097561 50.000000 52.808989 56.179775 54.901961 55.445545 52.941176 48.514851 58.333333 60.975610 81.818182 68.493151 65.714286 56.435644 56.435644 56.435644
aca-mir-137a  53.061224 53.061224 100.000000 73.195876 57.142857 53.061224 51.219512 50.000000 55.555556 91.836735 100.000000 100.000000 91.836735 57.142857 44.897959 40.659341 40.816327 46.938776 90.588235 81.632653 40.816327 37.755102 100.000000 84.285714 93.750000 51.020408 91.836735 37.755102 48.979592 100.000000 86.440678 91.836735 100.000000 50.000000 50.000000 93.877551 67.346939 85.365854 63.541667 71.910112 68.539326 91.836735 91.836735 93.877551 45.918367 56.944444 100.000000 59.740260 100.000000 84.285714 88.775510 88.775510 88.775510
aca-mir-137b  48.453608 48.453608 73.195876 100.000000 50.549451 53.608247 48.780488 50.515464 50.000000 71.134021 89.090909 82.051282 71.134021 50.549451 47.422680 45.054945 40.206186 42.268041 77.647059 65.979381 42.268041 41.237113 84.931507 84.285714 71.875000 48.453608 71.134021 37.113402 50.515464 87.500000 91.525424 71.134021 84.931507 44.329897 51.546392 73.195876 74.226804 95.121951 72.916667 67.415730 69.662921 71.134021 71.134021 71.134021 48.453608 61.111111 81.707317 59.740260 82.191781 84.285714 73.195876 73.195876 73.195876
aga-mir-137   92.307692 92.307692 57.142857 50.549451 100.000000 60.439560 78.048780 57.142857 56.666667 57.142857 69.090909 64.102564 57.142857 93.406593 63.736264 52.747253 50.549451 46.153846 58.823529 53.846154 52.747253 58.241758 65.753425 65.714286 57.142857 62.637363 57.142857 39.560440 54.945055 67.857143 67.796610 57.142857 65.753425 62.637363 59.340659 57.142857 46.153846 56.097561 50.549451 52.808989 56.179775 57.142857 57.142857 57.142857 52.747253 58.333333 60.975610 76.623377 68.493151 65.714286 58.241758 58.241758 58.241758
ame-mir-137   62.000000 62.000000 53.061224 53.608247 60.439560 100.000000 64.634146 51.000000 65.555556 46.000000 67.272727 58.974359 46.000000 61.538462 54.000000 50.549451 47.000000 45.000000 51.764706 43.000000 46.000000 43.000000 63.013699 62.857143 47.916667 59.000000 46.000000 38.000000 54.000000 62.500000 76.271186 46.000000 63.013699 60.000000 91.000000 49.000000 50.000000 57.317073 46.875000 60.674157 56.179775 46.000000 46.000000 46.000000 48.000000 55.555556 56.097561 68.831169 63.013699 62.857143 49.000000 49.000000 49.000000
api-mir-137   80.487805 80.487805 51.219512 48.780488 78.048780 64.634146 100.000000 50.000000 63.414634 51.219512 56.363636 53.846154 51.219512 79.268293 59.756098 53.658537 56.097561 51.219512 48.780488 47.560976 53.658537 59.756098 54.794521 58.571429 51.219512 65.853659 51.219512 46.341463 60.975610 57.142857 62.711864 51.219512 54.794521 65.853659 64.634146 51.219512 50.000000 50.000000 50.000000 50.000000 52.439024 51.219512 51.219512 51.219512 50.000000 44.444444 51.219512 75.324675 57.534247 58.571429 52.439024 52.439024 52.439024
bfl-mir-137   51.485149 50.495050 50.000000 50.515464 57.142857 51.000000 50.000000 100.000000 60.000000 48.514851 67.272727 62.820513 48.514851 56.043956 46.534653 45.054945 44.554455 38.613861 61.176471 49.504950 46.534653 37.623762 64.383562 70.000000 51.041667 57.425743 48.514851 35.643564 56.435644 58.928571 67.796610 48.514851 64.383562 52.475248 46.000000 48.514851 47.000000 58.536585 56.250000 47.191011 51.685393 48.514851 48.514851 48.514851 52.475248 51.388889 59.756098 59.740260 61.643836 70.000000 51.485149 51.485149 51.485149
bmo-mir-137   62.222222 62.222222 55.555556 50.000000 56.666667 65.555556 63.414634 60.000000 100.000000 55.555556 61.818182 61.538462 55.555556 57.777778 52.222222 51.111111 51.111111 48.888889 55.294118 53.333333 51.111111 48.888889 60.273973 70.000000 55.555556 81.111111 55.555556 44.444444 54.444444 58.928571 71.186441 55.555556 60.273973 76.666667 63.333333 55.555556 51.111111 53.658537 58.888889 49.438202 55.056180 55.555556 55.555556 55.555556 61.111111 51.388889 60.975610 77.922078 63.013699 70.000000 54.444444 54.444444 54.444444
bta-mir-137   54.901961 54.901961 91.836735 71.134021 57.142857 46.000000 51.219512 48.514851 55.555556 100.000000 100.000000 100.000000 100.000000 60.439560 45.544554 40.659341 43.137255 47.524752 90.588235 82.352941 39.215686 38.235294 100.000000 84.285714 98.958333 50.980392 100.000000 39.603960 50.495050 100.000000 86.440678 100.000000 100.000000 48.039216 45.000000 92.156863 67.000000 85.365854 65.625000 71.910112 68.539326 100.000000 100.000000 99.019608 52.475248 56.944444 100.000000 59.740260 100.000000 84.285714 88.118812 88.118812 88.118812
cfa-mir-137   69.090909 69.090909 100.000000 89.090909 69.090909 67.272727 56.363636 67.272727 61.818182 100.000000 100.000000 100.000000 100.000000 69.090909 67.272727 50.909091 50.909091 70.909091 92.727273 92.727273 50.909091 47.272727 100.000000 85.454545 100.000000 65.454545 100.000000 50.909091 69.090909 87.272727 85.454545 100.000000 100.000000 65.454545 65.454545 100.000000 89.090909 89.090909 89.090909 80.000000 90.909091 100.000000 100.000000 100.000000 63.636364 65.454545 100.000000 65.454545 100.000000 85.454545 100.000000 100.000000 100.000000
cgr-mir-137   64.102564 64.102564 100.000000 82.051282 64.102564 58.974359 53.846154 62.820513 61.538462 100.000000 100.000000 100.000000 100.000000 64.102564 52.564103 46.153846 50.000000 53.846154 93.589744 94.871795 46.153846 47.435897 100.000000 84.285714 100.000000 61.538462 100.000000 43.589744 58.974359 100.000000 86.440678 100.000000 100.000000 60.256410 57.692308 100.000000 83.333333 85.897436 78.205128 75.641026 78.205128 100.000000 100.000000 100.000000 57.692308 56.944444 100.000000 59.740260 98.630137 84.285714 98.717949 98.717949 98.717949
chi-mir-137   53.846154 54.368932 91.836735 71.134021 57.142857 46.000000 51.219512 48.514851 55.555556 100.000000 100.000000 100.000000 100.000000 60.439560 45.544554 40.659341 41.904762 47.524752 90.588235 80.000000 38.095238 37.142857 100.000000 84.285714 98.958333 49.523810 100.000000 39.603960 50.495050 100.000000 86.440678 100.000000 100.000000 48.039216 45.000000 92.380952 67.000000 85.365854 65.625000 71.910112 68.539326 100.000000 100.000000 99.019608 52.475248 56.944444 100.000000 59.740260 100.000000 84.285714 88.118812 88.118812 88.118812
cqu-mir-137   97.802198 97.802198 57.142857 50.549451 93.406593 61.538462 79.268293 56.043956 57.777778 60.439560 69.090909 64.102564 60.439560 100.000000 59.340659 50.549451 49.450549 50.549451 58.823529 53.846154 50.549451 59.340659 65.753425 65.714286 59.340659 63.736264 60.439560 39.560440 57.142857 67.857143 67.796610 60.439560 65.753425 63.736264 59.340659 57.142857 46.153846 56.097561 50.549451 52.808989 56.179775 60.439560 60.439560 60.439560 52.747253 58.333333 60.975610 79.220779 68.493151 65.714286 58.241758 58.241758 58.241758
cte-mir-137   55.445545 55.445545 44.897959 47.422680 63.736264 54.000000 59.756098 46.534653 52.222222 45.544554 67.272727 52.564103 45.544554 59.340659 100.000000 49.450549 37.623762 37.623762 52.941176 47.524752 46.534653 47.524752 56.164384 67.142857 47.916667 57.425743 45.544554 36.633663 54.455446 57.142857 79.661017 45.544554 56.164384 56.435644 52.000000 45.544554 45.000000 56.097561 48.958333 51.685393 53.932584 45.544554 45.544554 45.544554 46.534653 66.666667 53.658537 72.727273 58.904110 67.142857 46.534653 46.534653 46.534653
dme-mir-137   51.648352 51.648352 40.659341 45.054945 52.747253 50.549451 53.658537 45.054945 51.111111 40.659341 50.909091 46.153846 40.659341 50.549451 49.450549 100.000000 85.714286 41.758242 43.529412 40.659341 100.000000 72.527473 49.315068 54.285714 40.659341 45.054945 40.659341 45.054945 47.252747 48.214286 61.016949 40.659341 49.315068 42.857143 50.549451 40.659341 45.054945 47.560976 45.054945 42.696629 48.314607 40.659341 40.659341 40.659341 43.956044 62.500000 43.902439 55.844156 49.315068 54.285714 42.857143 42.857143 42.857143
dps-mir-137   44.230769 44.660194 40.816327 40.206186 50.549451 47.000000 56.097561 44.554455 51.111111 43.137255 50.909091 50.000000 41.904762 49.450549 37.623762 85.714286 100.000000 45.544554 47.058824 40.540541 83.636364 65.765766 50.684932 57.142857 42.708333 41.818182 43.137255 43.564356 51.485149 48.214286 59.322034 43.137255 50.684932 42.156863 48.000000 39.090909 40.000000 47.560976 45.833333 46.067416 47.191011 43.137255 42.574257 43.137255 41.584158 55.555556 47.560976 51.948052 49.315068 57.142857 48.514851 48.514851 48.514851
dpu-mir-137   47.524752 47.524752 46.938776 42.268041 46.153846 45.000000 51.219512 38.613861 48.888889 47.524752 70.909091 53.846154 47.524752 50.549451 37.623762 41.758242 45.544554 100.000000 49.411765 44.554455 38.613861 41.584158 57.534247 55.714286 47.916667 49.504950 47.524752 40.594059 44.554455 60.714286 61.016949 47.524752 57.534247 48.514851 41.000000 45.544554 40.000000 52.439024 40.625000 47.191011 41.573034 47.524752 47.524752 47.524752 43.564356 62.500000 53.658537 54.545455 57.534247 55.714286 45.544554 45.544554 45.544554
dre-mir-137-1 58.823529 58.823529 90.588235 77.647059 58.823529 51.764706 48.780488 61.176471 55.294118 90.588235 92.727273 93.589744 90.588235 58.823529 52.941176 43.529412 47.058824 49.411765 100.000000 96.470588 43.529412 47.058824 93.150685 78.571429 90.588235 52.941176 90.588235 41.176471 55.294118 91.071429 83.050847 90.588235 93.150685 52.941176 51.764706 90.588235 75.294118 84.146341 70.588235 76.470588 67.058824 90.588235 90.588235 90.588235 60.000000 54.166667 92.682927 57.142857 93.150685 78.571429 94.117647 94.117647 94.117647
dre-mir-137-2 50.961538 51.456311 81.632653 65.979381 53.846154 43.000000 47.560976 49.504950 53.333333 82.352941 92.727273 94.871795 80.000000 53.846154 47.524752 40.659341 40.540541 44.554455 96.470588 100.000000 36.363636 35.714286 94.520548 80.000000 87.500000 44.545455 82.352941 41.584158 46.534653 92.857143 83.050847 82.352941 94.520548 42.156863 49.000000 76.363636 65.000000 81.707317 63.541667 74.157303 65.168539 82.352941 83.168317 83.333333 48.514851 54.166667 95.121951 55.844156 94.520548 80.000000 80.198020 80.198020 80.198020
dsi-mir-137   48.076923 48.543689 40.816327 42.268041 52.747253 46.000000 53.658537 46.534653 51.111111 39.215686 50.909091 46.153846 38.095238 50.549451 46.534653 100.000000 83.636364 38.613861 43.529412 36.363636 100.000000 68.181818 49.315068 54.285714 39.583333 40.909091 39.215686 41.584158 42.574257 48.214286 61.016949 39.215686 49.315068 40.196078 48.000000 38.181818 42.000000 47.560976 43.750000 42.696629 48.314607 39.215686 38.613861 40.196078 39.603960 62.500000 43.902439 55.844156 49.315068 54.285714 45.544554 45.544554 45.544554
dvi-mir-137   55.769231 54.368932 37.755102 41.237113 58.241758 43.000000 59.756098 37.623762 48.888889 38.235294 47.272727 47.435897 37.142857 59.340659 47.524752 72.527473 65.765766 41.584158 47.058824 35.714286 68.181818 100.000000 46.575342 51.428571 38.541667 45.454545 38.235294 41.584158 41.584158 44.642857 55.932203 38.235294 46.575342 50.000000 44.000000 40.000000 36.000000 45.121951 38.541667 43.820225 46.067416 38.235294 38.613861 38.235294 42.574257 56.944444 45.121951 64.935065 50.684932 51.428571 42.574257 42.574257 42.574257
eca-mir-137   65.753425 65.753425 100.000000 84.931507 65.753425 63.013699 54.794521 64.383562 60.273973 100.000000 100.000000 100.000000 100.000000 65.753425 56.164384 49.315068 50.684932 57.534247 93.150685 94.520548 49.315068 46.575342 100.000000 84.285714 100.000000 63.013699 100.000000 43.835616 60.273973 100.000000 86.440678 100.000000 100.000000 58.904110 61.643836 100.000000 89.041096 89.041096 80.821918 78.082192 83.561644 100.000000 100.000000 100.000000 61.643836 56.944444 100.000000 63.013699 94.520548 84.285714 98.630137 98.630137 98.630137
fru-mir-137   65.714286 65.714286 84.285714 84.285714 65.714286 62.857143 58.571429 70.000000 70.000000 84.285714 85.454545 84.285714 84.285714 65.714286 67.142857 54.285714 57.142857 55.714286 78.571429 80.000000 54.285714 51.428571 84.285714 100.000000 84.285714 65.714286 84.285714 47.142857 65.714286 83.928571 86.440678 84.285714 84.285714 62.857143 60.000000 84.285714 87.142857 85.714286 95.714286 70.000000 80.000000 84.285714 84.285714 84.285714 68.571429 65.714286 84.285714 68.571429 80.000000 100.000000 82.857143 82.857143 82.857143
gga-mir-137   54.166667 54.166667 93.750000 71.875000 57.142857 47.916667 51.219512 51.041667 55.555556 98.958333 100.000000 100.000000 98.958333 59.340659 47.916667 40.659341 42.708333 47.916667 90.588235 87.500000 39.583333 38.541667 100.000000 84.285714 100.000000 52.083333 98.958333 38.541667 52.083333 100.000000 86.440678 98.958333 100.000000 51.041667 46.875000 96.875000 68.750000 85.365854 63.541667 71.910112 68.539326 98.958333 98.958333 98.958333 50.000000 56.944444 100.000000 59.740260 100.000000 84.285714 89.583333 89.583333 89.583333
hme-mir-137   58.653846 58.252427 51.020408 48.453608 62.637363 59.000000 65.853659 57.425743 81.111111 50.980392 65.454545 61.538462 49.523810 63.736264 57.425743 45.054945 41.818182 49.504950 52.941176 44.545455 40.909091 45.454545 63.013699 65.714286 52.083333 100.000000 50.980392 39.603960 43.564356 62.500000 69.491525 50.980392 63.013699 78.431373 52.000000 47.272727 47.000000 56.097561 54.166667 51.685393 52.808989 50.980392 50.495050 50.980392 64.356436 51.388889 58.536585 84.415584 63.013699 65.714286 52.475248 52.475248 52.475248
hsa-mir-137   54.901961 54.901961 91.836735 71.134021 57.142857 46.000000 51.219512 48.514851 55.555556 100.000000 100.000000 100.000000 100.000000 60.439560 45.544554 40.659341 43.137255 47.524752 90.588235 82.352941 39.215686 38.235294 100.000000 84.285714 98.958333 50.980392 100.000000 39.603960 50.495050 100.000000 86.440678 100.000000 100.000000 48.039216 45.000000 92.156863 67.000000 85.365854 65.625000 71.910112 68.539326 100.000000 100.000000 99.019608 52.475248 56.944444 100.000000 59.740260 100.000000 84.285714 88.118812 88.118812 88.118812
isc-mir-137   35.643564 35.643564 37.755102 37.113402 39.560440 38.000000 46.341463 35.643564 44.444444 39.603960 50.909091 43.589744 39.603960 39.560440 36.633663 45.054945 43.564356 40.594059 41.176471 41.584158 41.584158 41.584158 43.835616 47.142857 38.541667 39.603960 39.603960 100.000000 45.544554 44.642857 57.627119 39.603960 43.835616 37.623762 43.000000 36.633663 41.000000 42.682927 40.625000 52.808989 40.449438 39.603960 38.613861 39.603960 37.623762 44.444444 42.682927 50.649351 43.835616 47.142857 35.643564 35.643564 35.643564
lgi-mir-137   50.495050 50.495050 48.979592 50.515464 54.945055 54.000000 60.975610 56.435644 54.444444 50.495050 69.090909 58.974359 50.495050 57.142857 54.455446 47.252747 51.485149 44.554455 55.294118 46.534653 42.574257 41.584158 60.273973 65.714286 52.083333 43.564356 50.495050 45.544554 100.000000 60.714286 72.881356 50.495050 60.273973 43.564356 53.000000 50.495050 49.000000 59.756098 52.083333 53.932584 53.932584 50.495050 50.495050 50.495050 45.544554 58.333333 56.097561 61.038961 57.534247 65.714286 49.504950 49.504950 49.504950
mdo-mir-137a  67.857143 67.857143 100.000000 87.500000 67.857143 62.500000 57.142857 58.928571 58.928571 100.000000 87.272727 100.000000 100.000000 67.857143 57.142857 48.214286 48.214286 60.714286 91.071429 92.857143 48.214286 44.642857 100.000000 83.928571 100.000000 62.500000 100.000000 44.642857 60.714286 100.000000 75.000000 100.000000 100.000000 58.928571 60.714286 100.000000 89.285714 87.500000 83.928571 80.357143 87.500000 100.000000 100.000000 100.000000 57.142857 58.928571 100.000000 62.500000 100.000000 83.928571 98.214286 98.214286 98.214286
mdo-mir-137b  67.796610 67.796610 86.440678 91.525424 67.796610 76.271186 62.711864 67.796610 71.186441 86.440678 85.454545 86.440678 86.440678 67.796610 79.661017 61.016949 59.322034 61.016949 83.050847 83.050847 61.016949 55.932203 86.440678 86.440678 86.440678 69.491525 86.440678 57.627119 72.881356 75.000000 100.000000 86.440678 86.440678 69.491525 76.271186 86.440678 93.220339 89.830508 89.830508 84.745763 89.830508 86.440678 86.440678 86.440678 72.881356 69.491525 86.440678 72.881356 86.440678 86.440678 86.440678 86.440678 86.440678
mml-mir-137   54.901961 54.901961 91.836735 71.134021 57.142857 46.000000 51.219512 48.514851 55.555556 100.000000 100.000000 100.000000 100.000000 60.439560 45.544554 40.659341 43.137255 47.524752 90.588235 82.352941 39.215686 38.235294 100.000000 84.285714 98.958333 50.980392 100.000000 39.603960 50.495050 100.000000 86.440678 100.000000 100.000000 48.039216 45.000000 92.156863 67.000000 85.365854 65.625000 71.910112 68.539326 100.000000 100.000000 99.019608 52.475248 56.944444 100.000000 59.740260 100.000000 84.285714 88.118812 88.118812 88.118812
mmu-mir-137   65.753425 65.753425 100.000000 84.931507 65.753425 63.013699 54.794521 64.383562 60.273973 100.000000 100.000000 100.000000 100.000000 65.753425 56.164384 49.315068 50.684932 57.534247 93.150685 94.520548 49.315068 46.575342 100.000000 84.285714 100.000000 63.013699 100.000000 43.835616 60.273973 100.000000 86.440678 100.000000 100.000000 58.904110 61.643836 100.000000 89.041096 89.041096 80.821918 78.082192 83.561644 100.000000 100.000000 100.000000 61.643836 56.944444 100.000000 63.013699 94.520548 84.285714 98.630137 98.630137 98.630137
mse-mir-137   59.803922 59.803922 50.000000 44.329897 62.637363 60.000000 65.853659 52.475248 76.666667 48.039216 65.454545 60.256410 48.039216 63.736264 56.435644 42.857143 42.156863 48.514851 52.941176 42.156863 40.196078 50.000000 58.904110 62.857143 51.041667 78.431373 48.039216 37.623762 43.564356 58.928571 69.491525 48.039216 58.904110 100.000000 56.000000 48.039216 45.000000 52.439024 48.958333 55.056180 59.550562 48.039216 48.514851 48.039216 59.405941 51.388889 57.317073 84.415584 61.643836 62.857143 48.514851 48.514851 48.514851
nvi-mir-137   56.000000 56.000000 50.000000 51.546392 59.340659 91.000000 64.634146 46.000000 63.333333 45.000000 65.454545 57.692308 45.000000 59.340659 52.000000 50.549451 48.000000 41.000000 51.764706 49.000000 48.000000 44.000000 61.643836 60.000000 46.875000 52.000000 45.000000 43.000000 53.000000 60.714286 76.271186 45.000000 61.643836 56.000000 100.000000 45.000000 51.000000 58.536585 48.958333 57.303371 57.303371 45.000000 45.000000 45.000000 46.000000 55.555556 54.878049 67.532468 61.643836 60.000000 48.000000 48.000000 48.000000
oan-mir-137a  51.923077 52.427184 93.877551 73.195876 57.142857 49.000000 51.219512 48.514851 55.555556 92.156863 100.000000 100.000000 92.380952 57.142857 45.544554 40.659341 39.090909 45.544554 90.588235 76.363636 38.181818 40.000000 100.000000 84.285714 96.875000 47.272727 92.156863 36.633663 50.495050 100.000000 86.440678 92.156863 100.000000 48.039216 45.000000 100.000000 65.000000 85.365854 63.541667 71.910112 68.539326 92.156863 92.079208 92.156863 48.514851 56.944444 100.000000 59.740260 100.000000 84.285714 91.089109 91.089109 91.089109
oan-mir-137b  45.000000 43.000000 67.346939 74.226804 46.153846 50.000000 50.000000 47.000000 51.111111 67.000000 89.090909 83.333333 67.000000 46.153846 45.000000 45.054945 40.000000 40.000000 75.294118 65.000000 42.000000 36.000000 89.041096 87.142857 68.750000 47.000000 67.000000 41.000000 49.000000 89.285714 93.220339 67.000000 89.041096 45.000000 51.000000 65.000000 100.000000 87.804878 70.833333 74.157303 69.662921 67.000000 67.000000 67.000000 50.000000 62.500000 79.268293 57.142857 83.561644 87.142857 66.000000 66.000000 66.000000
oha-mir-137   56.097561 56.097561 85.365854 95.121951 56.097561 57.317073 50.000000 58.536585 53.658537 85.365854 89.090909 85.897436 85.365854 56.097561 56.097561 47.560976 47.560976 52.439024 84.146341 81.707317 47.560976 45.121951 89.041096 85.714286 85.365854 56.097561 85.365854 42.682927 59.756098 87.500000 89.830508 85.365854 89.041096 52.439024 58.536585 85.365854 87.804878 100.000000 81.707317 74.390244 78.048780 85.365854 85.365854 85.365854 59.756098 62.500000 85.365854 62.337662 84.931507 85.714286 87.804878 87.804878 87.804878
ola-mir-137   50.000000 50.000000 63.541667 72.916667 50.549451 46.875000 50.000000 56.250000 58.888889 65.625000 89.090909 78.205128 65.625000 50.549451 48.958333 45.054945 45.833333 40.625000 70.588235 63.541667 43.750000 38.541667 80.821918 95.714286 63.541667 54.166667 65.625000 40.625000 52.083333 83.928571 89.830508 65.625000 80.821918 48.958333 48.958333 63.541667 70.833333 81.707317 100.000000 61.797753 66.292135 65.625000 65.625000 65.625000 58.333333 62.500000 74.390244 63.636364 79.452055 95.714286 68.750000 68.750000 68.750000
pma-mir-137-1 52.808989 52.808989 71.910112 67.415730 52.808989 60.674157 50.000000 47.191011 49.438202 71.910112 80.000000 75.641026 71.910112 52.808989 51.685393 42.696629 46.067416 47.191011 76.470588 74.157303 42.696629 43.820225 78.082192 70.000000 71.910112 51.685393 71.910112 52.808989 53.932584 80.357143 84.745763 71.910112 78.082192 55.056180 57.303371 71.910112 74.157303 74.390244 61.797753 100.000000 70.786517 71.910112 71.910112 71.910112 58.426966 55.555556 76.829268 59.740260 80.821918 70.000000 70.786517 70.786517 70.786517
pma-mir-137-2 56.179775 56.179775 68.539326 69.662921 56.179775 56.179775 52.439024 51.685393 55.056180 68.539326 90.909091 78.205128 68.539326 56.179775 53.932584 48.314607 47.191011 41.573034 67.058824 65.168539 48.314607 46.067416 83.561644 80.000000 68.539326 52.808989 68.539326 40.449438 53.932584 87.500000 89.830508 68.539326 83.561644 59.550562 57.303371 68.539326 69.662921 78.048780 66.292135 70.786517 100.000000 68.539326 68.539326 68.539326 56.179775 56.944444 74.390244 62.337662 82.191781 80.000000 68.539326 68.539326 68.539326
ppy-mir-137   54.901961 54.901961 91.836735 71.134021 57.142857 46.000000 51.219512 48.514851 55.555556 100.000000 100.000000 100.000000 100.000000 60.439560 45.544554 40.659341 43.137255 47.524752 90.588235 82.352941 39.215686 38.235294 100.000000 84.285714 98.958333 50.980392 100.000000 39.603960 50.495050 100.000000 86.440678 100.000000 100.000000 48.039216 45.000000 92.156863 67.000000 85.365854 65.625000 71.910112 68.539326 100.000000 100.000000 99.019608 52.475248 56.944444 100.000000 59.740260 100.000000 84.285714 88.118812 88.118812 88.118812
ptr-mir-137   55.445545 55.445545 91.836735 71.134021 57.142857 46.000000 51.219512 48.514851 55.555556 100.000000 100.000000 100.000000 100.000000 60.439560 45.544554 40.659341 42.574257 47.524752 90.588235 83.168317 38.613861 38.613861 100.000000 84.285714 98.958333 50.495050 100.000000 38.613861 50.495050 100.000000 86.440678 100.000000 100.000000 48.514851 45.000000 92.079208 67.000000 85.365854 65.625000 71.910112 68.539326 100.000000 100.000000 99.009901 51.485149 56.944444 100.000000 59.740260 100.000000 84.285714 87.128713 87.128713 87.128713
rno-mir-137   52.941176 52.941176 93.877551 71.134021 57.142857 46.000000 51.219512 48.514851 55.555556 99.019608 100.000000 100.000000 99.019608 60.439560 45.544554 40.659341 43.137255 47.524752 90.588235 83.333333 40.196078 38.235294 100.000000 84.285714 98.958333 50.980392 99.019608 39.603960 50.495050 100.000000 86.440678 99.019608 100.000000 48.039216 45.000000 92.156863 67.000000 85.365854 65.625000 71.910112 68.539326 99.019608 99.009901 100.000000 52.475248 56.944444 100.000000 59.740260 100.000000 84.285714 90.099010 90.099010 90.099010
sko-mir-137   48.514851 48.514851 45.918367 48.453608 52.747253 48.000000 50.000000 52.475248 61.111111 52.475248 63.636364 57.692308 52.475248 52.747253 46.534653 43.956044 41.584158 43.564356 60.000000 48.514851 39.603960 42.574257 61.643836 68.571429 50.000000 64.356436 52.475248 37.623762 45.544554 57.142857 72.881356 52.475248 61.643836 59.405941 46.000000 48.514851 50.000000 59.756098 58.333333 58.426966 56.179775 52.475248 51.485149 52.475248 100.000000 63.888889 54.878049 64.935065 60.273973 68.571429 50.495050 50.495050 50.495050
spu-mir-137   58.333333 58.333333 56.944444 61.111111 58.333333 55.555556 44.444444 51.388889 51.388889 56.944444 65.454545 56.944444 56.944444 58.333333 66.666667 62.500000 55.555556 62.500000 54.166667 54.166667 62.500000 56.944444 56.944444 65.714286 56.944444 51.388889 56.944444 44.444444 58.333333 58.928571 69.491525 56.944444 56.944444 51.388889 55.555556 56.944444 62.500000 62.500000 62.500000 55.555556 56.944444 56.944444 56.944444 56.944444 63.888889 100.000000 56.944444 56.944444 56.944444 65.714286 56.944444 56.944444 56.944444
ssc-mir-137   60.975610 60.975610 100.000000 81.707317 60.975610 56.097561 51.219512 59.756098 60.975610 100.000000 100.000000 100.000000 100.000000 60.975610 53.658537 43.902439 47.560976 53.658537 92.682927 95.121951 43.902439 45.121951 100.000000 84.285714 100.000000 58.536585 100.000000 42.682927 56.097561 100.000000 86.440678 100.000000 100.000000 57.317073 54.878049 100.000000 79.268293 85.365854 74.390244 76.829268 74.390244 100.000000 100.000000 100.000000 54.878049 56.944444 100.000000 59.740260 100.000000 84.285714 97.560976 97.560976 97.560976
tca-mir-137   81.818182 81.818182 59.740260 59.740260 76.623377 68.831169 75.324675 59.740260 77.922078 59.740260 65.454545 59.740260 59.740260 79.220779 72.727273 55.844156 51.948052 54.545455 57.142857 55.844156 55.844156 64.935065 63.013699 68.571429 59.740260 84.415584 59.740260 50.649351 61.038961 62.500000 72.881356 59.740260 63.013699 84.415584 67.532468 59.740260 57.142857 62.337662 63.636364 59.740260 62.337662 59.740260 59.740260 59.740260 64.935065 56.944444 59.740260 100.000000 63.013699 68.571429 61.038961 61.038961 61.038961
tgu-mir-137   68.493151 68.493151 100.000000 82.191781 68.493151 63.013699 57.534247 61.643836 63.013699 100.000000 100.000000 98.630137 100.000000 68.493151 58.904110 49.315068 49.315068 57.534247 93.150685 94.520548 49.315068 50.684932 94.520548 80.000000 100.000000 63.013699 100.000000 43.835616 57.534247 100.000000 86.440678 100.000000 94.520548 61.643836 61.643836 100.000000 83.561644 84.931507 79.452055 80.821918 82.191781 100.000000 100.000000 100.000000 60.273973 56.944444 100.000000 63.013699 100.000000 80.000000 98.630137 98.630137 98.630137
tni-mir-137   65.714286 65.714286 84.285714 84.285714 65.714286 62.857143 58.571429 70.000000 70.000000 84.285714 85.454545 84.285714 84.285714 65.714286 67.142857 54.285714 57.142857 55.714286 78.571429 80.000000 54.285714 51.428571 84.285714 100.000000 84.285714 65.714286 84.285714 47.142857 65.714286 83.928571 86.440678 84.285714 84.285714 62.857143 60.000000 84.285714 87.142857 85.714286 95.714286 70.000000 80.000000 84.285714 84.285714 84.285714 68.571429 65.714286 84.285714 68.571429 80.000000 100.000000 82.857143 82.857143 82.857143
xtr-mir-137-1 56.435644 56.435644 88.775510 73.195876 58.241758 49.000000 52.439024 51.485149 54.444444 88.118812 100.000000 98.717949 88.118812 58.241758 46.534653 42.857143 48.514851 45.544554 94.117647 80.198020 45.544554 42.574257 98.630137 82.857143 89.583333 52.475248 88.118812 35.643564 49.504950 98.214286 86.440678 88.118812 98.630137 48.514851 48.000000 91.089109 66.000000 87.804878 68.750000 70.786517 68.539326 88.118812 87.128713 90.099010 50.495050 56.944444 97.560976 61.038961 98.630137 82.857143 100.000000 100.000000 100.000000
xtr-mir-137-2 56.435644 56.435644 88.775510 73.195876 58.241758 49.000000 52.439024 51.485149 54.444444 88.118812 100.000000 98.717949 88.118812 58.241758 46.534653 42.857143 48.514851 45.544554 94.117647 80.198020 45.544554 42.574257 98.630137 82.857143 89.583333 52.475248 88.118812 35.643564 49.504950 98.214286 86.440678 88.118812 98.630137 48.514851 48.000000 91.089109 66.000000 87.804878 68.750000 70.786517 68.539326 88.118812 87.128713 90.099010 50.495050 56.944444 97.560976 61.038961 98.630137 82.857143 100.000000 100.000000 100.000000
xtr-mir-137-3 56.435644 56.435644 88.775510 73.195876 58.241758 49.000000 52.439024 51.485149 54.444444 88.118812 100.000000 98.717949 88.118812 58.241758 46.534653 42.857143 48.514851 45.544554 94.117647 80.198020 45.544554 42.574257 98.630137 82.857143 89.583333 52.475248 88.118812 35.643564 49.504950 98.214286 86.440678 88.118812 98.630137 48.514851 48.000000 91.089109 66.000000 87.804878 68.750000 70.786517 68.539326 88.118812 87.128713 90.099010 50.495050 56.944444 97.560976 61.038961 98.630137 82.857143 100.000000 100.000000 100.000000
