8
bta-mir-1343 100.000000 100.000000 96.153846 98.717949 100.000000 84.615385 96.153846 96.153846
cfa-mir-1343 100.000000 100.000000 94.444444 100.000000 100.000000 76.851852 96.428571 98.734177
cgr-mir-1343 96.153846 94.444444 100.000000 96.296296 96.296296 77.777778 92.857143 94.936709
chi-mir-1343 98.717949 100.000000 96.296296 100.000000 95.061728 82.716049 95.061728 94.936709
efu-mir-1343 100.000000 100.000000 96.296296 95.061728 100.000000 85.185185 96.296296 98.734177
ggo-mir-1343 84.615385 76.851852 77.777778 82.716049 85.185185 100.000000 83.333333 83.544304
hsa-mir-1343 96.153846 96.428571 92.857143 95.061728 96.296296 83.333333 100.000000 94.936709
ssc-mir-1343 96.153846 98.734177 94.936709 94.936709 98.734177 83.544304 94.936709 100.000000
