18
bta-mir-497  100.000000 92.537313 100.000000 98.214286 100.000000 100.000000 97.247706 98.214286 84.523810 98.214286 97.619048 46.428571 96.428571 100.000000 100.000000 75.892857 100.000000 100.000000
cfa-mir-497  92.537313 100.000000 92.537313 91.044776 96.610169 92.537313 92.537313 92.537313 82.089552 92.537313 92.537313 56.716418 88.059701 92.537313 92.537313 88.059701 92.537313 95.161290
cgr-mir-497  100.000000 92.537313 100.000000 98.765432 100.000000 100.000000 100.000000 100.000000 81.481481 100.000000 95.061728 55.555556 97.530864 100.000000 100.000000 82.716049 98.750000 100.000000
chi-mir-497  98.214286 91.044776 98.765432 100.000000 98.305085 98.780488 96.330275 96.428571 83.333333 96.428571 96.428571 46.017699 94.642857 98.550725 98.550725 73.451327 98.750000 98.387097
eca-mir-497  100.000000 96.610169 100.000000 98.305085 100.000000 100.000000 100.000000 100.000000 83.050847 100.000000 100.000000 61.016949 96.610169 100.000000 100.000000 86.440678 100.000000 100.000000
efu-mir-497  100.000000 92.537313 100.000000 98.780488 100.000000 100.000000 100.000000 100.000000 82.926829 100.000000 96.341463 54.878049 97.560976 100.000000 100.000000 84.146341 98.750000 100.000000
ggo-mir-497  97.247706 92.537313 100.000000 96.330275 100.000000 100.000000 100.000000 99.082569 84.523810 99.082569 97.619048 46.788991 97.247706 100.000000 100.000000 75.229358 100.000000 100.000000
hsa-mir-497  98.214286 92.537313 100.000000 96.428571 100.000000 100.000000 99.082569 100.000000 84.523810 100.000000 97.619048 45.535714 98.214286 100.000000 100.000000 73.214286 100.000000 100.000000
mdo-mir-497  84.523810 82.089552 81.481481 83.333333 83.050847 82.926829 84.523810 84.523810 100.000000 84.523810 86.904762 51.190476 86.904762 85.507246 85.507246 97.619048 82.500000 83.870968
mml-mir-497  98.214286 92.537313 100.000000 96.428571 100.000000 100.000000 99.082569 100.000000 84.523810 100.000000 97.619048 45.535714 98.214286 100.000000 100.000000 73.214286 100.000000 100.000000
mmu-mir-497a 97.619048 92.537313 95.061728 96.428571 100.000000 96.341463 97.619048 97.619048 86.904762 97.619048 100.000000 57.142857 95.238095 100.000000 100.000000 88.095238 96.250000 100.000000
mmu-mir-497b 46.428571 56.716418 55.555556 46.017699 61.016949 54.878049 46.788991 45.535714 51.190476 45.535714 57.142857 100.000000 45.535714 59.420290 59.420290 39.200000 58.750000 58.064516
ppy-mir-497  96.428571 88.059701 97.530864 94.642857 96.610169 97.560976 97.247706 98.214286 86.904762 98.214286 95.238095 45.535714 100.000000 97.101449 97.101449 74.107143 97.500000 96.774194
ptr-mir-497  100.000000 92.537313 100.000000 98.550725 100.000000 100.000000 100.000000 100.000000 85.507246 100.000000 100.000000 59.420290 97.101449 100.000000 100.000000 86.956522 100.000000 100.000000
rno-mir-497  100.000000 92.537313 100.000000 98.550725 100.000000 100.000000 100.000000 100.000000 85.507246 100.000000 100.000000 59.420290 97.101449 100.000000 100.000000 86.956522 100.000000 100.000000
sha-mir-497  75.892857 88.059701 82.716049 73.451327 86.440678 84.146341 75.229358 73.214286 97.619048 73.214286 88.095238 39.200000 74.107143 86.956522 86.956522 100.000000 83.750000 87.096774
ssc-mir-497  100.000000 92.537313 98.750000 98.750000 100.000000 98.750000 100.000000 100.000000 82.500000 100.000000 96.250000 58.750000 97.500000 100.000000 100.000000 83.750000 100.000000 100.000000
tch-mir-497  100.000000 95.161290 100.000000 98.387097 100.000000 100.000000 100.000000 100.000000 83.870968 100.000000 100.000000 58.064516 96.774194 100.000000 100.000000 87.096774 100.000000 100.000000
