6
cfa-mir-1199 100.000000 93.277311 76.470588 90.756303 93.277311 78.991597
hsa-mir-1199 93.277311 100.000000 77.310924 98.319328 100.000000 79.831933
mmu-mir-1199 76.470588 77.310924 100.000000 76.470588 77.310924 91.596639
ppy-mir-1199 90.756303 98.319328 76.470588 100.000000 98.319328 78.991597
ptr-mir-1199 93.277311 100.000000 77.310924 98.319328 100.000000 79.831933
rno-mir-1199 78.991597 79.831933 91.596639 78.991597 79.831933 100.000000
