26
aca-mir-144 100.000000 63.095238 76.666667 67.500000 59.090909 59.090909 78.787879 69.863014 68.235294 61.363636 62.790698 60.000000 62.790698 78.787879 60.227273 87.142857 63.636364 57.692308 62.790698 62.790698 62.790698 63.855422 71.052632 75.714286 67.567568 75.806452
bta-mir-144 63.095238 100.000000 93.333333 86.250000 94.047619 60.714286 92.424242 73.972603 71.428571 90.476190 90.476190 77.380952 89.285714 90.909091 88.095238 72.857143 70.238095 60.256410 86.904762 89.285714 86.904762 87.951807 94.736842 80.000000 72.972973 88.709677
cfa-mir-144 76.666667 93.333333 100.000000 91.666667 91.666667 75.000000 93.333333 75.000000 81.666667 93.333333 93.333333 85.000000 91.666667 91.666667 88.333333 76.666667 76.666667 63.333333 93.333333 93.333333 93.333333 91.666667 93.333333 85.000000 75.000000 88.333333
cgr-mir-144 67.500000 86.250000 91.666667 100.000000 87.500000 66.250000 98.484848 72.602740 80.000000 95.000000 95.000000 82.500000 96.250000 100.000000 88.750000 74.285714 71.250000 64.102564 95.000000 96.250000 95.000000 97.500000 96.052632 77.142857 71.621622 90.322581
chi-mir-144 59.090909 94.047619 91.666667 87.500000 100.000000 57.303371 93.939394 68.493151 72.941176 92.708333 89.534884 75.294118 88.372093 92.424242 77.083333 70.000000 60.416667 58.974359 86.046512 88.372093 86.046512 89.156627 96.052632 82.857143 67.567568 85.483871
dre-mir-144 59.090909 60.714286 75.000000 66.250000 57.303371 100.000000 72.727273 90.410959 67.058824 59.550562 61.627907 61.176471 61.627907 72.727273 64.044944 72.857143 77.528090 62.820513 61.627907 61.627907 61.627907 61.445783 69.736842 78.571429 85.135135 79.032258
eca-mir-144 78.787879 92.424242 93.333333 98.484848 93.939394 72.727273 100.000000 72.727273 83.333333 100.000000 100.000000 89.393939 98.484848 98.484848 92.424242 78.787879 74.242424 63.636364 100.000000 100.000000 100.000000 98.484848 100.000000 81.818182 71.212121 88.709677
fru-mir-144 69.863014 73.972603 75.000000 72.602740 68.493151 90.410959 72.727273 100.000000 75.342466 72.602740 72.602740 73.972603 72.602740 72.727273 78.082192 68.571429 97.260274 61.643836 72.602740 72.602740 72.602740 69.863014 72.602740 74.285714 95.890411 75.806452
gga-mir-144 68.235294 71.428571 81.666667 80.000000 72.941176 67.058824 83.333333 75.342466 100.000000 75.294118 75.294118 77.647059 75.294118 83.333333 82.352941 67.142857 69.411765 66.666667 75.294118 77.647059 75.294118 77.108434 82.894737 88.571429 74.324324 80.645161
ggo-mir-144 61.363636 90.476190 93.333333 95.000000 92.708333 59.550562 100.000000 72.602740 75.294118 100.000000 100.000000 84.705882 98.837209 98.484848 72.072072 74.285714 57.407407 62.820513 97.674419 98.837209 97.674419 95.180723 98.684211 80.000000 71.621622 88.709677
hsa-mir-144 62.790698 90.476190 93.333333 95.000000 89.534884 61.627907 100.000000 72.602740 75.294118 100.000000 100.000000 84.705882 98.837209 98.484848 90.697674 74.285714 66.279070 62.820513 97.674419 98.837209 97.674419 95.180723 98.684211 80.000000 71.621622 88.709677
mdo-mir-144 60.000000 77.380952 85.000000 82.500000 75.294118 61.176471 89.393939 73.972603 77.647059 84.705882 84.705882 100.000000 83.529412 87.878788 88.235294 71.428571 68.235294 62.820513 85.882353 84.705882 85.882353 81.927711 86.842105 81.428571 72.972973 83.870968
mml-mir-144 62.790698 89.285714 91.666667 96.250000 88.372093 61.627907 98.484848 72.602740 75.294118 98.837209 98.837209 83.529412 100.000000 100.000000 89.534884 74.285714 66.279070 65.384615 96.511628 97.674419 96.511628 96.385542 97.368421 77.142857 71.621622 90.322581
mmu-mir-144 78.787879 90.909091 91.666667 100.000000 92.424242 72.727273 98.484848 72.727273 83.333333 98.484848 98.484848 87.878788 100.000000 100.000000 90.909091 78.787879 74.242424 66.666667 98.484848 98.484848 98.484848 100.000000 98.484848 78.787879 71.212121 90.322581
oan-mir-144 60.227273 88.095238 88.333333 88.750000 77.083333 64.044944 92.424242 78.082192 82.352941 72.072072 90.697674 88.235294 89.534884 90.909091 100.000000 71.428571 58.333333 61.538462 89.534884 88.372093 89.534884 89.156627 94.736842 88.571429 77.027027 85.483871
oha-mir-144 87.142857 72.857143 76.666667 74.285714 70.000000 72.857143 78.787879 68.571429 67.142857 74.285714 74.285714 71.428571 74.285714 78.787879 71.428571 100.000000 70.000000 51.428571 74.285714 74.285714 74.285714 74.285714 74.285714 71.428571 68.571429 75.806452
ola-mir-144 63.636364 70.238095 76.666667 71.250000 60.416667 77.528090 74.242424 97.260274 69.411765 57.407407 66.279070 68.235294 66.279070 74.242424 58.333333 70.000000 100.000000 61.538462 66.279070 66.279070 66.279070 68.674699 76.315789 75.714286 98.648649 74.193548
pma-mir-144 57.692308 60.256410 63.333333 64.102564 58.974359 62.820513 63.636364 61.643836 66.666667 62.820513 62.820513 62.820513 65.384615 66.666667 61.538462 51.428571 61.538462 100.000000 62.820513 62.820513 62.820513 62.820513 63.157895 67.142857 60.810811 62.903226
ppa-mir-144 62.790698 86.904762 93.333333 95.000000 86.046512 61.627907 100.000000 72.602740 75.294118 97.674419 97.674419 85.882353 96.511628 98.484848 89.534884 74.285714 66.279070 62.820513 100.000000 96.511628 100.000000 93.975904 98.684211 80.000000 71.621622 88.709677
ppy-mir-144 62.790698 89.285714 93.333333 96.250000 88.372093 61.627907 100.000000 72.602740 77.647059 98.837209 98.837209 84.705882 97.674419 98.484848 88.372093 74.285714 66.279070 62.820513 96.511628 100.000000 96.511628 96.385542 97.368421 80.000000 71.621622 88.709677
ptr-mir-144 62.790698 86.904762 93.333333 95.000000 86.046512 61.627907 100.000000 72.602740 75.294118 97.674419 97.674419 85.882353 96.511628 98.484848 89.534884 74.285714 66.279070 62.820513 100.000000 96.511628 100.000000 93.975904 98.684211 80.000000 71.621622 88.709677
rno-mir-144 63.855422 87.951807 91.666667 97.500000 89.156627 61.445783 98.484848 69.863014 77.108434 95.180723 95.180723 81.927711 96.385542 100.000000 89.156627 74.285714 68.674699 62.820513 93.975904 96.385542 93.975904 100.000000 96.052632 77.142857 70.270270 90.322581
ssc-mir-144 71.052632 94.736842 93.333333 96.052632 96.052632 69.736842 100.000000 72.602740 82.894737 98.684211 98.684211 86.842105 97.368421 98.484848 94.736842 74.285714 76.315789 63.157895 98.684211 97.368421 98.684211 96.052632 100.000000 80.000000 71.621622 88.709677
tgu-mir-144 75.714286 80.000000 85.000000 77.142857 82.857143 78.571429 81.818182 74.285714 88.571429 80.000000 80.000000 81.428571 77.142857 78.787879 88.571429 71.428571 75.714286 67.142857 80.000000 80.000000 80.000000 77.142857 80.000000 100.000000 72.857143 79.032258
tni-mir-144 67.567568 72.972973 75.000000 71.621622 67.567568 85.135135 71.212121 95.890411 74.324324 71.621622 71.621622 72.972973 71.621622 71.212121 77.027027 68.571429 98.648649 60.810811 71.621622 71.621622 71.621622 70.270270 71.621622 72.857143 100.000000 72.580645
xtr-mir-144 75.806452 88.709677 88.333333 90.322581 85.483871 79.032258 88.709677 75.806452 80.645161 88.709677 88.709677 83.870968 90.322581 90.322581 85.483871 75.806452 74.193548 62.903226 88.709677 88.709677 88.709677 90.322581 88.709677 79.032258 72.580645 100.000000
