16
bta-mir-544a   100.000000 68.235294 61.538462 98.876404 100.000000 100.000000 64.473684 56.250000 97.802198 46.153846 97.802198 92.307692 100.000000 97.802198 97.777778 94.871795
bta-mir-544b-1 68.235294 100.000000 67.058824 64.705882 68.235294 68.235294 56.578947 48.750000 67.058824 53.846154 67.058824 64.102564 68.235294 67.058824 67.058824 65.384615
bta-mir-544b-2 61.538462 67.058824 100.000000 61.797753 60.869565 62.222222 55.263158 55.000000 62.637363 48.717949 62.637363 65.384615 60.869565 62.637363 63.333333 66.666667
cfa-mir-544    98.876404 64.705882 61.797753 100.000000 98.876404 98.876404 63.157895 53.750000 96.629213 46.153846 96.629213 92.307692 98.876404 96.629213 95.505618 94.871795
chi-mir-544    100.000000 68.235294 60.869565 98.876404 100.000000 100.000000 64.473684 57.500000 97.802198 46.153846 97.802198 92.307692 100.000000 97.802198 97.777778 94.871795
eca-mir-544-2  100.000000 68.235294 62.222222 98.876404 100.000000 100.000000 64.473684 53.750000 97.777778 46.153846 97.777778 92.307692 100.000000 97.777778 96.666667 94.871795
eca-mir-544b   64.473684 56.578947 55.263158 63.157895 64.473684 64.473684 100.000000 46.052632 64.473684 65.789474 64.473684 61.842105 64.473684 64.473684 64.473684 61.842105
efu-mir-544    56.250000 48.750000 55.000000 53.750000 57.500000 53.750000 46.052632 100.000000 55.000000 43.589744 55.000000 48.717949 57.500000 55.000000 55.000000 50.000000
hsa-mir-544a   97.802198 67.058824 62.637363 96.629213 97.802198 97.777778 64.473684 55.000000 100.000000 43.589744 100.000000 94.871795 97.802198 100.000000 100.000000 97.435897
hsa-mir-544b   46.153846 53.846154 48.717949 46.153846 46.153846 46.153846 65.789474 43.589744 43.589744 100.000000 43.589744 44.871795 46.153846 43.589744 43.589744 43.589744
mml-mir-544    97.802198 67.058824 62.637363 96.629213 97.802198 97.777778 64.473684 55.000000 100.000000 43.589744 100.000000 94.871795 97.802198 100.000000 100.000000 97.435897
mmu-mir-544    92.307692 64.102564 65.384615 92.307692 92.307692 92.307692 61.842105 48.717949 94.871795 44.871795 94.871795 100.000000 92.307692 94.871795 94.871795 97.435897
oar-mir-544    100.000000 68.235294 60.869565 98.876404 100.000000 100.000000 64.473684 57.500000 97.802198 46.153846 97.802198 92.307692 100.000000 97.802198 97.777778 94.871795
ppy-mir-544    97.802198 67.058824 62.637363 96.629213 97.802198 97.777778 64.473684 55.000000 100.000000 43.589744 100.000000 94.871795 97.802198 100.000000 100.000000 97.435897
ptr-mir-544    97.777778 67.058824 63.333333 95.505618 97.777778 96.666667 64.473684 55.000000 100.000000 43.589744 100.000000 94.871795 97.777778 100.000000 100.000000 97.435897
rno-mir-544    94.871795 65.384615 66.666667 94.871795 94.871795 94.871795 61.842105 50.000000 97.435897 43.589744 97.435897 97.435897 94.871795 97.435897 97.435897 100.000000
