8
bta-mir-764 100.000000 78.947368 78.947368 75.294118 80.000000 81.052632 76.842105 77.894737
cfa-mir-764 78.947368 100.000000 96.875000 96.470588 95.833333 87.500000 96.875000 83.333333
eca-mir-764 78.947368 96.875000 100.000000 96.470588 94.791667 77.777778 95.833333 75.925926
hsa-mir-764 75.294118 96.470588 96.470588 100.000000 95.294118 84.705882 98.823529 80.000000
mml-mir-764 80.000000 95.833333 94.791667 95.294118 100.000000 85.416667 96.875000 81.250000
mmu-mir-764 81.052632 87.500000 77.777778 84.705882 85.416667 100.000000 86.458333 93.518519
ptr-mir-764 76.842105 96.875000 95.833333 98.823529 96.875000 86.458333 100.000000 82.291667
rno-mir-764 77.894737 83.333333 75.925926 80.000000 81.250000 93.518519 82.291667 100.000000
