8
bta-mir-759 100.000000 96.875000 96.703297 95.833333 97.916667 97.916667 97.916667 97.916667
cfa-mir-759 96.875000 100.000000 97.802198 94.791667 98.958333 98.958333 98.958333 98.958333
hsa-mir-759 96.703297 97.802198 100.000000 94.505495 98.901099 98.901099 98.901099 98.901099
mdo-mir-759 95.833333 94.791667 94.505495 100.000000 95.833333 93.877551 95.833333 94.845361
mml-mir-759 97.916667 98.958333 98.901099 95.833333 100.000000 100.000000 100.000000 100.000000
mmu-mir-759 97.916667 98.958333 98.901099 93.877551 100.000000 100.000000 100.000000 100.000000
ptr-mir-759 97.916667 98.958333 98.901099 95.833333 100.000000 100.000000 100.000000 100.000000
rno-mir-759 97.916667 98.958333 98.901099 94.845361 100.000000 100.000000 100.000000 100.000000
