112
aae-mir-7    100.000000 49.438202 51.685393 48.314607 87.356322 60.919540 62.857143 53.658537 42.696629 62.352941 38.202247 48.314607 43.902439 57.812500 56.451613 43.181818 41.573034 42.500000 48.314607 42.307692 94.382022 40.449438 41.573034 68.604651 64.772727 60.465116 63.636364 57.471264 64.772727 64.772727 57.303371 44.303797 40.449438 38.202247 49.438202 63.636364 63.636364 60.465116 57.303371 64.772727 58.333333 48.809524 46.590909 38.554217 52.380952 48.101266 43.209877 43.209877 48.314607 47.191011 37.078652 44.943820 43.820225 51.685393 44.943820 43.820225 59.550562 51.685393 44.943820 40.449438 52.500000 56.179775 55.844156 51.685393 44.943820 41.573034 52.808989 46.067416 40.449438 59.550562 58.620690 46.067416 44.943820 43.181818 48.314607 44.943820 49.438202 44.943820 42.045455 39.325843 40.449438 51.685393 44.943820 40.449438 51.685393 47.191011 42.696629 51.685393 44.943820 40.449438 56.179775 51.685393 42.696629 43.820225 52.808989 45.348837 38.202247 44.047619 49.438202 55.128205 55.000000 59.677419 57.812500 57.812500 54.794521 47.945205 47.945205 53.932584 50.769231 46.067416 40.449438 39.772727
aca-mir-7-1  49.438202 100.000000 52.000000 46.236559 50.574713 43.678161 48.571429 54.878049 45.054945 48.235294 43.877551 50.000000 59.756098 60.937500 59.677419 57.954545 38.000000 60.000000 50.000000 50.000000 51.685393 36.000000 34.000000 51.162791 48.863636 52.325581 48.863636 45.977011 47.727273 47.727273 39.784946 56.962025 46.391753 41.000000 54.000000 48.863636 48.863636 50.000000 47.252747 47.727273 60.000000 57.142857 56.818182 46.987952 55.952381 59.493671 29.629630 29.629630 52.747253 51.000000 42.424242 70.526316 47.000000 51.000000 39.000000 62.000000 42.000000 51.000000 38.000000 61.000000 45.000000 39.000000 63.636364 51.000000 41.000000 58.000000 53.000000 44.329897 53.000000 45.000000 48.275862 53.000000 47.000000 51.136364 51.000000 43.333333 67.391304 45.000000 55.681818 52.747253 45.360825 51.000000 40.000000 61.000000 51.000000 39.000000 63.000000 51.000000 38.000000 61.000000 43.000000 54.639175 44.210526 52.000000 51.000000 43.023256 43.750000 44.047619 50.000000 50.000000 70.000000 62.903226 60.937500 60.937500 63.013699 54.794521 54.794521 62.365591 61.538462 55.000000 50.000000 46.590909
aca-mir-7-2  51.685393 52.000000 100.000000 55.913978 48.275862 44.827586 51.428571 62.195122 43.956044 52.941176 47.959184 88.235294 58.536585 95.312500 59.677419 57.954545 43.137255 56.250000 88.235294 44.871795 47.191011 41.176471 40.594059 48.837209 47.727273 48.837209 47.727273 47.126437 48.863636 48.863636 46.236559 65.822785 42.268041 52.941176 69.607843 47.727273 47.727273 51.162791 52.747253 46.590909 60.000000 61.904762 94.318182 61.445783 96.428571 59.493671 34.567901 34.567901 75.824176 87.254902 50.505051 64.210526 81.372549 90.196078 49.019608 52.941176 46.078431 90.196078 50.000000 54.901961 46.250000 47.524752 94.805195 91.176471 50.980392 53.921569 88.235294 55.670103 49.019608 43.137255 44.827586 87.254902 50.980392 56.818182 88.235294 54.444444 66.304348 52.941176 55.681818 59.340659 43.298969 90.196078 51.960784 54.901961 90.196078 50.980392 55.882353 90.196078 50.000000 54.901961 41.176471 91.752577 54.736842 46.078431 87.254902 46.511628 46.875000 55.952381 89.215686 47.435897 61.666667 59.677419 95.312500 95.312500 95.890411 63.013699 63.013699 61.290323 69.230769 86.274510 52.941176 59.090909
aca-mir-7-3  48.314607 46.236559 55.913978 100.000000 42.528736 41.379310 48.571429 64.634146 41.758242 45.882353 51.612903 62.365591 48.780488 73.437500 64.516129 47.727273 56.989247 56.250000 62.365591 44.871795 43.820225 41.935484 41.935484 45.348837 44.318182 46.511628 44.318182 48.275862 46.590909 46.590909 41.935484 63.291139 55.913978 53.763441 56.989247 44.318182 44.318182 51.162791 46.153846 47.727273 66.666667 41.666667 60.227273 56.626506 59.523810 54.430380 30.864198 30.864198 53.846154 56.989247 68.817204 51.612903 50.537634 63.440860 56.989247 51.612903 50.537634 63.440860 55.913978 53.763441 45.000000 43.010753 66.233766 62.365591 55.913978 52.688172 61.290323 56.989247 52.688172 46.236559 42.528736 59.139785 70.967742 72.727273 59.139785 78.888889 54.347826 49.462366 46.590909 43.956044 50.537634 63.440860 55.913978 53.763441 63.440860 56.989247 51.612903 63.440860 55.913978 53.763441 48.387097 60.215054 53.763441 50.537634 64.516129 53.488372 50.537634 60.714286 62.365591 43.589744 71.666667 72.580645 73.437500 73.437500 60.273973 72.602740 72.602740 50.537634 60.000000 55.913978 63.440860 42.045455
aga-mir-7    87.356322 50.574713 48.275862 42.528736 100.000000 59.770115 64.285714 48.780488 43.678161 64.705882 41.379310 45.977011 42.682927 51.562500 56.451613 43.678161 40.229885 37.500000 45.977011 42.307692 87.356322 35.632184 43.678161 70.930233 66.666667 63.953488 66.666667 63.218391 66.666667 66.666667 57.471264 44.303797 39.080460 36.781609 50.574713 66.666667 66.666667 63.953488 59.770115 66.666667 58.333333 50.000000 44.827586 38.554217 45.238095 46.835443 38.271605 38.271605 49.425287 44.827586 37.931034 49.425287 40.229885 48.275862 44.827586 44.827586 64.367816 48.275862 44.827586 44.827586 52.500000 54.022989 48.051948 48.275862 48.275862 42.528736 48.275862 45.977011 34.482759 60.919540 60.919540 47.126437 43.678161 42.528736 47.126437 43.678161 45.977011 42.528736 42.528736 40.229885 39.080460 48.275862 44.827586 44.827586 48.275862 47.126437 47.126437 48.275862 44.827586 44.827586 60.919540 48.275862 41.379310 37.931034 48.275862 43.023256 39.080460 45.238095 47.126437 57.692308 53.333333 53.225806 51.562500 51.562500 46.575342 45.205479 45.205479 50.574713 50.769231 45.977011 40.229885 42.528736
ame-mir-7    60.919540 43.678161 44.827586 41.379310 59.770115 100.000000 57.142857 45.121951 42.528736 64.705882 36.781609 44.827586 41.463415 54.687500 48.387097 40.229885 42.528736 43.750000 44.827586 42.307692 57.471264 34.482759 41.379310 50.000000 50.574713 50.000000 50.574713 47.126437 50.574713 50.574713 55.172414 44.303797 40.229885 37.931034 49.425287 50.574713 50.574713 47.674419 49.425287 52.873563 50.000000 44.047619 42.528736 37.349398 46.428571 46.835443 34.567901 34.567901 47.126437 42.528736 45.977011 45.977011 37.931034 44.827586 41.379310 41.379310 67.816092 44.827586 41.379310 41.379310 47.500000 49.425287 48.051948 44.827586 39.080460 43.678161 44.827586 40.229885 42.528736 63.218391 91.954023 41.379310 44.827586 44.827586 43.678161 36.781609 44.827586 42.528736 42.528736 40.229885 39.080460 44.827586 41.379310 41.379310 44.827586 41.379310 42.528736 44.827586 41.379310 41.379310 65.517241 43.678161 37.931034 41.379310 44.827586 41.860465 40.229885 38.095238 44.827586 80.769231 53.333333 50.000000 54.687500 54.687500 50.684932 49.315068 49.315068 42.528736 53.846154 40.229885 42.528736 36.781609
api-mir-7    62.857143 48.571429 51.428571 48.571429 64.285714 57.142857 100.000000 45.714286 47.142857 62.857143 44.285714 45.714286 40.000000 50.000000 50.000000 44.285714 44.285714 45.714286 45.714286 48.571429 61.428571 50.000000 48.571429 64.285714 60.000000 60.000000 60.000000 58.571429 60.000000 60.000000 58.571429 48.571429 45.714286 48.571429 38.571429 60.000000 60.000000 58.571429 62.857143 60.000000 51.666667 44.285714 44.285714 38.571429 45.714286 44.285714 35.714286 35.714286 41.428571 51.428571 48.571429 47.142857 44.285714 45.714286 42.857143 45.714286 58.571429 45.714286 42.857143 42.857143 52.857143 55.714286 44.285714 47.142857 37.142857 42.857143 44.285714 50.000000 45.714286 58.571429 61.428571 45.714286 44.285714 44.285714 41.428571 50.000000 48.571429 44.285714 47.142857 51.428571 45.714286 45.714286 42.857143 42.857143 45.714286 42.857143 42.857143 45.714286 42.857143 42.857143 60.000000 44.285714 44.285714 41.428571 44.285714 45.714286 51.428571 41.428571 45.714286 61.428571 50.000000 50.000000 50.000000 50.000000 47.142857 42.857143 42.857143 42.857143 55.384615 51.428571 52.857143 55.714286
bfl-mir-7    53.658537 54.878049 62.195122 64.634146 48.780488 45.121951 45.714286 100.000000 50.000000 50.000000 58.536585 62.195122 48.780488 64.062500 69.354839 50.000000 58.536585 47.500000 62.195122 43.589744 50.000000 47.560976 45.121951 58.536585 62.195122 63.414634 59.756098 57.317073 65.853659 65.853659 42.682927 54.430380 57.317073 51.219512 62.195122 59.756098 59.756098 63.414634 56.097561 58.536585 70.000000 51.219512 64.634146 54.878049 63.414634 54.430380 37.037037 37.037037 59.756098 63.414634 64.634146 62.195122 57.317073 63.414634 59.756098 58.536585 52.439024 63.414634 59.756098 56.097561 52.500000 52.439024 61.038961 63.414634 60.975610 57.317073 64.634146 62.195122 50.000000 53.658537 43.902439 63.414634 59.756098 59.756098 62.195122 52.439024 60.975610 57.317073 58.536585 48.780488 53.658537 63.414634 59.756098 56.097561 63.414634 62.195122 56.097561 63.414634 59.756098 56.097561 52.439024 64.634146 60.975610 46.341463 64.634146 54.878049 58.536585 57.317073 63.414634 51.282051 65.000000 67.741935 64.062500 64.062500 65.753425 63.013699 63.013699 59.756098 69.230769 58.536585 60.975610 52.439024
bma-mir-7    42.696629 45.054945 43.956044 41.758242 43.678161 42.528736 47.142857 50.000000 100.000000 41.176471 41.758242 43.956044 41.463415 57.812500 67.741935 39.772727 49.450549 43.750000 43.956044 46.153846 42.696629 42.857143 38.461538 51.162791 50.000000 58.139535 52.272727 50.574713 47.727273 47.727273 36.263736 44.303797 41.758242 37.362637 41.758242 52.272727 52.272727 53.488372 46.153846 50.000000 63.333333 46.428571 45.454545 46.987952 47.619048 40.506329 34.567901 34.567901 39.560440 46.153846 39.560440 41.758242 38.461538 43.956044 50.549451 39.560440 40.659341 43.956044 50.549451 39.560440 48.750000 43.956044 48.051948 43.956044 49.450549 39.560440 43.956044 48.351648 40.659341 41.758242 37.931034 43.956044 43.956044 45.454545 47.252747 38.888889 42.857143 40.659341 53.409091 45.054945 48.351648 43.956044 50.549451 39.560440 43.956044 49.450549 39.560440 43.956044 50.549451 39.560440 41.758242 43.956044 43.956044 43.956044 43.956044 47.674419 48.351648 53.571429 43.956044 47.435897 55.000000 67.741935 57.812500 57.812500 49.315068 47.945205 47.945205 43.956044 47.692308 47.252747 42.857143 48.863636
bmo-mir-7    62.352941 48.235294 52.941176 45.882353 64.705882 64.705882 62.857143 50.000000 41.176471 100.000000 38.823529 48.235294 47.560976 54.687500 53.225806 47.058824 40.000000 43.750000 48.235294 41.025641 58.823529 38.823529 48.235294 51.764706 51.764706 54.117647 51.764706 52.941176 49.411765 49.411765 57.647059 48.101266 44.705882 48.235294 54.117647 51.764706 51.764706 51.764706 48.235294 51.764706 50.000000 53.571429 44.705882 37.349398 47.619048 55.696203 32.098765 32.098765 51.764706 48.235294 44.705882 48.235294 43.529412 50.588235 43.529412 51.764706 75.294118 50.588235 42.352941 48.235294 48.750000 47.058824 53.246753 49.411765 41.176471 48.235294 50.588235 40.000000 40.000000 84.705882 63.529412 47.058824 42.352941 42.352941 49.411765 43.529412 52.941176 47.058824 41.176471 40.000000 40.000000 50.588235 42.352941 48.235294 50.588235 45.882353 48.235294 50.588235 42.352941 48.235294 80.000000 49.411765 42.352941 40.000000 50.588235 40.000000 48.235294 38.095238 48.235294 73.076923 48.333333 50.000000 54.687500 54.687500 56.164384 43.835616 43.835616 45.882353 50.769231 50.588235 48.235294 43.529412
bta-mir-7-1  38.202247 43.877551 47.959184 51.612903 41.379310 36.781609 44.285714 58.536585 41.758242 38.823529 100.000000 51.020408 42.682927 60.937500 83.870968 42.045455 73.469388 53.750000 51.020408 57.692308 39.325843 45.918367 42.857143 45.348837 45.454545 48.837209 45.454545 50.574713 47.727273 47.727273 36.559140 65.822785 43.298969 41.836735 40.816327 45.454545 45.454545 51.162791 41.758242 43.181818 86.666667 40.476190 53.409091 90.361446 57.142857 49.367089 33.333333 33.333333 43.956044 45.918367 53.061224 40.000000 41.836735 51.020408 82.653061 46.938776 42.857143 51.020408 81.632653 45.918367 50.000000 40.816327 51.948052 48.979592 81.632653 46.938776 52.040816 76.288660 50.000000 37.755102 35.632184 48.979592 57.142857 63.636364 45.918367 51.111111 42.391304 47.959184 51.136364 47.252747 53.608247 51.020408 77.551020 45.918367 51.020408 81.632653 45.918367 51.020408 79.591837 45.918367 39.795918 51.546392 77.894737 48.979592 50.000000 62.790698 45.833333 91.666667 51.020408 44.871795 65.000000 82.258065 60.937500 60.937500 53.424658 57.534247 57.534247 49.462366 63.076923 48.979592 55.102041 44.318182
bta-mir-7-2  48.314607 50.000000 88.235294 62.365591 45.977011 44.827586 45.714286 62.195122 43.956044 48.235294 51.020408 100.000000 59.756098 98.437500 64.516129 59.090909 41.284404 61.250000 100.000000 46.153846 43.820225 43.689320 40.594059 45.348837 44.318182 45.348837 44.318182 44.827586 47.727273 47.727273 45.161290 64.556962 43.298969 52.293578 76.923077 44.318182 44.318182 48.837209 50.549451 43.181818 61.666667 64.285714 97.727273 65.060241 98.809524 59.493671 33.333333 33.333333 79.120879 94.495413 53.535354 64.210526 88.073394 98.165138 48.623853 53.211009 45.871560 98.165138 47.706422 55.045872 48.750000 47.524752 96.103896 97.247706 50.458716 55.963303 91.666667 57.731959 47.706422 41.346154 44.827586 95.412844 47.706422 55.681818 92.660550 54.444444 65.217391 52.336449 55.681818 60.439560 44.329897 98.165138 47.706422 55.045872 98.165138 50.458716 54.128440 97.247706 47.706422 55.045872 42.201835 91.752577 55.789474 43.119266 96.330275 52.325581 50.000000 59.523810 99.082569 48.717949 63.333333 64.516129 98.437500 98.437500 95.890411 65.753425 65.753425 58.064516 69.230769 93.518519 53.398058 60.227273
bta-mir-7-3  43.902439 59.756098 58.536585 48.780488 42.682927 41.463415 40.000000 48.780488 41.463415 47.560976 42.682927 59.756098 100.000000 54.687500 54.838710 91.463415 45.121951 70.000000 63.414634 35.897436 40.243902 41.463415 41.463415 37.804878 37.804878 37.804878 37.804878 41.463415 37.804878 37.804878 45.121951 51.898734 51.219512 51.219512 50.000000 37.804878 37.804878 37.804878 32.926829 37.804878 56.666667 75.609756 59.756098 42.682927 53.658537 77.215190 30.864198 30.864198 57.317073 60.975610 46.341463 64.634146 56.097561 58.536585 45.121951 95.121951 48.780488 58.536585 47.560976 92.682927 50.000000 46.341463 62.337662 59.756098 50.000000 87.804878 58.536585 52.439024 73.170732 43.902439 39.024390 62.195122 51.219512 43.902439 59.756098 42.682927 58.536585 53.658537 48.780488 54.878049 42.682927 58.536585 45.121951 92.682927 58.536585 50.000000 93.902439 58.536585 45.121951 92.682927 45.121951 58.536585 54.878049 69.512195 58.536585 41.463415 40.243902 43.902439 59.756098 48.717949 78.333333 58.064516 54.687500 54.687500 61.643836 47.945205 47.945205 50.000000 49.230769 58.536585 53.658537 43.902439
cfa-mir-7-1  57.812500 60.937500 95.312500 73.437500 51.562500 54.687500 50.000000 64.062500 57.812500 54.687500 60.937500 98.437500 54.687500 100.000000 62.903226 54.687500 60.937500 54.687500 98.437500 48.437500 51.562500 54.687500 56.250000 53.125000 53.125000 53.125000 53.125000 54.687500 54.687500 54.687500 57.812500 70.312500 60.937500 64.062500 82.812500 53.125000 53.125000 54.687500 59.375000 53.125000 61.666667 56.250000 98.437500 64.062500 100.000000 54.687500 34.375000 34.375000 85.937500 96.875000 70.312500 70.312500 89.062500 100.000000 65.625000 60.937500 62.500000 100.000000 64.062500 60.937500 54.687500 65.625000 93.750000 98.437500 65.625000 59.375000 98.437500 59.375000 57.812500 56.250000 53.125000 96.875000 70.312500 70.312500 92.187500 64.062500 71.875000 54.687500 67.187500 67.187500 54.687500 100.000000 64.062500 60.937500 100.000000 65.625000 59.375000 100.000000 64.062500 60.937500 59.375000 96.875000 60.937500 57.812500 98.437500 65.625000 60.937500 60.937500 100.000000 50.000000 63.333333 64.516129 100.000000 100.000000 95.312500 67.187500 67.187500 67.187500 67.187500 92.187500 71.875000 64.062500
cfa-mir-7-2  56.451613 59.677419 59.677419 64.516129 56.451613 48.387097 50.000000 69.354839 67.741935 53.225806 83.870968 64.516129 54.838710 62.903226 100.000000 56.451613 88.709677 64.516129 64.516129 54.838710 56.451613 58.064516 54.838710 59.677419 62.903226 66.129032 62.903226 66.129032 66.129032 66.129032 46.774194 72.580645 72.580645 59.677419 58.064516 62.903226 62.903226 66.129032 53.225806 62.903226 91.666667 50.000000 62.903226 85.483871 62.903226 56.451613 38.709677 38.709677 64.516129 61.290323 72.580645 58.064516 58.064516 62.903226 87.096774 62.903226 51.612903 62.903226 85.483871 62.903226 62.903226 64.516129 59.677419 61.290323 87.096774 61.290323 61.290323 95.161290 64.516129 51.612903 48.387097 62.903226 74.193548 74.193548 59.677419 67.741935 61.290323 64.516129 70.967742 67.741935 70.967742 62.903226 85.483871 62.903226 62.903226 87.096774 62.903226 62.903226 85.483871 62.903226 48.387097 61.290323 83.870968 64.516129 61.290323 70.967742 61.290323 93.548387 62.903226 50.000000 65.000000 90.322581 62.903226 62.903226 61.290323 72.580645 72.580645 69.354839 61.290323 64.516129 74.193548 58.064516
cfa-mir-7-3  43.181818 57.954545 57.954545 47.727273 43.678161 40.229885 44.285714 50.000000 39.772727 47.058824 42.045455 59.090909 91.463415 54.687500 56.451613 100.000000 42.045455 76.250000 61.363636 42.307692 39.772727 40.909091 43.181818 38.372093 36.363636 38.372093 36.363636 41.379310 36.363636 36.363636 45.454545 54.430380 50.000000 48.863636 48.863636 36.363636 36.363636 38.372093 37.500000 36.363636 56.666667 86.904762 59.090909 44.578313 55.952381 92.405063 35.802469 35.802469 55.681818 60.227273 45.454545 61.363636 55.681818 57.954545 44.318182 88.636364 45.454545 57.954545 44.318182 89.772727 55.000000 46.590909 62.337662 59.090909 45.454545 85.227273 57.954545 51.136364 71.590909 44.318182 41.379310 59.090909 48.863636 40.909091 59.090909 42.045455 55.681818 54.545455 48.863636 54.545455 39.772727 57.954545 44.318182 89.772727 57.954545 46.590909 90.909091 57.954545 44.318182 89.772727 43.181818 57.954545 53.409091 68.181818 57.954545 41.860465 39.772727 45.238095 59.090909 51.282051 78.333333 59.677419 54.687500 54.687500 61.643836 47.945205 47.945205 47.727273 56.923077 57.954545 54.545455 45.454545
cgr-mir-7a   41.573034 38.000000 43.137255 56.989247 40.229885 42.528736 44.285714 58.536585 49.450549 40.000000 73.469388 41.284404 45.121951 60.937500 88.709677 42.045455 100.000000 52.500000 36.734694 57.692308 39.325843 48.543689 36.633663 48.837209 51.136364 58.139535 51.136364 54.022989 55.681818 55.681818 38.709677 67.088608 46.391753 36.666667 40.384615 51.136364 51.136364 55.813953 43.956044 50.000000 85.000000 42.857143 51.136364 78.313253 53.571429 51.898734 33.333333 33.333333 45.054945 41.284404 52.525253 47.368421 39.090909 40.909091 67.272727 44.545455 37.500000 40.909091 69.090909 45.454545 60.000000 50.495050 49.350649 39.090909 64.545455 45.454545 43.518519 81.443299 43.243243 37.500000 40.229885 35.971223 54.237288 65.909091 42.016807 53.333333 46.739130 42.990654 57.954545 48.351648 58.762887 40.909091 68.181818 45.454545 40.909091 69.090909 44.545455 41.284404 68.807339 45.454545 37.272727 46.391753 73.684211 40.909091 33.333333 51.162791 42.708333 84.523810 41.284404 43.589744 63.333333 95.161290 60.937500 60.937500 53.424658 61.643836 61.643836 56.989247 60.000000 37.962963 53.398058 39.772727
cgr-mir-7b   42.500000 60.000000 56.250000 56.250000 37.500000 43.750000 45.714286 47.500000 43.750000 43.750000 53.750000 61.250000 70.000000 54.687500 64.516129 76.250000 52.500000 100.000000 61.250000 38.461538 38.750000 37.500000 45.000000 43.750000 43.750000 42.500000 43.750000 46.250000 43.750000 43.750000 41.250000 59.493671 60.000000 57.500000 56.250000 43.750000 43.750000 43.750000 45.000000 43.750000 60.000000 71.250000 57.500000 52.500000 57.500000 81.012658 28.750000 28.750000 56.250000 63.750000 56.250000 60.000000 58.750000 57.500000 50.000000 88.750000 43.750000 57.500000 48.750000 90.000000 38.750000 45.000000 54.545455 58.750000 47.500000 90.000000 57.500000 52.500000 96.250000 42.500000 41.250000 60.000000 46.250000 46.250000 56.250000 52.500000 57.500000 58.750000 52.500000 63.750000 55.000000 57.500000 48.750000 90.000000 57.500000 47.500000 91.250000 57.500000 48.750000 90.000000 45.000000 57.500000 60.000000 92.500000 57.500000 46.250000 48.750000 53.750000 57.500000 50.000000 91.666667 62.903226 54.687500 54.687500 58.904110 53.424658 53.424658 57.500000 58.461538 61.250000 62.500000 40.000000
chi-mir-7    48.314607 50.000000 88.235294 62.365591 45.977011 44.827586 45.714286 62.195122 43.956044 48.235294 51.020408 100.000000 63.414634 98.437500 64.516129 61.363636 36.734694 61.250000 100.000000 46.153846 43.820225 43.689320 40.594059 45.348837 44.318182 45.348837 44.318182 44.827586 46.590909 46.590909 45.161290 64.556962 43.298969 47.500000 76.923077 44.318182 44.318182 48.837209 50.549451 43.181818 61.666667 64.285714 97.727273 65.060241 98.809524 59.493671 33.333333 33.333333 79.120879 94.495413 53.535354 64.210526 87.272727 97.272727 50.000000 58.181818 41.666667 97.272727 50.000000 59.090909 48.750000 47.524752 96.103896 96.363636 53.636364 60.000000 91.666667 57.731959 46.846847 41.346154 44.827586 90.647482 45.762712 55.681818 87.394958 54.444444 65.217391 53.271028 55.681818 60.439560 44.329897 97.272727 50.000000 59.090909 97.272727 52.727273 58.181818 97.247706 50.458716 59.090909 43.636364 91.752577 55.789474 42.727273 89.795918 52.325581 50.000000 59.523810 99.082569 47.435897 63.333333 64.516129 98.437500 98.437500 95.890411 65.753425 65.753425 58.064516 69.230769 93.518519 53.398058 60.227273
cin-mir-7    42.307692 50.000000 44.871795 44.871795 42.307692 42.307692 48.571429 43.589744 46.153846 41.025641 57.692308 46.153846 35.897436 48.437500 54.838710 42.307692 57.692308 38.461538 46.153846 100.000000 43.589744 67.948718 42.307692 44.871795 44.871795 46.153846 44.871795 43.589744 44.871795 44.871795 47.435897 46.153846 46.153846 43.589744 48.717949 44.871795 44.871795 43.589744 46.153846 43.589744 53.333333 44.871795 47.435897 55.128205 44.871795 41.025641 28.205128 28.205128 48.717949 44.871795 48.717949 47.435897 38.461538 44.871795 47.435897 42.307692 47.435897 44.871795 47.435897 42.307692 46.153846 48.717949 41.558442 44.871795 48.717949 47.435897 44.871795 58.974359 42.307692 38.461538 41.025641 44.871795 48.717949 48.717949 47.435897 42.307692 48.717949 38.461538 53.846154 43.589744 44.871795 44.871795 47.435897 42.307692 44.871795 48.717949 39.743590 44.871795 47.435897 42.307692 44.871795 44.871795 55.128205 39.743590 47.435897 46.153846 48.717949 53.846154 47.435897 41.025641 46.666667 54.838710 48.437500 48.437500 42.465753 49.315068 49.315068 43.589744 53.846154 41.025641 44.871795 46.153846
cqu-mir-7    94.382022 51.685393 47.191011 43.820225 87.356322 57.471264 61.428571 50.000000 42.696629 58.823529 39.325843 43.820225 40.243902 51.562500 56.451613 39.772727 39.325843 38.750000 43.820225 43.589744 100.000000 41.573034 40.449438 70.930233 67.045455 63.953488 65.909091 58.620690 67.045455 67.045455 57.303371 40.506329 40.449438 37.078652 53.932584 65.909091 65.909091 63.953488 59.550562 67.045455 58.333333 46.428571 44.318182 38.554217 47.619048 45.569620 40.740741 40.740741 46.067416 42.696629 37.078652 47.191011 40.449438 47.191011 46.067416 41.573034 58.426966 47.191011 46.067416 39.325843 50.000000 51.685393 50.649351 47.191011 43.820225 39.325843 47.191011 43.820225 39.325843 56.179775 58.620690 43.820225 42.696629 43.181818 47.191011 40.449438 48.314607 40.449438 44.318182 39.325843 38.202247 47.191011 46.067416 39.325843 47.191011 48.314607 41.573034 47.191011 46.067416 39.325843 53.932584 47.191011 40.449438 39.325843 47.191011 45.348837 38.202247 41.666667 44.943820 53.846154 55.000000 56.451613 51.562500 51.562500 50.684932 45.205479 45.205479 53.932584 53.846154 42.696629 35.955056 42.045455
csa-mir-7    40.449438 36.000000 41.176471 41.935484 35.632184 34.482759 50.000000 47.560976 42.857143 38.823529 45.918367 43.689320 41.463415 54.687500 58.064516 40.909091 48.543689 37.500000 43.689320 67.948718 41.573034 100.000000 38.613861 41.860465 42.045455 40.697674 42.045455 42.528736 42.045455 42.045455 37.634409 48.101266 38.144330 39.805825 35.922330 42.045455 42.045455 43.023256 42.857143 39.772727 55.000000 40.476190 46.590909 55.421687 45.238095 40.506329 30.864198 30.864198 43.956044 42.718447 39.393939 38.947368 39.805825 40.776699 42.718447 35.922330 32.038835 40.776699 44.660194 33.980583 47.500000 42.574257 42.857143 39.805825 39.805825 33.009709 35.922330 46.391753 34.951456 33.009709 35.632184 43.689320 39.805825 45.454545 42.718447 42.222222 34.782609 32.038835 45.454545 45.054945 41.237113 40.776699 45.631068 33.980583 40.776699 41.747573 33.009709 40.776699 44.660194 33.980583 35.922330 38.144330 45.263158 35.922330 37.864078 48.837209 36.458333 51.190476 43.689320 39.743590 51.666667 58.064516 54.687500 54.687500 47.945205 52.054795 52.054795 36.559140 55.384615 42.718447 36.893204 39.772727
cte-mir-7    41.573034 34.000000 40.594059 41.935484 43.678161 41.379310 48.571429 45.121951 38.461538 48.235294 42.857143 40.594059 41.463415 56.250000 54.838710 43.181818 36.633663 45.000000 40.594059 42.307692 40.449438 38.613861 100.000000 43.023256 39.772727 37.209302 39.772727 40.229885 42.045455 42.045455 40.860215 45.569620 38.144330 39.603960 38.613861 39.772727 39.772727 40.697674 46.153846 39.772727 58.333333 48.809524 46.590909 46.987952 47.619048 49.367089 34.567901 34.567901 48.351648 40.594059 36.363636 44.210526 39.603960 39.603960 38.613861 36.633663 45.544554 39.603960 38.613861 36.633663 50.000000 52.475248 49.350649 39.603960 37.623762 37.623762 40.594059 39.175258 42.574257 34.653465 43.678161 39.603960 38.613861 38.636364 39.603960 43.333333 40.217391 49.504950 42.045455 43.956044 41.237113 39.603960 40.594059 36.633663 39.603960 36.633663 36.633663 39.603960 38.613861 36.633663 36.633663 41.237113 43.157895 42.574257 42.574257 54.651163 38.541667 44.047619 40.594059 50.000000 60.000000 53.225806 56.250000 56.250000 52.054795 52.054795 52.054795 40.860215 60.000000 39.603960 39.603960 40.909091
dan-mir-7    68.604651 51.162791 48.837209 45.348837 70.930233 50.000000 64.285714 58.536585 51.162791 51.764706 45.348837 45.348837 37.804878 53.125000 59.677419 38.372093 48.837209 43.750000 45.348837 44.871795 70.930233 41.860465 43.023256 100.000000 95.348837 89.534884 96.511628 88.372093 93.023256 93.023256 51.162791 44.303797 41.860465 38.372093 47.674419 96.511628 96.511628 89.534884 82.558140 95.348837 65.000000 42.857143 50.000000 40.963855 50.000000 48.101266 29.629630 29.629630 44.186047 51.162791 43.023256 53.488372 43.023256 48.837209 53.488372 41.860465 56.976744 48.837209 53.488372 39.534884 55.000000 55.813953 48.051948 48.837209 53.488372 40.697674 48.837209 52.325581 43.023256 54.651163 51.162791 50.000000 48.837209 48.837209 48.837209 46.511628 45.348837 51.162791 48.837209 41.860465 41.860465 48.837209 53.488372 39.534884 48.837209 55.813953 41.860465 48.837209 53.488372 39.534884 51.162791 48.837209 47.674419 43.023256 48.837209 48.837209 44.186047 48.809524 48.837209 52.564103 55.000000 59.677419 53.125000 53.125000 50.684932 42.465753 42.465753 53.488372 58.461538 45.348837 43.023256 41.860465
der-mir-7    64.772727 48.863636 47.727273 44.318182 66.666667 50.574713 60.000000 62.195122 50.000000 51.764706 45.454545 44.318182 37.804878 53.125000 62.903226 36.363636 51.136364 43.750000 44.318182 44.871795 67.045455 42.045455 39.772727 95.348837 100.000000 91.860465 98.863636 89.655172 95.454545 95.454545 47.727273 43.037975 42.045455 38.636364 45.454545 98.863636 98.863636 90.697674 87.500000 97.727273 61.666667 42.857143 48.863636 43.373494 50.000000 45.569620 29.629630 29.629630 42.045455 50.000000 44.318182 46.590909 42.045455 47.727273 50.000000 43.181818 54.545455 47.727273 50.000000 40.909091 56.250000 54.545455 48.051948 47.727273 50.000000 40.909091 47.727273 53.409091 43.181818 50.000000 50.574713 48.863636 47.727273 47.727273 50.000000 47.727273 42.045455 48.863636 47.727273 42.045455 44.318182 47.727273 50.000000 40.909091 47.727273 52.272727 40.909091 47.727273 50.000000 40.909091 46.590909 47.727273 47.727273 43.181818 47.727273 48.837209 42.045455 51.190476 47.727273 53.846154 55.000000 61.290323 53.125000 53.125000 50.684932 45.205479 45.205479 50.000000 58.461538 45.454545 45.454545 43.181818
dgr-mir-7    60.465116 52.325581 48.837209 46.511628 63.953488 50.000000 60.000000 63.414634 58.139535 54.117647 48.837209 45.348837 37.804878 53.125000 66.129032 38.372093 58.139535 42.500000 45.348837 46.153846 63.953488 40.697674 37.209302 89.534884 91.860465 100.000000 93.023256 86.046512 89.534884 89.534884 47.674419 49.367089 43.023256 41.860465 47.674419 93.023256 93.023256 91.860465 83.720930 91.860465 65.000000 44.047619 50.000000 48.192771 50.000000 45.569620 28.395062 28.395062 46.511628 52.325581 45.348837 48.837209 43.023256 48.837209 56.976744 45.348837 59.302326 48.837209 56.976744 43.023256 62.500000 53.488372 50.649351 48.837209 58.139535 43.023256 48.837209 60.465116 39.534884 52.325581 48.837209 50.000000 52.325581 52.325581 51.162791 45.348837 45.348837 47.674419 51.162791 43.023256 51.162791 48.837209 56.976744 43.023256 48.837209 59.302326 44.186047 48.837209 56.976744 43.023256 52.325581 48.837209 50.000000 38.372093 48.837209 50.000000 46.511628 55.952381 48.837209 53.846154 53.333333 64.516129 53.125000 53.125000 53.424658 47.945205 47.945205 52.325581 61.538462 46.511628 50.000000 47.674419
dme-mir-7    63.636364 48.863636 47.727273 44.318182 66.666667 50.574713 60.000000 59.756098 52.272727 51.764706 45.454545 44.318182 37.804878 53.125000 62.903226 36.363636 51.136364 43.750000 44.318182 44.871795 65.909091 42.045455 39.772727 96.511628 98.863636 93.023256 100.000000 90.804598 94.318182 94.318182 47.727273 43.037975 42.045455 37.500000 45.454545 100.000000 100.000000 91.860465 88.636364 98.863636 61.666667 42.857143 48.863636 43.373494 50.000000 45.569620 29.629630 29.629630 42.045455 50.000000 44.318182 46.590909 42.045455 47.727273 50.000000 43.181818 54.545455 47.727273 50.000000 40.909091 56.250000 54.545455 48.051948 47.727273 50.000000 40.909091 47.727273 53.409091 43.181818 52.272727 50.574713 48.863636 47.727273 47.727273 50.000000 47.727273 42.045455 47.727273 47.727273 42.045455 43.181818 47.727273 50.000000 40.909091 47.727273 52.272727 40.909091 47.727273 50.000000 40.909091 46.590909 47.727273 48.863636 43.181818 47.727273 50.000000 42.045455 51.190476 47.727273 53.846154 55.000000 61.290323 53.125000 53.125000 50.684932 45.205479 45.205479 50.000000 58.461538 45.454545 45.454545 43.181818
dmo-mir-7    57.471264 45.977011 47.126437 48.275862 63.218391 47.126437 58.571429 57.317073 50.574713 52.941176 50.574713 44.827586 41.463415 54.687500 66.129032 41.379310 54.022989 46.250000 44.827586 43.589744 58.620690 42.528736 40.229885 88.372093 89.655172 86.046512 90.804598 100.000000 90.804598 90.804598 50.574713 43.037975 43.678161 42.528736 42.528736 90.804598 90.804598 95.348837 80.459770 89.655172 65.000000 44.047619 48.275862 48.192771 48.809524 49.367089 29.629630 29.629630 43.678161 48.275862 47.126437 43.678161 41.379310 47.126437 55.172414 42.528736 55.172414 47.126437 55.172414 44.827586 53.750000 52.873563 45.454545 47.126437 56.321839 44.827586 47.126437 57.471264 45.977011 50.574713 48.275862 48.275862 47.126437 47.126437 47.126437 50.574713 41.379310 49.425287 50.574713 43.678161 51.724138 47.126437 55.172414 44.827586 47.126437 57.471264 45.977011 47.126437 55.172414 44.827586 48.275862 47.126437 48.275862 44.827586 48.275862 44.186047 45.977011 55.952381 47.126437 50.000000 51.666667 64.516129 54.687500 54.687500 47.945205 43.835616 43.835616 47.126437 58.461538 42.528736 40.229885 40.229885
dpe-mir-7    64.772727 47.727273 48.863636 46.590909 66.666667 50.574713 60.000000 65.853659 47.727273 49.411765 47.727273 47.727273 37.804878 54.687500 66.129032 36.363636 55.681818 43.750000 46.590909 44.871795 67.045455 42.045455 42.045455 93.023256 95.454545 89.534884 94.318182 90.804598 100.000000 100.000000 47.727273 44.303797 40.909091 38.636364 45.454545 94.318182 94.318182 91.860465 82.954545 93.181818 65.000000 42.857143 50.000000 45.783133 51.190476 45.569620 29.629630 29.629630 42.045455 51.136364 45.454545 48.863636 43.181818 50.000000 52.272727 42.045455 54.545455 50.000000 52.272727 39.772727 56.250000 50.000000 49.350649 48.863636 52.272727 39.772727 48.863636 56.818182 43.181818 47.727273 51.724138 50.000000 48.863636 48.863636 48.863636 51.136364 42.045455 47.727273 48.863636 40.909091 48.863636 50.000000 52.272727 39.772727 50.000000 54.545455 40.909091 48.863636 52.272727 39.772727 46.590909 48.863636 50.000000 43.181818 48.863636 47.674419 42.045455 53.571429 48.863636 50.000000 51.666667 64.516129 54.687500 54.687500 52.054795 46.575342 46.575342 50.000000 61.538462 44.318182 44.318182 40.909091
dps-mir-7    64.772727 47.727273 48.863636 46.590909 66.666667 50.574713 60.000000 65.853659 47.727273 49.411765 47.727273 47.727273 37.804878 54.687500 66.129032 36.363636 55.681818 43.750000 46.590909 44.871795 67.045455 42.045455 42.045455 93.023256 95.454545 89.534884 94.318182 90.804598 100.000000 100.000000 47.727273 44.303797 40.909091 38.636364 45.454545 94.318182 94.318182 91.860465 82.954545 93.181818 65.000000 42.857143 50.000000 45.783133 51.190476 45.569620 29.629630 29.629630 42.045455 51.136364 45.454545 48.863636 43.181818 50.000000 52.272727 42.045455 54.545455 50.000000 52.272727 39.772727 56.250000 50.000000 49.350649 48.863636 52.272727 39.772727 48.863636 56.818182 43.181818 47.727273 51.724138 50.000000 48.863636 48.863636 48.863636 51.136364 42.045455 47.727273 48.863636 40.909091 48.863636 50.000000 52.272727 39.772727 50.000000 54.545455 40.909091 48.863636 52.272727 39.772727 46.590909 48.863636 50.000000 43.181818 48.863636 47.674419 42.045455 53.571429 48.863636 50.000000 51.666667 64.516129 54.687500 54.687500 52.054795 46.575342 46.575342 50.000000 61.538462 44.318182 44.318182 40.909091
dpu-mir-7    57.303371 39.784946 46.236559 41.935484 57.471264 55.172414 58.571429 42.682927 36.263736 57.647059 36.559140 45.161290 45.121951 57.812500 46.774194 45.454545 38.709677 41.250000 45.161290 47.435897 57.303371 37.634409 40.860215 51.162791 47.727273 47.674419 47.727273 50.574713 47.727273 47.727273 100.000000 45.569620 41.935484 47.311828 46.236559 47.727273 47.727273 50.000000 47.252747 47.727273 50.000000 44.047619 47.727273 39.759036 47.619048 45.569620 33.333333 33.333333 49.450549 45.161290 43.010753 46.236559 40.860215 45.161290 44.086022 49.462366 55.913978 45.161290 45.161290 47.311828 53.750000 43.010753 50.649351 45.161290 41.935484 47.311828 45.161290 39.784946 39.784946 51.612903 59.770115 45.161290 44.086022 44.318182 46.236559 42.222222 40.217391 41.935484 40.909091 39.560440 31.182796 45.161290 45.161290 47.311828 45.161290 46.236559 46.236559 45.161290 45.161290 47.311828 50.537634 45.161290 35.483871 39.784946 45.161290 39.534884 45.161290 38.095238 45.161290 61.538462 53.333333 50.000000 57.812500 57.812500 50.684932 53.424658 53.424658 43.010753 58.461538 43.010753 45.161290 47.727273
dre-mir-7a-1 44.303797 56.962025 65.822785 63.291139 44.303797 44.303797 48.571429 54.430380 44.303797 48.101266 65.822785 64.556962 51.898734 70.312500 72.580645 54.430380 67.088608 59.493671 64.556962 46.153846 40.506329 48.101266 45.569620 44.303797 43.037975 49.367089 43.037975 43.037975 44.303797 44.303797 45.569620 100.000000 64.556962 58.227848 68.354430 43.037975 43.037975 44.303797 41.772152 43.037975 70.000000 49.367089 59.493671 60.759494 63.291139 59.493671 31.645570 31.645570 68.354430 60.759494 65.822785 51.898734 55.696203 64.556962 59.493671 59.493671 45.569620 64.556962 60.759494 59.493671 46.835443 50.632911 61.038961 65.822785 58.227848 58.227848 64.556962 63.291139 56.962025 40.506329 44.303797 58.227848 56.962025 56.962025 63.291139 58.227848 54.430380 51.898734 53.164557 51.898734 58.227848 64.556962 60.759494 59.493671 64.556962 59.493671 60.759494 64.556962 60.759494 59.493671 44.303797 64.556962 60.759494 60.759494 64.556962 50.632911 51.898734 63.291139 64.556962 46.153846 70.000000 69.354839 70.312500 70.312500 67.123288 64.383562 64.383562 58.227848 63.076923 62.025316 68.354430 48.101266
dre-mir-7a-2 40.449438 46.391753 42.268041 55.913978 39.080460 40.229885 45.714286 57.317073 41.758242 44.705882 43.298969 43.298969 51.219512 60.937500 72.580645 50.000000 46.391753 60.000000 43.298969 46.153846 40.449438 38.144330 38.144330 41.860465 42.045455 43.023256 42.045455 43.678161 40.909091 40.909091 41.935484 64.556962 100.000000 44.329897 48.453608 42.045455 42.045455 41.860465 39.560440 42.045455 66.666667 52.380952 50.000000 56.626506 50.000000 56.962025 34.567901 34.567901 53.846154 47.422680 53.608247 49.473684 43.298969 43.298969 42.268041 58.762887 40.206186 43.298969 41.237113 58.762887 46.250000 42.268041 53.246753 44.329897 40.206186 57.731959 45.360825 47.422680 55.670103 37.113402 39.080460 45.360825 48.453608 46.590909 44.329897 56.666667 45.652174 46.391753 56.818182 50.549451 46.391753 43.298969 42.268041 58.762887 43.298969 42.268041 59.793814 43.298969 41.237113 58.762887 36.082474 45.360825 49.473684 57.731959 45.360825 54.651163 58.333333 53.571429 43.298969 43.589744 78.333333 74.193548 60.937500 60.937500 54.794521 58.904110 58.904110 49.462366 69.230769 49.484536 51.546392 45.454545
dre-mir-7a-3 38.202247 41.000000 52.941176 53.763441 36.781609 37.931034 48.571429 51.219512 37.362637 48.235294 41.836735 52.293578 51.219512 64.062500 59.677419 48.863636 36.666667 57.500000 47.500000 43.589744 37.078652 39.805825 39.603960 38.372093 38.636364 41.860465 37.500000 42.528736 38.636364 38.636364 47.311828 58.227848 44.329897 100.000000 51.923077 37.500000 37.500000 39.534884 37.362637 36.363636 61.666667 41.666667 57.954545 44.578313 58.333333 54.430380 34.567901 34.567901 62.637363 51.376147 50.505051 47.368421 44.545455 51.818182 37.272727 49.090909 36.666667 51.818182 37.272727 48.181818 45.000000 41.584158 58.441558 51.818182 38.181818 45.454545 51.851852 42.268041 43.243243 36.538462 41.379310 47.500000 40.677966 50.000000 48.739496 46.666667 56.521739 52.336449 50.000000 54.945055 44.329897 51.818182 37.272727 48.181818 51.818182 37.272727 48.181818 51.376147 36.697248 48.181818 45.454545 51.546392 43.157895 40.909091 46.666667 41.860465 52.083333 45.238095 53.211009 43.589744 60.000000 58.064516 64.062500 64.062500 58.904110 57.534247 57.534247 43.010753 61.538462 52.777778 47.572816 52.272727
dre-mir-7b   49.438202 54.000000 69.607843 56.989247 50.574713 49.425287 38.571429 62.195122 41.758242 54.117647 40.816327 76.923077 50.000000 82.812500 58.064516 48.863636 40.384615 56.250000 76.923077 48.717949 53.932584 35.922330 38.613861 47.674419 45.454545 47.674419 45.454545 42.528736 45.454545 45.454545 46.236559 68.354430 48.453608 51.923077 100.000000 45.454545 45.454545 45.348837 46.153846 44.318182 63.333333 60.714286 78.409091 51.807229 80.952381 50.632911 34.567901 34.567901 83.516484 73.076923 55.555556 64.210526 69.230769 75.961538 43.269231 49.038462 48.076923 75.961538 42.307692 47.115385 50.000000 38.613861 80.519481 76.923077 45.192308 48.076923 72.115385 45.360825 46.153846 45.192308 49.425287 74.038462 50.961538 55.681818 74.038462 48.888889 69.565217 49.038462 57.954545 60.439560 43.298969 75.961538 42.307692 47.115385 75.961538 45.192308 48.076923 75.961538 42.307692 47.115385 47.115385 73.195876 45.263158 48.076923 75.961538 46.511628 45.833333 47.619048 75.000000 55.128205 61.666667 61.290323 82.812500 82.812500 78.082192 75.342466 75.342466 65.591398 69.230769 73.076923 63.106796 52.272727
