28
aca-mir-338   100.000000 63.529412 74.576271 67.500000 63.529412 62.352941 55.294118 74.576271 64.197531 67.500000 62.352941 74.626866 78.823529 74.626866 68.235294 90.540541 62.352941 57.647059 70.588235 74.626866 74.242424 83.333333 78.823529 68.354430 63.888889 67.500000 69.230769 73.333333
bta-mir-338   63.529412 100.000000 98.305085 92.500000 100.000000 50.588235 51.086957 100.000000 88.888889 57.500000 89.130435 94.029851 75.280899 91.044776 84.782609 70.270270 55.434783 48.913043 53.260870 95.522388 93.939394 81.818182 70.652174 100.000000 56.944444 57.500000 65.384615 65.000000
cfa-mir-338   74.576271 98.305085 100.000000 89.830508 98.305085 64.406780 72.881356 96.610169 83.050847 67.796610 94.915254 94.915254 72.881356 91.525424 77.966102 72.881356 69.491525 69.491525 66.101695 96.610169 94.915254 77.966102 71.186441 98.305085 64.406780 67.796610 71.186441 64.406780
cgr-mir-338   67.500000 92.500000 89.830508 100.000000 92.500000 50.000000 57.500000 89.830508 83.750000 55.000000 91.250000 91.044776 77.500000 92.537313 87.500000 71.621622 57.500000 53.750000 60.000000 89.552239 90.909091 86.363636 73.750000 92.405063 52.777778 55.000000 64.102564 63.333333
chi-mir-338   63.529412 100.000000 98.305085 92.500000 100.000000 50.588235 51.086957 100.000000 88.888889 57.500000 89.130435 94.029851 75.280899 91.044776 84.782609 70.270270 55.434783 48.913043 53.260870 95.522388 93.939394 81.818182 70.652174 100.000000 56.944444 57.500000 65.384615 65.000000
dre-mir-338-1 62.352941 50.588235 64.406780 50.000000 50.588235 100.000000 65.882353 66.101695 53.086420 83.750000 52.941176 61.194030 60.000000 61.194030 52.941176 71.621622 69.411765 61.176471 76.470588 61.194030 62.121212 62.121212 62.352941 51.898734 58.333333 83.750000 71.794872 70.000000
dre-mir-338-2 55.294118 51.086957 72.881356 57.500000 51.086957 65.882353 100.000000 72.881356 54.320988 63.750000 44.954128 67.164179 55.056180 67.164179 46.938776 64.864865 57.608696 61.764706 49.504950 68.656716 68.181818 63.636364 43.548387 56.962025 65.277778 63.750000 61.538462 73.333333
eca-mir-338   74.576271 100.000000 96.610169 89.830508 100.000000 66.101695 72.881356 100.000000 84.745763 69.491525 94.915254 94.915254 71.186441 91.525424 77.966102 76.271186 67.796610 69.491525 66.101695 96.610169 94.915254 77.966102 71.186441 100.000000 66.101695 69.491525 69.491525 66.101695
efu-mir-338   64.197531 88.888889 83.050847 83.750000 88.888889 53.086420 54.320988 84.745763 100.000000 55.000000 86.419753 85.074627 74.074074 82.089552 80.246914 66.216216 58.024691 53.086420 61.728395 86.567164 84.848485 77.272727 72.839506 88.607595 52.777778 55.000000 62.820513 63.333333
fru-mir-338   67.500000 57.500000 67.796610 55.000000 57.500000 83.750000 63.750000 69.491525 55.000000 100.000000 58.750000 62.686567 62.500000 62.686567 60.000000 72.972973 80.000000 66.250000 81.250000 64.179104 63.636364 65.151515 65.000000 55.696203 59.722222 100.000000 73.076923 68.333333
ggo-mir-338   62.352941 89.130435 94.915254 91.250000 89.130435 52.941176 44.954128 94.915254 86.419753 58.750000 100.000000 100.000000 76.404494 98.507463 76.530612 71.621622 54.347826 45.098039 53.465347 98.507463 100.000000 80.303030 62.385321 92.405063 54.166667 58.750000 65.384615 65.000000
hsa-mir-338   74.626866 94.029851 94.915254 91.044776 94.029851 61.194030 67.164179 94.915254 85.074627 62.686567 100.000000 100.000000 77.611940 98.507463 79.104478 74.626866 58.208955 59.701493 65.671642 98.507463 100.000000 80.303030 74.626866 94.029851 55.223881 62.686567 64.179104 65.000000
mdo-mir-338   78.823529 75.280899 72.881356 77.500000 75.280899 60.000000 55.056180 71.186441 74.074074 62.500000 76.404494 77.611940 100.000000 77.611940 79.775281 86.486486 61.797753 48.314607 65.168539 76.119403 77.272727 81.818182 96.629213 73.417722 61.111111 62.500000 75.641026 68.333333
mml-mir-338   74.626866 91.044776 91.525424 92.537313 91.044776 61.194030 67.164179 91.525424 82.089552 62.686567 98.507463 98.507463 77.611940 100.000000 80.597015 74.626866 58.208955 59.701493 65.671642 97.014925 98.484848 81.818182 74.626866 91.044776 55.223881 62.686567 64.179104 65.000000
mmu-mir-338   68.235294 84.782609 77.966102 87.500000 84.782609 52.941176 46.938776 77.966102 80.246914 60.000000 76.530612 79.104478 79.775281 80.597015 100.000000 71.621622 58.695652 45.918367 55.102041 77.611940 78.787879 100.000000 75.510204 83.544304 56.944444 60.000000 67.948718 66.666667
oha-mir-338   90.540541 70.270270 72.881356 71.621622 70.270270 71.621622 64.864865 76.271186 66.216216 72.972973 71.621622 74.626866 86.486486 74.626866 71.621622 100.000000 70.270270 59.459459 78.378378 73.134328 74.242424 75.757576 85.135135 70.270270 59.722222 72.972973 75.675676 70.000000
ola-mir-338-1 62.352941 55.434783 69.491525 57.500000 55.434783 69.411765 57.608696 67.796610 58.024691 80.000000 54.347826 58.208955 61.797753 58.208955 58.695652 70.270270 100.000000 68.478261 67.391304 59.701493 59.090909 65.151515 60.869565 55.696203 62.500000 80.000000 74.358974 71.666667
ola-mir-338-2 57.647059 48.913043 69.491525 53.750000 48.913043 61.176471 61.764706 69.491525 53.086420 66.250000 45.098039 59.701493 48.314607 59.701493 45.918367 59.459459 68.478261 100.000000 50.495050 61.194030 60.606061 62.121212 47.058824 56.962025 59.722222 66.250000 62.820513 71.666667
ola-mir-338-3 70.588235 53.260870 66.101695 60.000000 53.260870 76.470588 49.504950 66.101695 61.728395 81.250000 53.465347 65.671642 65.168539 65.671642 55.102041 78.378378 67.391304 50.495050 100.000000 64.179104 66.666667 69.696970 58.415842 56.962025 59.722222 81.250000 75.641026 66.666667
ppy-mir-338   74.626866 95.522388 96.610169 89.552239 95.522388 61.194030 68.656716 96.610169 86.567164 64.179104 98.507463 98.507463 76.119403 97.014925 77.611940 73.134328 59.701493 61.194030 64.179104 100.000000 98.484848 78.787879 73.134328 95.522388 58.208955 64.179104 65.671642 68.333333
ptr-mir-338   74.242424 93.939394 94.915254 90.909091 93.939394 62.121212 68.181818 94.915254 84.848485 63.636364 100.000000 100.000000 77.272727 98.484848 78.787879 74.242424 59.090909 60.606061 66.666667 98.484848 100.000000 78.787879 74.242424 93.939394 56.060606 63.636364 65.151515 65.000000
rno-mir-338   83.333333 81.818182 77.966102 86.363636 81.818182 62.121212 63.636364 77.966102 77.272727 65.151515 80.303030 80.303030 81.818182 81.818182 100.000000 75.757576 65.151515 62.121212 69.696970 78.787879 78.787879 100.000000 84.848485 81.818182 59.090909 65.151515 68.181818 66.666667
sha-mir-338   78.823529 70.652174 71.186441 73.750000 70.652174 62.352941 43.548387 71.186441 72.839506 65.000000 62.385321 74.626866 96.629213 74.626866 75.510204 85.135135 60.869565 47.058824 58.415842 73.134328 74.242424 84.848485 100.000000 70.886076 63.888889 65.000000 76.923077 68.333333
ssc-mir-338   68.354430 100.000000 98.305085 92.405063 100.000000 51.898734 56.962025 100.000000 88.607595 55.696203 92.405063 94.029851 73.417722 91.044776 83.544304 70.270270 55.696203 56.962025 56.962025 95.522388 93.939394 81.818182 70.886076 100.000000 56.944444 55.696203 65.384615 65.000000
tgu-mir-338   63.888889 56.944444 64.406780 52.777778 56.944444 58.333333 65.277778 66.101695 52.777778 59.722222 54.166667 55.223881 61.111111 55.223881 56.944444 59.722222 62.500000 59.722222 59.722222 58.208955 56.060606 59.090909 63.888889 56.944444 100.000000 59.722222 61.111111 86.666667
tni-mir-338   67.500000 57.500000 67.796610 55.000000 57.500000 83.750000 63.750000 69.491525 55.000000 100.000000 58.750000 62.686567 62.500000 62.686567 60.000000 72.972973 80.000000 66.250000 81.250000 64.179104 63.636364 65.151515 65.000000 55.696203 59.722222 100.000000 73.076923 68.333333
xtr-mir-338-1 69.230769 65.384615 71.186441 64.102564 65.384615 71.794872 61.538462 69.491525 62.820513 73.076923 65.384615 64.179104 75.641026 64.179104 67.948718 75.675676 74.358974 62.820513 75.641026 65.671642 65.151515 68.181818 76.923077 65.384615 61.111111 73.076923 100.000000 68.333333
xtr-mir-338-2 73.333333 65.000000 64.406780 63.333333 65.000000 70.000000 73.333333 66.101695 63.333333 68.333333 65.000000 65.000000 68.333333 65.000000 66.666667 70.000000 71.666667 71.666667 66.666667 68.333333 65.000000 66.666667 68.333333 65.000000 86.666667 68.333333 68.333333 100.000000
