41
aca-mir-449a 100.000000 36.781609 40.000000 72.413793 42.528736 36.781609 72.413793 43.678161 72.413793 42.528736 40.229885 75.000000 41.379310 61.728395 59.302326 36.781609 68.965517 41.379310 35.632184 67.088608 45.762712 71.264368 41.379310 67.816092 40.000000 43.678161 62.068966 37.931034 42.528736 86.206897 37.349398 66.666667 41.379310 66.666667 41.379310 36.781609 72.413793 34.482759 39.080460 37.209302 33.333333
aca-mir-449b 36.781609 100.000000 46.666667 34.090909 34.444444 66.666667 36.666667 35.555556 34.090909 34.444444 67.777778 40.000000 37.777778 34.567901 24.418605 30.000000 33.333333 35.555556 52.222222 31.645570 38.983051 33.333333 35.555556 34.444444 27.500000 55.555556 34.444444 35.555556 60.000000 40.000000 37.349398 33.333333 35.555556 31.111111 35.555556 52.222222 32.222222 28.888889 26.436782 33.720930 47.777778
aca-mir-449c 40.000000 46.666667 100.000000 48.000000 34.666667 38.666667 52.000000 36.000000 48.000000 34.666667 36.000000 43.333333 37.333333 49.333333 32.000000 38.666667 42.666667 38.666667 37.333333 45.333333 67.796610 44.000000 38.666667 44.000000 28.000000 36.000000 37.333333 29.333333 49.333333 41.333333 86.666667 42.666667 38.666667 42.666667 38.666667 38.666667 42.666667 33.333333 36.000000 37.333333 37.333333
bta-mir-449a 72.413793 34.090909 48.000000 100.000000 46.590909 40.909091 93.181818 46.590909 100.000000 46.590909 40.909091 93.333333 45.454545 83.950617 56.976744 37.500000 88.636364 47.727273 39.772727 79.746835 44.067797 89.772727 47.727273 82.954545 41.250000 40.909091 71.590909 40.909091 37.500000 69.318182 43.373494 87.500000 48.863636 87.500000 47.727273 38.636364 82.954545 29.545455 42.528736 38.372093 31.818182
bta-mir-449b 42.528736 34.444444 34.666667 46.590909 100.000000 40.816327 46.153846 92.857143 46.590909 100.000000 39.795918 53.333333 95.918367 45.679012 38.372093 50.000000 40.659341 92.783505 41.304348 44.303797 50.847458 42.857143 91.752577 39.560440 80.000000 40.816327 34.693878 68.367347 32.653061 41.666667 27.710843 40.659341 92.783505 38.888889 92.708333 36.734694 48.351648 29.591837 43.678161 54.651163 34.408602
bta-mir-449c 36.781609 66.666667 38.666667 40.909091 40.816327 100.000000 40.659341 38.679245 40.909091 41.237113 97.029703 40.000000 36.792453 40.740741 33.720930 36.170213 36.263736 39.175258 75.000000 40.506329 47.457627 36.263736 39.175258 35.164835 31.250000 78.301887 29.245283 34.313725 50.943396 31.250000 30.120482 36.263736 39.175258 34.444444 39.583333 68.867925 36.263736 33.663366 42.528736 40.697674 47.311828
cfa-mir-449a 72.413793 36.666667 52.000000 93.181818 46.153846 40.659341 100.000000 42.857143 93.181818 46.153846 40.659341 98.333333 45.054945 82.716049 60.465116 39.560440 91.208791 46.153846 37.362637 81.012658 49.152542 92.307692 46.153846 84.615385 38.750000 37.362637 73.626374 37.362637 39.560440 70.329670 46.987952 90.109890 46.153846 91.111111 46.153846 38.461538 86.813187 35.164835 44.827586 40.697674 29.670330
cfa-mir-449b 43.678161 35.555556 36.000000 46.590909 92.857143 38.679245 42.857143 100.000000 46.590909 92.783505 39.603960 53.333333 85.600000 44.444444 30.232558 51.063830 38.461538 87.628866 42.391304 46.835443 52.542373 39.560440 86.597938 42.857143 77.500000 41.284404 33.043478 67.647059 26.495726 39.583333 28.915663 38.461538 87.628866 36.666667 87.500000 35.135135 45.054945 25.742574 44.827586 56.976744 36.559140
chi-mir-449a 72.413793 34.090909 48.000000 100.000000 46.590909 40.909091 93.181818 46.590909 100.000000 46.590909 40.909091 93.333333 45.454545 83.950617 56.976744 37.500000 88.636364 47.727273 39.772727 79.746835 44.067797 89.772727 47.727273 82.954545 41.250000 40.909091 71.590909 40.909091 37.500000 69.318182 43.373494 87.500000 48.863636 87.500000 47.727273 38.636364 82.954545 29.545455 42.528736 38.372093 31.818182
chi-mir-449b 42.528736 34.444444 34.666667 46.590909 100.000000 41.237113 46.153846 92.783505 46.590909 100.000000 40.206186 53.333333 95.876289 45.679012 38.372093 50.000000 40.659341 91.752577 41.304348 44.303797 50.847458 42.857143 90.721649 39.560440 80.000000 41.237113 35.051546 69.072165 32.989691 41.666667 27.710843 40.659341 91.752577 38.888889 91.666667 37.113402 48.351648 29.896907 43.678161 54.651163 34.408602
chi-mir-449c 40.229885 67.777778 36.000000 40.909091 39.795918 97.029703 40.659341 39.603960 40.909091 40.206186 100.000000 40.000000 39.603960 40.740741 33.720930 35.106383 37.362637 38.144330 75.000000 37.974684 50.847458 37.362637 38.144330 36.263736 31.250000 75.247525 32.673267 34.653465 51.485149 35.416667 32.530120 37.362637 38.144330 35.555556 38.541667 71.287129 36.263736 33.663366 40.229885 40.697674 47.311828
eca-mir-449a 75.000000 40.000000 43.333333 93.333333 53.333333 40.000000 98.333333 53.333333 93.333333 53.333333 40.000000 100.000000 51.666667 80.000000 61.666667 45.000000 93.333333 48.333333 41.666667 76.666667 45.762712 95.000000 48.333333 86.666667 41.666667 41.666667 75.000000 48.333333 45.000000 76.666667 40.000000 91.666667 51.666667 91.666667 48.333333 43.333333 86.666667 40.000000 51.666667 50.000000 35.000000
eca-mir-449b 41.379310 37.777778 37.333333 45.454545 95.918367 36.792453 45.054945 85.600000 45.454545 95.876289 39.603960 51.666667 100.000000 44.444444 37.209302 51.063830 39.560440 90.721649 41.304348 44.303797 54.237288 41.758242 90.721649 39.560440 80.000000 35.779817 36.521739 69.607843 27.350427 40.625000 30.120482 39.560440 91.752577 37.777778 90.625000 37.837838 47.252747 28.712871 43.678161 56.976744 32.258065
efu-mir-449  61.728395 34.567901 49.333333 83.950617 45.679012 40.740741 82.716049 44.444444 83.950617 45.679012 40.740741 80.000000 44.444444 100.000000 55.555556 40.740741 83.950617 48.148148 43.209877 81.012658 42.372881 85.185185 48.148148 77.777778 36.250000 43.209877 64.197531 38.271605 46.913580 65.432099 39.506173 82.716049 50.617284 82.716049 48.148148 44.444444 77.777778 34.567901 50.617284 38.271605 35.802469
gga-mir-449a 59.302326 24.418605 32.000000 56.976744 38.372093 33.720930 60.465116 30.232558 56.976744 38.372093 33.720930 61.666667 37.209302 55.555556 100.000000 33.720930 58.139535 38.372093 31.395349 58.227848 33.898305 59.302326 38.372093 58.139535 36.250000 36.046512 63.953488 34.883721 33.720930 59.302326 31.325301 56.976744 38.372093 55.813953 38.372093 36.046512 63.953488 34.883721 52.325581 34.883721 32.558140
gga-mir-449b 36.781609 30.000000 38.666667 37.500000 50.000000 36.170213 39.560440 51.063830 37.500000 50.000000 35.106383 45.000000 51.063830 40.740741 33.720930 100.000000 37.362637 54.255319 40.217391 44.303797 37.288136 37.362637 54.255319 34.065934 41.250000 34.042553 31.914894 46.808511 31.914894 34.042553 30.120482 35.164835 56.382979 35.555556 54.255319 39.361702 38.461538 23.404255 45.977011 54.651163 25.806452
hsa-mir-449a 68.965517 33.333333 42.666667 88.636364 40.659341 36.263736 91.208791 38.461538 88.636364 40.659341 37.362637 93.333333 39.560440 83.950617 58.139535 37.362637 100.000000 42.857143 35.164835 74.683544 45.762712 98.901099 42.857143 83.516484 33.750000 39.560440 72.527473 36.263736 36.263736 68.131868 37.349398 98.901099 42.857143 98.888889 42.857143 34.065934 85.714286 36.263736 45.977011 32.558140 29.670330
hsa-mir-449b 41.379310 35.555556 38.666667 47.727273 92.783505 39.175258 46.153846 87.628866 47.727273 91.752577 38.144330 48.333333 90.721649 48.148148 38.372093 54.255319 42.857143 100.000000 41.304348 48.101266 52.542373 45.054945 98.969072 42.857143 75.000000 39.175258 31.958763 63.917526 31.958763 36.458333 31.325301 42.857143 98.969072 41.111111 100.000000 40.206186 46.153846 26.804124 43.678161 55.813953 32.258065
hsa-mir-449c 35.632184 52.222222 37.333333 39.772727 41.304348 75.000000 37.362637 42.391304 39.772727 41.304348 75.000000 41.666667 41.304348 43.209877 31.395349 40.217391 35.164835 41.304348 100.000000 39.240506 45.762712 35.164835 41.304348 37.362637 31.250000 69.565217 33.695652 39.130435 47.826087 32.608696 34.939759 37.362637 43.478261 33.333333 39.130435 98.913043 37.362637 29.347826 34.482759 36.046512 46.739130
mdo-mir-449a 67.088608 31.645570 45.333333 79.746835 44.303797 40.506329 81.012658 46.835443 79.746835 44.303797 37.974684 76.666667 44.303797 81.012658 58.227848 44.303797 74.683544 48.101266 39.240506 100.000000 45.762712 77.215190 48.101266 81.012658 34.177215 40.506329 62.025316 34.177215 44.303797 64.556962 37.974684 73.417722 48.101266 73.417722 48.101266 39.240506 78.481013 37.974684 46.835443 40.506329 30.379747
mdo-mir-449c 45.762712 38.983051 67.796610 44.067797 50.847458 47.457627 49.152542 52.542373 44.067797 50.847458 50.847458 45.762712 54.237288 42.372881 33.898305 37.288136 45.762712 52.542373 45.762712 45.762712 100.000000 49.152542 52.542373 45.762712 45.762712 50.847458 37.288136 49.152542 49.152542 45.762712 59.322034 45.762712 54.237288 45.762712 52.542373 45.762712 45.762712 40.677966 42.372881 49.152542 33.898305
mml-mir-449a 71.264368 33.333333 44.000000 89.772727 42.857143 36.263736 92.307692 39.560440 89.772727 42.857143 37.362637 95.000000 41.758242 85.185185 59.302326 37.362637 98.901099 45.054945 35.164835 77.215190 49.152542 100.000000 45.054945 85.714286 36.250000 39.560440 74.725275 37.362637 36.263736 70.329670 39.759036 97.802198 45.054945 97.777778 45.054945 34.065934 87.912088 36.263736 43.678161 33.720930 30.769231
mml-mir-449b 41.379310 35.555556 38.666667 47.727273 91.752577 39.175258 46.153846 86.597938 47.727273 90.721649 38.144330 48.333333 90.721649 48.148148 38.372093 54.255319 42.857143 98.969072 41.304348 48.101266 52.542373 45.054945 100.000000 42.857143 73.750000 41.237113 31.958763 64.948454 31.958763 36.458333 31.325301 42.857143 97.938144 41.111111 98.958333 40.206186 46.153846 26.804124 43.678161 55.813953 32.258065
mmu-mir-449a 67.816092 34.444444 44.000000 82.954545 39.560440 35.164835 84.615385 42.857143 82.954545 39.560440 36.263736 86.666667 39.560440 77.777778 58.139535 34.065934 83.516484 42.857143 37.362637 81.012658 45.762712 85.714286 42.857143 100.000000 41.250000 39.560440 69.230769 37.362637 38.461538 68.131868 40.963855 82.417582 43.956044 82.222222 42.857143 36.263736 91.208791 31.868132 45.977011 36.046512 29.670330
mmu-mir-449b 40.000000 27.500000 28.000000 41.250000 80.000000 31.250000 38.750000 77.500000 41.250000 80.000000 31.250000 41.666667 80.000000 36.250000 36.250000 41.250000 33.750000 75.000000 31.250000 34.177215 45.762712 36.250000 73.750000 41.250000 100.000000 35.000000 33.750000 65.000000 31.250000 36.250000 30.000000 33.750000 73.750000 33.750000 75.000000 31.250000 41.250000 36.250000 38.750000 43.750000 31.250000
mmu-mir-449c 43.678161 55.555556 36.000000 40.909091 40.816327 78.301887 37.362637 41.284404 40.909091 41.237113 75.247525 41.666667 35.779817 43.209877 36.046512 34.042553 39.560440 39.175258 69.565217 40.506329 50.847458 39.560440 41.237113 39.560440 35.000000 100.000000 33.944954 33.333333 44.036697 37.500000 28.915663 39.560440 39.175258 36.666667 39.583333 64.220183 40.659341 29.702970 42.528736 45.348837 48.387097
oan-mir-449a 62.068966 34.444444 37.333333 71.590909 34.693878 29.245283 73.626374 33.043478 71.590909 35.051546 32.673267 75.000000 36.521739 64.197531 63.953488 31.914894 72.527473 31.958763 33.695652 62.025316 37.288136 74.725275 31.958763 69.230769 33.750000 33.944954 100.000000 33.333333 33.913043 60.416667 38.554217 71.428571 31.958763 71.111111 32.291667 30.630631 78.021978 40.594059 41.379310 31.395349 35.483871
oan-mir-449b 37.931034 35.555556 29.333333 40.909091 68.367347 34.313725 37.362637 67.647059 40.909091 69.072165 34.653465 48.333333 69.607843 38.271605 34.883721 46.808511 36.263736 63.917526 39.130435 34.177215 49.152542 37.362637 64.948454 37.362637 65.000000 33.333333 33.333333 100.000000 31.372549 36.458333 28.915663 38.461538 64.948454 34.444444 64.583333 37.254902 38.461538 31.683168 39.080460 55.813953 31.182796
oan-mir-449c 42.528736 60.000000 49.333333 37.500000 32.653061 50.943396 39.560440 26.495726 37.500000 32.989691 51.485149 45.000000 27.350427 46.913580 33.720930 31.914894 36.263736 31.958763 47.826087 44.303797 49.152542 36.263736 31.958763 38.461538 31.250000 44.036697 33.913043 31.372549 100.000000 37.500000 37.349398 35.164835 31.958763 34.444444 32.291667 42.342342 38.461538 31.683168 35.632184 34.883721 51.612903
oha-mir-449a 86.206897 40.000000 41.333333 69.318182 41.666667 31.250000 70.329670 39.583333 69.318182 41.666667 35.416667 76.666667 40.625000 65.432099 59.302326 34.042553 68.131868 36.458333 32.608696 64.556962 45.762712 70.329670 36.458333 68.131868 36.250000 37.500000 60.416667 36.458333 37.500000 100.000000 40.963855 65.934066 36.458333 66.666667 36.458333 32.291667 71.428571 32.291667 54.022989 40.697674 26.881720
oha-mir-449c 37.349398 37.349398 86.666667 43.373494 27.710843 30.120482 46.987952 28.915663 43.373494 27.710843 32.530120 40.000000 30.120482 39.506173 31.325301 30.120482 37.349398 31.325301 34.939759 37.974684 59.322034 39.759036 31.325301 40.963855 30.000000 28.915663 38.554217 28.915663 37.349398 40.963855 100.000000 37.349398 31.325301 37.349398 31.325301 34.939759 42.168675 33.734940 31.325301 30.120482 43.373494
ppy-mir-449a 66.666667 33.333333 42.666667 87.500000 40.659341 36.263736 90.109890 38.461538 87.500000 40.659341 37.362637 91.666667 39.560440 82.716049 56.976744 35.164835 98.901099 42.857143 37.362637 73.417722 45.762712 97.802198 42.857143 82.417582 33.750000 39.560440 71.428571 38.461538 35.164835 65.934066 37.349398 100.000000 42.857143 97.777778 42.857143 36.263736 84.615385 36.263736 45.977011 32.558140 28.571429
ppy-mir-449b 41.379310 35.555556 38.666667 48.863636 92.783505 39.175258 46.153846 87.628866 48.863636 91.752577 38.144330 51.666667 91.752577 50.617284 38.372093 56.382979 42.857143 98.969072 43.478261 48.101266 54.237288 45.054945 97.938144 43.956044 73.750000 39.175258 31.958763 64.948454 31.958763 36.458333 31.325301 42.857143 100.000000 41.111111 98.958333 39.175258 46.153846 27.835052 43.678161 54.651163 34.408602
ptr-mir-449a 66.666667 31.111111 42.666667 87.500000 38.888889 34.444444 91.111111 36.666667 87.500000 38.888889 35.555556 91.666667 37.777778 82.716049 55.813953 35.555556 98.888889 41.111111 33.333333 73.417722 45.762712 97.777778 41.111111 82.222222 33.750000 36.666667 71.111111 34.444444 34.444444 66.666667 37.349398 97.777778 41.111111 100.000000 41.111111 32.222222 84.444444 33.333333 43.678161 30.232558 27.777778
ptr-mir-449b 41.379310 35.555556 38.666667 47.727273 92.708333 39.583333 46.153846 87.500000 47.727273 91.666667 38.541667 48.333333 90.625000 48.148148 38.372093 54.255319 42.857143 100.000000 39.130435 48.101266 52.542373 45.054945 98.958333 42.857143 75.000000 39.583333 32.291667 64.583333 32.291667 36.458333 31.325301 42.857143 98.958333 41.111111 100.000000 38.541667 46.153846 27.083333 43.678161 55.813953 32.258065
ptr-mir-449c 36.781609 52.222222 38.666667 38.636364 36.734694 68.867925 38.461538 35.135135 38.636364 37.113402 71.287129 43.333333 37.837838 44.444444 36.046512 39.361702 34.065934 40.206186 98.913043 39.240506 45.762712 34.065934 40.206186 36.263736 31.250000 64.220183 30.630631 37.254902 42.342342 32.291667 34.939759 36.263736 39.175258 32.222222 38.541667 100.000000 36.263736 29.702970 34.482759 39.534884 44.086022
rno-mir-449a 72.413793 32.222222 42.666667 82.954545 48.351648 36.263736 86.813187 45.054945 82.954545 48.351648 36.263736 86.666667 47.252747 77.777778 63.953488 38.461538 85.714286 46.153846 37.362637 78.481013 45.762712 87.912088 46.153846 91.208791 41.250000 40.659341 78.021978 38.461538 38.461538 71.428571 42.168675 84.615385 46.153846 84.444444 46.153846 36.263736 100.000000 35.164835 56.321839 39.534884 27.472527
sko-mir-34   34.482759 28.888889 33.333333 29.545455 29.591837 33.663366 35.164835 25.742574 29.545455 29.896907 33.663366 40.000000 28.712871 34.567901 34.883721 23.404255 36.263736 26.804124 29.347826 37.974684 40.677966 36.263736 26.804124 31.868132 36.250000 29.702970 40.594059 31.683168 31.683168 32.291667 33.734940 36.263736 27.835052 33.333333 27.083333 29.702970 35.164835 100.000000 29.885057 33.720930 31.182796
xtr-mir-449a 39.080460 26.436782 36.000000 42.528736 43.678161 42.528736 44.827586 44.827586 42.528736 43.678161 40.229885 51.666667 43.678161 50.617284 52.325581 45.977011 45.977011 43.678161 34.482759 46.835443 42.372881 43.678161 43.678161 45.977011 38.750000 42.528736 41.379310 39.080460 35.632184 54.022989 31.325301 45.977011 43.678161 43.678161 43.678161 34.482759 56.321839 29.885057 100.000000 38.372093 29.885057
xtr-mir-449b 37.209302 33.720930 37.333333 38.372093 54.651163 40.697674 40.697674 56.976744 38.372093 54.651163 40.697674 50.000000 56.976744 38.271605 34.883721 54.651163 32.558140 55.813953 36.046512 40.506329 49.152542 33.720930 55.813953 36.046512 43.750000 45.348837 31.395349 55.813953 34.883721 40.697674 30.120482 32.558140 54.651163 30.232558 55.813953 39.534884 39.534884 33.720930 38.372093 100.000000 29.069767
xtr-mir-449c 33.333333 47.777778 37.333333 31.818182 34.408602 47.311828 29.670330 36.559140 31.818182 34.408602 47.311828 35.000000 32.258065 35.802469 32.558140 25.806452 29.670330 32.258065 46.739130 30.379747 33.898305 30.769231 32.258065 29.670330 31.250000 48.387097 35.483871 31.182796 51.612903 26.881720 43.373494 28.571429 34.408602 27.777778 32.258065 44.086022 27.472527 31.182796 29.885057 29.069767 100.000000
