66
aca-mir-23a   100.000000 50.000000 68.493151 63.333333 67.307692 61.111111 65.789474 59.740260 66.666667 55.172414 41.573034 47.826087 62.820513 46.913580 68.493151 58.108108 61.728395 59.756098 48.863636 57.142857 51.250000 50.684932 50.000000 71.232877 54.347826 71.232877 54.347826 65.753425 58.108108 71.232877 54.347826 62.666667 58.108108 71.428571 52.173913 68.493151 63.333333 78.160920 55.421687 41.304348 50.000000 43.478261 52.564103 45.882353 71.232877 54.347826 71.232877 54.347826 71.232877 54.347826 66.666667 55.434783 59.782609 53.260870 64.285714 57.500000 62.295082 56.338028 48.863636 57.894737 48.148148 47.945205 62.820513 69.230769 54.216867 52.272727
aca-mir-23b   50.000000 100.000000 50.684932 98.333333 55.769231 98.148148 55.263158 90.909091 49.333333 86.046512 58.139535 50.000000 58.974359 75.308642 54.794521 93.243243 49.382716 91.463415 53.488372 55.844156 55.000000 82.191781 90.697674 50.684932 86.046512 50.684932 86.046512 53.424658 91.891892 50.684932 86.046512 53.333333 91.891892 48.809524 77.906977 50.684932 98.333333 48.837209 96.385542 48.837209 54.651163 76.744186 57.692308 57.647059 50.684932 86.046512 50.684932 86.046512 50.684932 86.046512 53.333333 86.046512 47.674419 84.883721 52.857143 86.250000 96.721311 91.549296 53.488372 56.578947 53.086420 80.821918 44.871795 42.307692 50.602410 86.046512
bta-mir-23a   68.493151 50.684932 100.000000 56.666667 100.000000 53.703704 95.890411 57.534247 100.000000 54.794521 54.794521 47.945205 52.054795 54.794521 98.630137 54.794521 97.260274 54.794521 61.643836 52.054795 49.315068 49.315068 49.315068 98.630137 54.794521 98.630137 54.794521 87.671233 53.424658 98.630137 54.794521 94.520548 57.534247 68.493151 50.684932 100.000000 56.666667 69.863014 50.684932 47.945205 54.794521 52.054795 56.164384 54.794521 98.630137 54.794521 98.630137 54.794521 98.630137 54.794521 95.890411 57.534247 91.780822 53.424658 98.571429 53.424658 55.737705 50.704225 61.643836 52.054795 47.945205 53.424658 60.273973 58.904110 50.684932 50.684932
bta-mir-23b   63.333333 98.333333 56.666667 100.000000 55.769231 100.000000 61.666667 98.333333 56.666667 100.000000 73.333333 61.666667 75.000000 81.666667 61.666667 100.000000 56.666667 100.000000 68.333333 66.666667 66.666667 86.666667 96.666667 56.666667 100.000000 56.666667 100.000000 58.333333 98.333333 56.666667 100.000000 61.666667 98.333333 65.000000 95.000000 56.666667 100.000000 63.333333 98.333333 65.000000 66.666667 86.666667 71.666667 75.000000 56.666667 100.000000 56.666667 100.000000 56.666667 100.000000 61.666667 98.333333 58.333333 100.000000 56.666667 100.000000 100.000000 98.333333 68.333333 66.666667 65.000000 85.000000 58.333333 55.000000 63.333333 98.333333
cfa-mir-23a   67.307692 55.769231 100.000000 55.769231 100.000000 55.769231 96.153846 59.615385 100.000000 55.769231 61.538462 51.923077 55.769231 57.692308 98.076923 55.769231 98.076923 55.769231 67.307692 55.769231 55.769231 55.769231 55.769231 98.076923 55.769231 98.076923 55.769231 90.384615 55.769231 98.076923 55.769231 96.153846 59.615385 71.153846 53.846154 100.000000 55.769231 71.153846 55.769231 55.769231 57.692308 55.769231 63.461538 61.538462 98.076923 55.769231 98.076923 55.769231 98.076923 55.769231 96.153846 59.615385 90.384615 55.769231 100.000000 55.769231 55.769231 55.769231 67.307692 55.769231 55.769231 61.538462 69.230769 67.307692 59.615385 55.769231
cfa-mir-23b   61.111111 98.148148 53.703704 100.000000 55.769231 100.000000 59.259259 98.148148 53.703704 100.000000 70.370370 62.962963 74.074074 79.629630 59.259259 100.000000 53.703704 100.000000 64.814815 64.814815 64.814815 85.185185 96.296296 53.703704 100.000000 53.703704 100.000000 55.555556 98.148148 53.703704 100.000000 59.259259 98.148148 62.962963 92.592593 53.703704 100.000000 61.111111 98.148148 66.666667 64.814815 85.185185 72.222222 72.222222 53.703704 100.000000 53.703704 100.000000 53.703704 100.000000 59.259259 98.148148 55.555556 100.000000 53.703704 100.000000 100.000000 98.148148 64.814815 64.814815 66.666667 83.333333 55.555556 51.851852 61.111111 98.148148
cgr-mir-23a   65.789474 55.263158 95.890411 61.666667 96.153846 59.259259 100.000000 56.578947 94.666667 56.578947 52.631579 46.052632 51.315789 50.000000 94.520548 58.108108 90.789474 56.578947 60.526316 48.684211 52.631579 49.315068 51.315789 93.150685 56.578947 93.150685 56.578947 87.671233 56.756757 93.150685 56.578947 96.000000 58.108108 65.789474 52.631579 95.890411 61.666667 65.789474 56.578947 50.000000 51.315789 52.631579 53.947368 50.000000 93.150685 56.578947 93.150685 56.578947 93.150685 56.578947 97.333333 56.578947 90.789474 55.263158 94.285714 55.263158 60.655738 54.929577 60.526316 48.684211 51.315789 52.054795 61.842105 64.473684 50.000000 52.631579
cgr-mir-23b   59.740260 90.909091 57.534247 98.333333 59.615385 98.148148 56.578947 100.000000 56.000000 98.701299 63.636364 48.051948 66.233766 77.922078 60.273973 98.648649 51.948052 98.701299 58.441558 62.337662 57.142857 82.191781 88.311688 57.534247 98.701299 57.534247 98.701299 58.904110 95.945946 57.534247 98.701299 57.333333 100.000000 58.441558 88.311688 57.534247 98.333333 59.740260 89.610390 54.545455 63.636364 77.922078 62.337662 63.636364 57.534247 98.701299 57.534247 98.701299 57.534247 98.701299 57.333333 100.000000 55.844156 97.402597 60.000000 97.402597 98.360656 92.957746 58.441558 63.157895 55.844156 76.712329 46.753247 44.155844 59.740260 93.506494
chi-mir-23a   66.666667 49.333333 100.000000 56.666667 100.000000 53.703704 94.666667 56.000000 100.000000 53.333333 53.333333 46.666667 50.666667 53.333333 98.630137 54.054054 97.333333 53.333333 60.000000 50.666667 48.000000 49.315068 48.000000 98.630137 53.333333 98.630137 53.333333 87.671233 52.702703 98.630137 53.333333 93.333333 56.756757 66.666667 49.333333 100.000000 56.666667 68.000000 49.333333 46.666667 53.333333 52.000000 54.666667 53.333333 98.630137 53.333333 98.630137 53.333333 98.630137 53.333333 94.666667 56.000000 90.666667 52.000000 98.571429 52.000000 55.737705 50.704225 60.000000 50.666667 46.666667 53.424658 58.666667 60.000000 53.333333 49.333333
chi-mir-23b   55.172414 86.046512 54.794521 100.000000 55.769231 100.000000 56.578947 98.701299 53.333333 100.000000 63.218391 47.126437 65.384615 75.308642 58.904110 100.000000 51.851852 98.780488 58.620690 59.740260 55.000000 83.561644 87.209302 54.794521 100.000000 54.794521 100.000000 58.904110 97.297297 54.794521 100.000000 57.333333 98.648649 55.952381 83.908046 54.794521 100.000000 52.873563 87.951807 52.873563 59.770115 77.011494 60.256410 60.000000 54.794521 100.000000 54.794521 100.000000 54.794521 100.000000 57.333333 96.551724 51.724138 96.551724 57.142857 98.750000 100.000000 94.366197 58.620690 60.526316 53.086420 79.452055 44.871795 43.589744 60.240964 86.206897
dre-mir-23a-1 41.573034 58.139535 54.794521 73.333333 61.538462 70.370370 52.631579 63.636364 53.333333 63.218391 100.000000 46.067416 58.974359 62.962963 54.794521 63.513514 51.851852 60.975610 81.818182 61.038961 55.000000 61.643836 60.465116 52.054795 61.797753 52.054795 61.797753 56.164384 64.864865 52.054795 61.797753 53.333333 62.162162 50.000000 49.438202 54.794521 73.333333 43.678161 56.626506 48.314607 57.303371 51.685393 64.102564 64.705882 52.054795 61.797753 52.054795 61.797753 52.054795 61.797753 53.333333 58.426966 48.314607 59.550562 60.000000 66.250000 72.131148 64.788732 81.818182 61.842105 54.320988 64.383562 47.435897 47.435897 66.265060 59.090909
dre-mir-23a-2 47.826087 50.000000 47.945205 61.666667 51.923077 62.962963 46.052632 48.051948 46.666667 47.126437 46.067416 100.000000 61.538462 44.444444 47.945205 54.054054 46.913580 52.439024 48.863636 54.545455 88.750000 54.794521 46.511628 47.945205 41.836735 47.945205 42.268041 47.945205 54.054054 47.945205 42.268041 44.000000 50.000000 47.619048 45.918367 47.945205 61.666667 50.574713 49.397590 73.195876 47.959184 44.897959 50.000000 48.235294 47.945205 42.268041 47.945205 42.268041 47.945205 42.268041 46.666667 43.298969 41.836735 43.877551 48.571429 51.250000 60.655738 52.112676 48.863636 55.263158 82.716049 52.054795 47.435897 47.435897 61.445783 46.590909
dre-mir-23a-3 62.820513 58.974359 52.054795 75.000000 55.769231 74.074074 51.315789 66.233766 50.666667 65.384615 58.974359 61.538462 100.000000 56.410256 52.054795 68.918919 46.153846 65.384615 57.692308 75.324675 60.256410 69.863014 66.666667 54.794521 65.384615 54.794521 65.384615 56.164384 70.270270 54.794521 65.384615 52.000000 68.918919 61.538462 65.384615 52.054795 75.000000 60.256410 65.384615 60.256410 75.641026 65.384615 55.128205 55.128205 54.794521 65.384615 54.794521 65.384615 54.794521 65.384615 52.000000 65.384615 52.564103 67.948718 51.428571 67.948718 73.770492 69.014085 57.692308 75.000000 60.256410 67.123288 52.564103 52.564103 71.794872 65.384615
dre-mir-23b   46.913580 75.308642 54.794521 81.666667 57.692308 79.629630 50.000000 77.922078 53.333333 75.308642 62.962963 44.444444 56.410256 100.000000 53.424658 78.378378 46.913580 74.074074 66.666667 58.441558 47.500000 80.821918 72.839506 52.054795 75.308642 52.054795 75.308642 54.794521 77.027027 52.054795 75.308642 50.666667 78.378378 46.913580 70.370370 54.794521 81.666667 50.617284 71.604938 48.148148 55.555556 72.839506 58.974359 64.197531 52.054795 75.308642 52.054795 75.308642 52.054795 75.308642 50.666667 74.074074 49.382716 72.839506 57.142857 75.000000 80.327869 73.239437 66.666667 59.210526 49.382716 79.452055 42.307692 44.871795 58.024691 76.543210
eca-mir-23a   68.493151 54.794521 98.630137 61.666667 98.076923 59.259259 94.520548 60.273973 98.630137 58.904110 54.794521 47.945205 52.054795 53.424658 100.000000 58.904110 94.520548 58.904110 61.643836 52.054795 46.575342 53.424658 52.054795 95.890411 58.904110 95.890411 58.904110 86.301370 57.534247 95.890411 58.904110 93.150685 60.273973 68.493151 54.794521 98.630137 61.666667 69.863014 53.424658 47.945205 57.534247 56.164384 56.164384 54.794521 95.890411 58.904110 95.890411 58.904110 95.890411 58.904110 94.520548 60.273973 90.410959 57.534247 97.142857 57.534247 60.655738 54.929577 61.643836 52.054795 47.945205 52.054795 60.273973 58.904110 50.684932 53.424658
eca-mir-23b   58.108108 93.243243 54.794521 100.000000 55.769231 100.000000 58.108108 98.648649 54.054054 100.000000 63.513514 54.054054 68.918919 78.378378 58.904110 100.000000 54.054054 100.000000 59.459459 62.162162 58.108108 83.561644 90.540541 54.794521 100.000000 54.794521 100.000000 56.164384 97.297297 54.794521 100.000000 58.108108 98.648649 60.810811 93.243243 54.794521 100.000000 58.108108 93.243243 56.756757 63.513514 82.432432 60.810811 66.216216 54.794521 100.000000 54.794521 100.000000 54.794521 100.000000 58.108108 98.648649 55.405405 98.648649 57.142857 98.648649 100.000000 92.957746 59.459459 62.162162 56.756757 79.452055 47.297297 44.594595 60.810811 95.945946
efu-mir-23a   61.728395 49.382716 97.260274 56.666667 98.076923 53.703704 90.789474 51.948052 97.333333 51.851852 51.851852 46.913580 46.153846 46.913580 94.520548 54.054054 100.000000 53.086420 53.086420 46.753247 46.250000 49.315068 48.148148 95.890411 51.851852 95.890411 51.851852 84.931507 52.702703 95.890411 51.851852 90.666667 54.054054 60.493827 50.617284 97.260274 56.666667 58.024691 49.382716 44.444444 46.913580 51.851852 52.564103 49.382716 95.890411 51.851852 95.890411 51.851852 95.890411 51.851852 92.000000 53.086420 81.481481 51.851852 98.571429 48.750000 55.737705 50.704225 53.086420 47.368421 44.444444 53.424658 55.128205 56.410256 49.382716 49.382716
efu-mir-23b   59.756098 91.463415 54.794521 100.000000 55.769231 100.000000 56.578947 98.701299 53.333333 98.780488 60.975610 52.439024 65.384615 74.074074 58.904110 100.000000 53.086420 100.000000 57.317073 59.740260 55.000000 83.561644 89.024390 54.794521 98.780488 54.794521 98.780488 57.534247 97.297297 54.794521 98.780488 57.333333 98.648649 54.878049 87.804878 54.794521 100.000000 56.097561 90.243902 56.097561 59.756098 79.268293 60.256410 59.756098 54.794521 98.780488 54.794521 98.780488 54.794521 98.780488 57.333333 98.780488 51.219512 98.780488 57.142857 96.250000 100.000000 95.774648 57.317073 60.526316 53.086420 79.452055 44.871795 43.589744 56.097561 91.463415
fru-mir-23a-1 48.863636 53.488372 61.643836 68.333333 67.307692 64.814815 60.526316 58.441558 60.000000 58.620690 81.818182 48.863636 57.692308 66.666667 61.643836 59.459459 53.086420 57.317073 100.000000 59.740260 56.250000 58.904110 56.976744 57.534247 57.954545 57.534247 57.954545 64.383562 59.459459 57.534247 57.954545 61.333333 56.756757 50.000000 50.000000 61.643836 68.333333 47.126437 53.012048 52.272727 56.818182 48.863636 60.256410 62.352941 57.534247 57.954545 57.534247 57.954545 57.534247 57.954545 61.333333 54.545455 55.681818 56.818182 61.428571 62.500000 67.213115 60.563380 100.000000 60.526316 55.555556 58.904110 53.846154 53.846154 61.445783 55.681818
fru-mir-23a-2 57.142857 55.844156 52.054795 66.666667 55.769231 64.814815 48.684211 62.337662 50.666667 59.740260 61.038961 54.545455 75.324675 58.441558 52.054795 62.162162 46.753247 59.740260 59.740260 100.000000 55.844156 63.013699 61.038961 52.054795 59.740260 52.054795 59.740260 50.684932 66.216216 52.054795 59.740260 49.333333 64.864865 57.142857 55.844156 52.054795 66.666667 59.740260 54.545455 61.038961 92.207792 59.740260 57.142857 55.844156 52.054795 59.740260 52.054795 59.740260 52.054795 59.740260 49.333333 62.337662 48.051948 62.337662 51.428571 62.337662 65.573770 61.971831 59.740260 100.000000 61.038961 60.273973 55.844156 58.441558 75.324675 59.740260
fru-mir-23a-3 51.250000 55.000000 49.315068 66.666667 55.769231 64.814815 52.631579 57.142857 48.000000 55.000000 55.000000 88.750000 60.256410 47.500000 46.575342 58.108108 46.250000 55.000000 56.250000 55.844156 100.000000 54.794521 52.500000 49.315068 55.000000 49.315068 55.000000 53.424658 58.108108 49.315068 55.000000 52.000000 58.108108 47.500000 52.500000 49.315068 66.666667 55.000000 52.500000 91.250000 55.000000 50.000000 56.410256 55.000000 49.315068 55.000000 49.315068 55.000000 49.315068 55.000000 52.000000 55.000000 50.000000 55.000000 52.857143 55.000000 65.573770 56.338028 56.250000 56.578947 92.500000 56.164384 52.564103 52.564103 61.250000 52.500000
fru-mir-23b   50.684932 82.191781 49.315068 86.666667 55.769231 85.185185 49.315068 82.191781 49.315068 83.561644 61.643836 54.794521 69.863014 80.821918 53.424658 83.561644 49.315068 83.561644 58.904110 63.013699 54.794521 100.000000 83.561644 49.315068 83.561644 49.315068 83.561644 49.315068 84.931507 49.315068 83.561644 49.315068 82.191781 54.794521 80.821918 49.315068 86.666667 53.424658 80.821918 53.424658 67.123288 100.000000 56.164384 67.123288 49.315068 83.561644 49.315068 83.561644 49.315068 83.561644 49.315068 82.191781 49.315068 84.931507 51.428571 84.931507 85.245902 78.873239 58.904110 63.013699 53.424658 97.260274 46.575342 43.835616 61.643836 84.931507
gga-mir-23b   50.000000 90.697674 49.315068 96.666667 55.769231 96.296296 51.315789 88.311688 48.000000 87.209302 60.465116 46.511628 66.666667 72.839506 52.054795 90.540541 48.148148 89.024390 56.976744 61.038961 52.500000 83.561644 100.000000 49.315068 87.209302 49.315068 87.209302 52.054795 91.891892 49.315068 87.209302 52.000000 89.189189 54.761905 77.906977 49.315068 96.666667 50.000000 92.771084 50.000000 55.813953 80.232558 60.256410 56.470588 49.315068 87.209302 49.315068 87.209302 49.315068 87.209302 52.000000 87.209302 44.186047 89.534884 51.428571 88.750000 95.081967 95.774648 56.976744 61.842105 51.851852 80.821918 44.871795 44.871795 59.036145 90.697674
ggo-mir-23a   71.232877 50.684932 98.630137 56.666667 98.076923 53.703704 93.150685 57.534247 98.630137 54.794521 52.054795 47.945205 54.794521 52.054795 95.890411 54.794521 95.890411 54.794521 57.534247 52.054795 49.315068 49.315068 49.315068 100.000000 54.794521 100.000000 54.794521 90.410959 53.424658 100.000000 54.794521 91.780822 57.534247 69.863014 50.684932 98.630137 56.666667 71.232877 53.424658 47.945205 58.904110 52.054795 56.164384 57.534247 100.000000 54.794521 100.000000 54.794521 100.000000 54.794521 93.150685 57.534247 94.520548 53.424658 97.142857 53.424658 55.737705 50.704225 57.534247 52.054795 47.945205 53.424658 61.643836 58.904110 50.684932 50.684932
ggo-mir-23b   54.347826 86.046512 54.794521 100.000000 55.769231 100.000000 56.578947 98.701299 53.333333 100.000000 61.797753 41.836735 65.384615 75.308642 58.904110 100.000000 51.851852 98.780488 57.954545 59.740260 55.000000 83.561644 87.209302 54.794521 100.000000 54.794521 97.938144 58.904110 97.297297 54.794521 97.938144 57.333333 98.648649 55.952381 69.444444 54.794521 100.000000 52.873563 87.951807 47.422680 53.061224 62.037037 60.256410 60.000000 54.794521 97.938144 54.794521 97.938144 54.794521 97.938144 57.333333 93.814433 44.444444 83.333333 57.142857 98.750000 100.000000 94.366197 57.954545 60.526316 53.086420 79.452055 44.871795 43.589744 60.240964 86.363636
hsa-mir-23a   71.232877 50.684932 98.630137 56.666667 98.076923 53.703704 93.150685 57.534247 98.630137 54.794521 52.054795 47.945205 54.794521 52.054795 95.890411 54.794521 95.890411 54.794521 57.534247 52.054795 49.315068 49.315068 49.315068 100.000000 54.794521 100.000000 54.794521 90.410959 53.424658 100.000000 54.794521 91.780822 57.534247 69.863014 50.684932 98.630137 56.666667 71.232877 53.424658 47.945205 58.904110 52.054795 56.164384 57.534247 100.000000 54.794521 100.000000 54.794521 100.000000 54.794521 93.150685 57.534247 94.520548 53.424658 97.142857 53.424658 55.737705 50.704225 57.534247 52.054795 47.945205 53.424658 61.643836 58.904110 50.684932 50.684932
hsa-mir-23b   54.347826 86.046512 54.794521 100.000000 55.769231 100.000000 56.578947 98.701299 53.333333 100.000000 61.797753 42.268041 65.384615 75.308642 58.904110 100.000000 51.851852 98.780488 57.954545 59.740260 55.000000 83.561644 87.209302 54.794521 97.938144 54.794521 100.000000 58.904110 97.297297 54.794521 100.000000 57.333333 98.648649 55.952381 75.257732 54.794521 100.000000 52.873563 87.951807 47.422680 53.608247 69.072165 60.256410 60.000000 54.794521 100.000000 54.794521 100.000000 54.794521 100.000000 57.333333 95.876289 48.453608 93.814433 57.142857 98.750000 100.000000 94.366197 57.954545 60.526316 53.086420 79.452055 44.871795 43.589744 60.240964 86.363636
mdo-mir-23a   65.753425 53.424658 87.671233 58.333333 90.384615 55.555556 87.671233 58.904110 87.671233 58.904110 56.164384 47.945205 56.164384 54.794521 86.301370 56.164384 84.931507 57.534247 64.383562 50.684932 53.424658 49.315068 52.054795 90.410959 58.904110 90.410959 58.904110 100.000000 54.794521 90.410959 58.904110 87.671233 57.534247 71.232877 52.054795 87.671233 58.333333 67.123288 54.794521 52.054795 54.794521 49.315068 54.794521 54.794521 90.410959 58.904110 90.410959 58.904110 90.410959 58.904110 87.671233 58.904110 100.000000 56.164384 90.000000 57.534247 57.377049 53.521127 64.383562 50.684932 52.054795 52.054795 67.123288 65.753425 50.684932 53.424658
mdo-mir-23b   58.108108 91.891892 53.424658 98.333333 55.769231 98.148148 56.756757 95.945946 52.702703 97.297297 64.864865 54.054054 70.270270 77.027027 57.534247 97.297297 52.702703 97.297297 59.459459 66.216216 58.108108 84.931507 91.891892 53.424658 97.297297 53.424658 97.297297 54.794521 100.000000 53.424658 97.297297 56.756757 95.945946 63.513514 93.243243 53.424658 98.333333 58.108108 89.189189 56.756757 67.567568 83.783784 62.162162 66.216216 53.424658 97.297297 53.424658 97.297297 53.424658 97.297297 56.756757 95.945946 54.054054 98.648649 55.714286 98.648649 98.360656 92.957746 59.459459 66.216216 56.756757 80.821918 47.297297 44.594595 60.810811 93.243243
mml-mir-23a   71.232877 50.684932 98.630137 56.666667 98.076923 53.703704 93.150685 57.534247 98.630137 54.794521 52.054795 47.945205 54.794521 52.054795 95.890411 54.794521 95.890411 54.794521 57.534247 52.054795 49.315068 49.315068 49.315068 100.000000 54.794521 100.000000 54.794521 90.410959 53.424658 100.000000 54.794521 91.780822 57.534247 69.863014 50.684932 98.630137 56.666667 71.232877 53.424658 47.945205 58.904110 52.054795 56.164384 57.534247 100.000000 54.794521 100.000000 54.794521 100.000000 54.794521 93.150685 57.534247 94.520548 53.424658 97.142857 53.424658 55.737705 50.704225 57.534247 52.054795 47.945205 53.424658 61.643836 58.904110 50.684932 50.684932
mml-mir-23b   54.347826 86.046512 54.794521 100.000000 55.769231 100.000000 56.578947 98.701299 53.333333 100.000000 61.797753 42.268041 65.384615 75.308642 58.904110 100.000000 51.851852 98.780488 57.954545 59.740260 55.000000 83.561644 87.209302 54.794521 97.938144 54.794521 100.000000 58.904110 97.297297 54.794521 100.000000 57.333333 98.648649 55.952381 75.257732 54.794521 100.000000 52.873563 87.951807 47.422680 53.608247 69.072165 60.256410 60.000000 54.794521 100.000000 54.794521 100.000000 54.794521 100.000000 57.333333 95.876289 48.453608 93.814433 57.142857 98.750000 100.000000 94.366197 57.954545 60.526316 53.086420 79.452055 44.871795 43.589744 60.240964 86.363636
mmu-mir-23a   62.666667 53.333333 94.520548 61.666667 96.153846 59.259259 96.000000 57.333333 93.333333 57.333333 53.333333 44.000000 52.000000 50.666667 93.150685 58.108108 90.666667 57.333333 61.333333 49.333333 52.000000 49.315068 52.000000 91.780822 57.333333 91.780822 57.333333 87.671233 56.756757 91.780822 57.333333 100.000000 58.108108 66.666667 53.333333 94.520548 61.666667 62.666667 54.666667 50.666667 50.666667 50.666667 52.000000 49.333333 91.780822 57.333333 91.780822 57.333333 91.780822 57.333333 98.666667 57.333333 88.000000 56.000000 94.285714 56.000000 60.655738 54.929577 61.333333 49.333333 50.666667 52.054795 65.333333 64.000000 52.000000 53.333333
mmu-mir-23b   58.108108 91.891892 57.534247 98.333333 59.615385 98.148148 58.108108 100.000000 56.756757 98.648649 62.162162 50.000000 68.918919 78.378378 60.273973 98.648649 54.054054 98.648649 56.756757 64.864865 58.108108 82.191781 89.189189 57.534247 98.648649 57.534247 98.648649 57.534247 95.945946 57.534247 98.648649 58.108108 100.000000 60.810811 91.891892 57.534247 98.333333 58.108108 91.891892 56.756757 66.216216 81.081081 62.162162 66.216216 57.534247 98.648649 57.534247 98.648649 57.534247 98.648649 58.108108 100.000000 56.756757 97.297297 60.000000 97.297297 98.360656 91.549296 56.756757 64.864865 56.756757 76.712329 48.648649 44.594595 60.810811 94.594595
oan-mir-23a   71.428571 48.809524 68.493151 65.000000 71.153846 62.962963 65.789474 58.441558 66.666667 55.952381 50.000000 47.619048 61.538462 46.913580 68.493151 60.810811 60.493827 54.878049 50.000000 57.142857 47.500000 54.794521 54.761905 69.863014 55.952381 69.863014 55.952381 71.232877 63.513514 69.863014 55.952381 66.666667 60.810811 100.000000 53.571429 68.493151 65.000000 76.190476 49.397590 46.428571 58.333333 47.619048 47.435897 50.000000 69.863014 55.952381 69.863014 55.952381 69.863014 55.952381 66.666667 53.571429 65.476190 55.952381 70.000000 58.750000 63.934426 57.746479 50.000000 57.894737 45.679012 54.794521 65.384615 65.384615 53.012048 52.380952
oan-mir-23b   52.173913 77.906977 50.684932 95.000000 53.846154 92.592593 52.631579 88.311688 49.333333 83.908046 49.438202 45.918367 65.384615 70.370370 54.794521 93.243243 50.617284 87.804878 50.000000 55.844156 52.500000 80.821918 77.906977 50.684932 69.444444 50.684932 75.257732 52.054795 93.243243 50.684932 75.257732 53.333333 91.891892 53.571429 100.000000 50.684932 95.000000 47.126437 80.722892 44.329897 46.938776 59.633028 57.692308 60.000000 50.684932 75.257732 50.684932 75.257732 50.684932 75.257732 53.333333 76.288660 40.366972 67.889908 52.857143 86.250000 95.081967 87.323944 50.000000 56.578947 50.617284 76.712329 48.717949 43.589744 51.807229 81.818182
oar-mir-23a   68.493151 50.684932 100.000000 56.666667 100.000000 53.703704 95.890411 57.534247 100.000000 54.794521 54.794521 47.945205 52.054795 54.794521 98.630137 54.794521 97.260274 54.794521 61.643836 52.054795 49.315068 49.315068 49.315068 98.630137 54.794521 98.630137 54.794521 87.671233 53.424658 98.630137 54.794521 94.520548 57.534247 68.493151 50.684932 100.000000 56.666667 69.863014 50.684932 47.945205 54.794521 52.054795 56.164384 54.794521 98.630137 54.794521 98.630137 54.794521 98.630137 54.794521 95.890411 57.534247 91.780822 53.424658 98.571429 53.424658 55.737705 50.704225 61.643836 52.054795 47.945205 53.424658 60.273973 58.904110 50.684932 50.684932
oar-mir-23b   63.333333 98.333333 56.666667 100.000000 55.769231 100.000000 61.666667 98.333333 56.666667 100.000000 73.333333 61.666667 75.000000 81.666667 61.666667 100.000000 56.666667 100.000000 68.333333 66.666667 66.666667 86.666667 96.666667 56.666667 100.000000 56.666667 100.000000 58.333333 98.333333 56.666667 100.000000 61.666667 98.333333 65.000000 95.000000 56.666667 100.000000 63.333333 98.333333 65.000000 66.666667 86.666667 71.666667 75.000000 56.666667 100.000000 56.666667 100.000000 56.666667 100.000000 61.666667 98.333333 58.333333 100.000000 56.666667 100.000000 100.000000 98.333333 68.333333 66.666667 65.000000 85.000000 58.333333 55.000000 63.333333 98.333333
oha-mir-23a   78.160920 48.837209 69.863014 63.333333 71.153846 61.111111 65.789474 59.740260 68.000000 52.873563 43.678161 50.574713 60.256410 50.617284 69.863014 58.108108 58.024691 56.097561 47.126437 59.740260 55.000000 53.424658 50.000000 71.232877 52.873563 71.232877 52.873563 67.123288 58.108108 71.232877 52.873563 62.666667 58.108108 76.190476 47.126437 69.863014 63.333333 100.000000 53.012048 50.574713 52.873563 44.827586 53.846154 45.882353 71.232877 52.873563 71.232877 52.873563 71.232877 52.873563 66.666667 52.873563 62.068966 56.321839 67.142857 57.500000 62.295082 53.521127 47.126437 60.526316 51.851852 53.424658 61.538462 64.102564 55.421687 49.425287
oha-mir-23b   55.421687 96.385542 50.684932 98.333333 55.769231 98.148148 56.578947 89.610390 49.333333 87.951807 56.626506 49.397590 65.384615 71.604938 53.424658 93.243243 49.382716 90.243902 53.012048 54.545455 52.500000 80.821918 92.771084 53.424658 87.951807 53.424658 87.951807 54.794521 89.189189 53.424658 87.951807 54.666667 91.891892 49.397590 80.722892 50.684932 98.333333 53.012048 100.000000 46.987952 50.602410 75.903614 58.974359 59.036145 53.424658 87.951807 53.424658 87.951807 53.424658 87.951807 54.666667 87.951807 50.602410 86.746988 52.857143 85.000000 96.721311 88.732394 53.012048 55.263158 50.617284 79.452055 46.153846 44.871795 51.807229 89.156627
ola-mir-23a-1 41.304348 48.837209 47.945205 65.000000 55.769231 66.666667 50.000000 54.545455 46.666667 52.873563 48.314607 73.195876 60.256410 48.148148 47.945205 56.756757 44.444444 56.097561 52.272727 61.038961 91.250000 53.424658 50.000000 47.945205 47.422680 47.945205 47.422680 52.054795 56.756757 47.945205 47.422680 50.666667 56.756757 46.428571 44.329897 47.945205 65.000000 50.574713 46.987952 100.000000 50.515464 43.298969 52.564103 51.764706 47.945205 47.422680 47.945205 47.422680 47.945205 47.422680 50.666667 47.422680 39.175258 53.608247 51.428571 55.000000 63.934426 57.746479 52.272727 61.842105 98.765432 53.424658 53.846154 53.846154 63.855422 46.590909
ola-mir-23a-2 50.000000 54.651163 54.794521 66.666667 57.692308 64.814815 51.315789 63.636364 53.333333 59.770115 57.303371 47.959184 75.641026 55.555556 57.534247 63.513514 46.913580 59.756098 56.818182 92.207792 55.000000 67.123288 55.813953 58.904110 53.061224 58.904110 53.608247 54.794521 67.567568 58.904110 53.608247 50.666667 66.216216 58.333333 46.938776 54.794521 66.666667 52.873563 50.602410 50.515464 100.000000 54.081633 53.846154 50.588235 58.904110 53.608247 58.904110 53.608247 58.904110 53.608247 52.000000 55.670103 44.897959 57.142857 52.857143 65.000000 65.573770 61.971831 56.818182 93.421053 59.259259 61.643836 57.692308 60.256410 73.493976 51.136364
ola-mir-23b   43.478261 76.744186 52.054795 86.666667 55.769231 85.185185 52.631579 77.922078 52.000000 77.011494 51.685393 44.897959 65.384615 72.839506 56.164384 82.432432 51.851852 79.268293 48.863636 59.740260 50.000000 100.000000 80.232558 52.054795 62.037037 52.054795 69.072165 49.315068 83.783784 52.054795 69.072165 50.666667 81.081081 47.619048 59.633028 52.054795 86.666667 44.827586 75.903614 43.298969 54.081633 100.000000 52.564103 58.823529 52.054795 69.072165 52.054795 69.072165 52.054795 69.072165 50.666667 69.072165 42.201835 67.889908 51.428571 77.500000 85.245902 78.873239 48.863636 60.526316 48.148148 97.260274 43.589744 44.871795 54.216867 75.000000
pma-mir-23a   52.564103 57.692308 56.164384 71.666667 63.461538 72.222222 53.947368 62.337662 54.666667 60.256410 64.102564 50.000000 55.128205 58.974359 56.164384 60.810811 52.564103 60.256410 60.256410 57.142857 56.410256 56.164384 60.256410 56.164384 60.256410 56.164384 60.256410 54.794521 62.162162 56.164384 60.256410 52.000000 62.162162 47.435897 57.692308 56.164384 71.666667 53.846154 58.974359 52.564103 53.846154 52.564103 100.000000 55.128205 56.164384 60.256410 56.164384 60.256410 56.164384 60.256410 54.666667 61.538462 53.846154 61.538462 58.571429 61.538462 70.491803 64.788732 60.256410 57.894737 52.564103 52.054795 47.435897 46.153846 64.102564 60.256410
pma-mir-23b   45.882353 57.647059 54.794521 75.000000 61.538462 72.222222 50.000000 63.636364 53.333333 60.000000 64.705882 48.235294 55.128205 64.197531 54.794521 66.216216 49.382716 59.756098 62.352941 55.844156 55.000000 67.123288 56.470588 57.534247 60.000000 57.534247 60.000000 54.794521 66.216216 57.534247 60.000000 49.333333 66.216216 50.000000 60.000000 54.794521 75.000000 45.882353 59.036145 51.764706 50.588235 58.823529 55.128205 100.000000 57.534247 60.000000 57.534247 60.000000 57.534247 60.000000 49.333333 57.647059 50.588235 57.647059 55.714286 61.250000 73.770492 66.197183 62.352941 56.578947 54.320988 65.753425 44.871795 47.435897 54.216867 56.470588
ppa-mir-23a   71.232877 50.684932 98.630137 56.666667 98.076923 53.703704 93.150685 57.534247 98.630137 54.794521 52.054795 47.945205 54.794521 52.054795 95.890411 54.794521 95.890411 54.794521 57.534247 52.054795 49.315068 49.315068 49.315068 100.000000 54.794521 100.000000 54.794521 90.410959 53.424658 100.000000 54.794521 91.780822 57.534247 69.863014 50.684932 98.630137 56.666667 71.232877 53.424658 47.945205 58.904110 52.054795 56.164384 57.534247 100.000000 54.794521 100.000000 54.794521 100.000000 54.794521 93.150685 57.534247 94.520548 53.424658 97.142857 53.424658 55.737705 50.704225 57.534247 52.054795 47.945205 53.424658 61.643836 58.904110 50.684932 50.684932
ppa-mir-23b   54.347826 86.046512 54.794521 100.000000 55.769231 100.000000 56.578947 98.701299 53.333333 100.000000 61.797753 42.268041 65.384615 75.308642 58.904110 100.000000 51.851852 98.780488 57.954545 59.740260 55.000000 83.561644 87.209302 54.794521 97.938144 54.794521 100.000000 58.904110 97.297297 54.794521 100.000000 57.333333 98.648649 55.952381 75.257732 54.794521 100.000000 52.873563 87.951807 47.422680 53.608247 69.072165 60.256410 60.000000 54.794521 100.000000 54.794521 100.000000 54.794521 100.000000 57.333333 95.876289 48.453608 93.814433 57.142857 98.750000 100.000000 94.366197 57.954545 60.526316 53.086420 79.452055 44.871795 43.589744 60.240964 86.363636
ppy-mir-23a   71.232877 50.684932 98.630137 56.666667 98.076923 53.703704 93.150685 57.534247 98.630137 54.794521 52.054795 47.945205 54.794521 52.054795 95.890411 54.794521 95.890411 54.794521 57.534247 52.054795 49.315068 49.315068 49.315068 100.000000 54.794521 100.000000 54.794521 90.410959 53.424658 100.000000 54.794521 91.780822 57.534247 69.863014 50.684932 98.630137 56.666667 71.232877 53.424658 47.945205 58.904110 52.054795 56.164384 57.534247 100.000000 54.794521 100.000000 54.794521 100.000000 54.794521 93.150685 57.534247 94.520548 53.424658 97.142857 53.424658 55.737705 50.704225 57.534247 52.054795 47.945205 53.424658 61.643836 58.904110 50.684932 50.684932
ppy-mir-23b   54.347826 86.046512 54.794521 100.000000 55.769231 100.000000 56.578947 98.701299 53.333333 100.000000 61.797753 42.268041 65.384615 75.308642 58.904110 100.000000 51.851852 98.780488 57.954545 59.740260 55.000000 83.561644 87.209302 54.794521 97.938144 54.794521 100.000000 58.904110 97.297297 54.794521 100.000000 57.333333 98.648649 55.952381 75.257732 54.794521 100.000000 52.873563 87.951807 47.422680 53.608247 69.072165 60.256410 60.000000 54.794521 100.000000 54.794521 100.000000 54.794521 100.000000 57.333333 95.876289 48.453608 93.814433 57.142857 98.750000 100.000000 94.366197 57.954545 60.526316 53.086420 79.452055 44.871795 43.589744 60.240964 86.363636
ptr-mir-23a   71.232877 50.684932 98.630137 56.666667 98.076923 53.703704 93.150685 57.534247 98.630137 54.794521 52.054795 47.945205 54.794521 52.054795 95.890411 54.794521 95.890411 54.794521 57.534247 52.054795 49.315068 49.315068 49.315068 100.000000 54.794521 100.000000 54.794521 90.410959 53.424658 100.000000 54.794521 91.780822 57.534247 69.863014 50.684932 98.630137 56.666667 71.232877 53.424658 47.945205 58.904110 52.054795 56.164384 57.534247 100.000000 54.794521 100.000000 54.794521 100.000000 54.794521 93.150685 57.534247 94.520548 53.424658 97.142857 53.424658 55.737705 50.704225 57.534247 52.054795 47.945205 53.424658 61.643836 58.904110 50.684932 50.684932
ptr-mir-23b   54.347826 86.046512 54.794521 100.000000 55.769231 100.000000 56.578947 98.701299 53.333333 100.000000 61.797753 42.268041 65.384615 75.308642 58.904110 100.000000 51.851852 98.780488 57.954545 59.740260 55.000000 83.561644 87.209302 54.794521 97.938144 54.794521 100.000000 58.904110 97.297297 54.794521 100.000000 57.333333 98.648649 55.952381 75.257732 54.794521 100.000000 52.873563 87.951807 47.422680 53.608247 69.072165 60.256410 60.000000 54.794521 100.000000 54.794521 100.000000 54.794521 100.000000 57.333333 95.876289 48.453608 93.814433 57.142857 98.750000 100.000000 94.366197 57.954545 60.526316 53.086420 79.452055 44.871795 43.589744 60.240964 86.363636
rno-mir-23a   66.666667 53.333333 95.890411 61.666667 96.153846 59.259259 97.333333 57.333333 94.666667 57.333333 53.333333 46.666667 52.000000 50.666667 94.520548 58.108108 92.000000 57.333333 61.333333 49.333333 52.000000 49.315068 52.000000 93.150685 57.333333 93.150685 57.333333 87.671233 56.756757 93.150685 57.333333 98.666667 58.108108 66.666667 53.333333 95.890411 61.666667 66.666667 54.666667 50.666667 52.000000 50.666667 54.666667 49.333333 93.150685 57.333333 93.150685 57.333333 93.150685 57.333333 100.000000 57.333333 89.333333 56.000000 94.285714 56.000000 60.655738 54.929577 61.333333 49.333333 50.666667 52.054795 65.333333 62.666667 52.000000 53.333333
rno-mir-23b   55.434783 86.046512 57.534247 98.333333 59.615385 98.148148 56.578947 100.000000 56.000000 96.551724 58.426966 43.298969 65.384615 74.074074 60.273973 98.648649 53.086420 98.780488 54.545455 62.337662 55.000000 82.191781 87.209302 57.534247 93.814433 57.534247 95.876289 58.904110 95.945946 57.534247 95.876289 57.333333 100.000000 53.571429 76.288660 57.534247 98.333333 52.873563 87.951807 47.422680 55.670103 69.072165 61.538462 57.647059 57.534247 95.876289 57.534247 95.876289 57.534247 95.876289 57.333333 100.000000 48.453608 92.783505 60.000000 96.250000 98.360656 94.366197 54.545455 63.157895 53.086420 76.712329 46.153846 43.589744 57.831325 87.500000
sha-mir-23a   59.782609 47.674419 91.780822 58.333333 90.384615 55.555556 90.789474 55.844156 90.666667 51.724138 48.314607 41.836735 52.564103 49.382716 90.410959 55.405405 81.481481 51.219512 55.681818 48.051948 50.000000 49.315068 44.186047 94.520548 44.444444 94.520548 48.453608 100.000000 54.054054 94.520548 48.453608 88.000000 56.756757 65.476190 40.366972 91.780822 58.333333 62.068966 50.602410 39.175258 44.897959 42.201835 53.846154 50.588235 94.520548 48.453608 94.520548 48.453608 94.520548 48.453608 89.333333 48.453608 100.000000 38.666667 90.000000 55.000000 57.377049 53.521127 55.681818 48.684211 48.148148 52.054795 62.820513 64.102564 46.987952 45.454545
sha-mir-23b   53.260870 84.883721 53.424658 100.000000 55.769231 100.000000 55.263158 97.402597 52.000000 96.551724 59.550562 43.877551 67.948718 72.839506 57.534247 98.648649 51.851852 98.780488 56.818182 62.337662 55.000000 84.931507 89.534884 53.424658 83.333333 53.424658 93.814433 56.164384 98.648649 53.424658 93.814433 56.000000 97.297297 55.952381 67.889908 53.424658 100.000000 56.321839 86.746988 53.608247 57.142857 67.889908 61.538462 57.647059 53.424658 93.814433 53.424658 93.814433 53.424658 93.814433 56.000000 92.783505 38.666667 100.000000 55.714286 98.750000 100.000000 97.183099 56.818182 63.157895 53.086420 80.821918 44.871795 43.589744 59.036145 84.090909
ssc-mir-23a   64.285714 52.857143 98.571429 56.666667 100.000000 53.703704 94.285714 60.000000 98.571429 57.142857 60.000000 48.571429 51.428571 57.142857 97.142857 57.142857 98.571429 57.142857 61.428571 51.428571 52.857143 51.428571 51.428571 97.142857 57.142857 97.142857 57.142857 90.000000 55.714286 97.142857 57.142857 94.285714 60.000000 70.000000 52.857143 98.571429 56.666667 67.142857 52.857143 51.428571 52.857143 51.428571 58.571429 55.714286 97.142857 57.142857 97.142857 57.142857 97.142857 57.142857 94.285714 60.000000 90.000000 55.714286 100.000000 55.714286 55.737705 51.428571 61.428571 51.428571 51.428571 55.714286 61.428571 60.000000 55.714286 52.857143
ssc-mir-23b   57.500000 86.250000 53.424658 100.000000 55.769231 100.000000 55.263158 97.402597 52.000000 98.750000 66.250000 51.250000 67.948718 75.000000 57.534247 98.648649 48.750000 96.250000 62.500000 62.337662 55.000000 84.931507 88.750000 53.424658 98.750000 53.424658 98.750000 57.534247 98.648649 53.424658 98.750000 56.000000 97.297297 58.750000 86.250000 53.424658 100.000000 57.500000 85.000000 55.000000 65.000000 77.500000 61.538462 61.250000 53.424658 98.750000 53.424658 98.750000 53.424658 98.750000 56.000000 96.250000 55.000000 98.750000 55.714286 100.000000 100.000000 95.774648 62.500000 63.157895 53.750000 80.821918 44.871795 43.589744 61.250000 90.000000
tch-mir-23b   62.295082 96.721311 55.737705 100.000000 55.769231 100.000000 60.655738 98.360656 55.737705 100.000000 72.131148 60.655738 73.770492 80.327869 60.655738 100.000000 55.737705 100.000000 67.213115 65.573770 65.573770 85.245902 95.081967 55.737705 100.000000 55.737705 100.000000 57.377049 98.360656 55.737705 100.000000 60.655738 98.360656 63.934426 95.081967 55.737705 100.000000 62.295082 96.721311 63.934426 65.573770 85.245902 70.491803 73.770492 55.737705 100.000000 55.737705 100.000000 55.737705 100.000000 60.655738 98.360656 57.377049 100.000000 55.737705 100.000000 100.000000 98.360656 67.213115 65.573770 63.934426 83.606557 57.377049 54.098361 62.295082 96.721311
tgu-mir-23    56.338028 91.549296 50.704225 98.333333 55.769231 98.148148 54.929577 92.957746 50.704225 94.366197 64.788732 52.112676 69.014085 73.239437 54.929577 92.957746 50.704225 95.774648 60.563380 61.971831 56.338028 78.873239 95.774648 50.704225 94.366197 50.704225 94.366197 53.521127 92.957746 50.704225 94.366197 54.929577 91.549296 57.746479 87.323944 50.704225 98.333333 53.521127 88.732394 57.746479 61.971831 78.873239 64.788732 66.197183 50.704225 94.366197 50.704225 94.366197 50.704225 94.366197 54.929577 94.366197 53.521127 97.183099 51.428571 95.774648 98.360656 100.000000 60.563380 61.971831 54.929577 74.647887 49.295775 46.478873 57.746479 94.366197
