64
aca-mir-27a   100.000000 61.643836 52.054795 63.013699 55.000000 66.666667 54.794521 65.753425 54.794521 63.013699 63.013699 54.794521 60.273973 46.575342 52.054795 50.684932 63.013699 53.424658 63.013699 61.643836 60.273973 46.575342 57.534247 50.684932 65.753425 50.684932 65.753425 57.534247 63.013699 50.684932 65.753425 47.945205 65.753425 58.904110 54.794521 54.794521 85.915493 61.643836 56.164384 45.205479 63.013699 53.424658 49.315068 57.534247 50.684932 46.575342 65.753425 50.684932 65.753425 46.575342 65.753425 61.643836 52.054795 63.013699 54.838710 69.841270 61.643836 61.643836 63.013699 46.575342 60.273973 58.904110 45.205479 45.205479
aca-mir-27b   61.643836 100.000000 57.894737 93.421053 55.000000 95.238095 59.210526 93.421053 57.894737 93.421053 57.894737 82.894737 47.368421 75.000000 61.842105 59.210526 95.890411 61.842105 93.421053 95.945946 51.315789 60.526316 96.052632 60.526316 93.421053 60.526316 93.421053 64.473684 90.789474 60.526316 93.421053 61.842105 97.260274 65.789474 84.210526 57.894737 64.788732 98.684211 56.578947 61.842105 55.263158 65.789474 65.333333 54.666667 60.526316 52.631579 93.421053 60.526316 93.421053 60.526316 93.421053 94.736842 55.263158 93.421053 56.451613 96.825397 96.052632 95.945946 50.000000 61.842105 57.894737 94.736842 52.631579 52.631579
bta-mir-27a   52.054795 57.894737 100.000000 50.000000 86.666667 52.380952 83.333333 50.000000 98.717949 50.000000 58.974359 47.435897 48.717949 46.153846 48.717949 81.818182 53.424658 83.333333 50.000000 55.405405 43.589744 46.153846 55.128205 84.615385 50.000000 84.615385 50.000000 75.641026 51.282051 84.615385 50.000000 84.615385 53.424658 61.538462 52.564103 98.717949 61.971831 56.410256 60.256410 50.000000 46.153846 51.282051 60.000000 44.000000 84.615385 75.641026 50.000000 84.615385 50.000000 83.333333 50.000000 53.846154 97.435897 50.000000 80.645161 52.380952 51.282051 55.405405 46.052632 50.000000 61.842105 53.846154 50.000000 50.000000
bta-mir-27b   63.013699 93.421053 50.000000 100.000000 55.000000 100.000000 54.320988 96.341463 46.987952 100.000000 46.391753 74.725275 39.772727 75.280899 56.701031 55.844156 100.000000 56.097561 98.850575 93.243243 53.846154 53.608247 93.814433 57.692308 96.907216 57.692308 96.907216 55.813953 92.783505 57.692308 96.907216 52.873563 98.630137 60.000000 80.412371 50.000000 64.788732 92.682927 44.086022 57.731959 51.546392 61.363636 64.000000 53.333333 57.692308 48.750000 96.907216 57.692308 96.875000 50.574713 96.907216 92.783505 47.560976 100.000000 56.451613 98.412698 93.406593 93.243243 56.578947 60.240964 57.894737 88.541667 47.560976 47.560976
cfa-mir-27a   55.000000 55.000000 86.666667 55.000000 100.000000 55.000000 93.333333 55.000000 88.333333 55.000000 53.333333 50.000000 45.000000 48.333333 46.666667 95.000000 55.000000 93.333333 55.000000 55.000000 45.000000 53.333333 55.000000 98.333333 55.000000 98.333333 55.000000 76.666667 51.666667 98.333333 55.000000 86.666667 55.000000 56.666667 55.000000 88.333333 60.000000 55.000000 61.666667 53.333333 48.333333 56.666667 65.000000 45.000000 98.333333 96.666667 55.000000 98.333333 55.000000 85.000000 55.000000 55.000000 88.333333 55.000000 96.666667 55.000000 55.000000 55.000000 50.000000 53.333333 61.666667 55.000000 58.333333 58.333333
cfa-mir-27b   66.666667 95.238095 52.380952 100.000000 55.000000 100.000000 57.142857 98.412698 52.380952 100.000000 55.555556 80.952381 50.793651 73.015873 63.492063 58.730159 100.000000 63.492063 100.000000 95.238095 58.730159 61.904762 93.650794 58.730159 98.412698 58.730159 98.412698 63.492063 93.650794 58.730159 98.412698 60.317460 98.412698 66.666667 87.301587 52.380952 66.666667 95.238095 50.793651 63.492063 63.492063 65.079365 61.904762 50.793651 58.730159 55.555556 98.412698 58.730159 98.412698 60.317460 98.412698 92.063492 52.380952 100.000000 56.451613 98.412698 95.238095 95.238095 60.317460 63.492063 60.317460 93.650794 47.619048 47.619048
cgr-mir-27a   54.794521 59.210526 83.333333 54.320988 93.333333 57.142857 100.000000 53.086420 87.654321 54.320988 54.320988 49.382716 40.740741 49.382716 41.975309 88.311688 58.904110 87.654321 54.320988 56.756757 38.461538 48.148148 55.555556 92.307692 53.086420 92.307692 53.086420 74.074074 50.617284 92.307692 53.086420 85.185185 58.904110 59.259259 55.555556 84.615385 56.338028 55.555556 59.259259 51.851852 41.975309 51.851852 60.000000 41.333333 92.307692 82.500000 53.086420 92.307692 53.086420 82.716049 53.086420 53.086420 82.716049 55.000000 90.322581 57.142857 54.320988 56.756757 44.736842 49.382716 55.263158 53.086420 53.086420 53.086420
cgr-mir-27b   65.753425 93.421053 50.000000 96.341463 55.000000 98.412698 53.086420 100.000000 47.560976 96.341463 51.219512 79.268293 40.243902 73.170732 63.414634 55.844156 98.630137 54.878049 93.902439 94.594595 50.000000 59.756098 91.463415 56.410256 100.000000 56.410256 100.000000 57.317073 91.463415 56.410256 100.000000 54.878049 100.000000 63.414634 79.268293 50.000000 66.197183 92.682927 48.780488 60.975610 53.658537 63.414634 65.333333 56.000000 56.410256 47.500000 100.000000 56.410256 100.000000 53.658537 100.000000 96.341463 47.560976 97.500000 56.451613 100.000000 92.682927 94.594595 52.631579 58.536585 57.894737 93.902439 45.121951 45.121951
chi-mir-27a   54.794521 57.894737 98.717949 46.987952 88.333333 52.380952 87.654321 47.560976 100.000000 46.987952 55.421687 46.987952 48.192771 44.578313 43.373494 85.714286 53.424658 81.707317 46.987952 55.405405 43.589744 48.192771 51.807229 87.179487 46.987952 87.179487 46.987952 69.879518 48.192771 87.179487 46.987952 79.518072 53.424658 62.650602 49.397590 100.000000 64.788732 53.658537 56.626506 51.807229 45.783133 48.192771 61.333333 44.000000 87.179487 77.500000 46.987952 87.179487 46.987952 78.313253 46.987952 50.602410 93.902439 48.750000 83.870968 52.380952 48.192771 55.405405 48.684211 49.397590 61.842105 50.602410 50.000000 50.000000
chi-mir-27b   63.013699 93.421053 50.000000 100.000000 55.000000 100.000000 54.320988 96.341463 46.987952 100.000000 43.269231 74.725275 39.772727 75.280899 54.807692 55.844156 100.000000 56.097561 98.850575 93.243243 53.846154 52.000000 93.814433 57.692308 96.153846 57.692308 96.907216 55.813953 92.783505 57.692308 96.907216 52.873563 98.630137 60.000000 76.923077 50.000000 64.788732 92.682927 44.086022 55.445545 48.076923 61.363636 64.000000 53.333333 57.692308 48.750000 96.907216 57.692308 96.875000 50.574713 96.907216 91.346154 47.560976 100.000000 56.451613 98.412698 93.406593 93.243243 56.578947 60.240964 57.894737 88.541667 47.560976 47.560976
dre-mir-27a   63.013699 57.894737 58.974359 46.391753 53.333333 55.555556 54.320988 51.219512 55.421687 43.269231 100.000000 45.054945 53.409091 40.449438 35.849057 54.545455 60.273973 56.097561 51.724138 54.054054 42.307692 40.000000 46.391753 53.846154 38.888889 53.846154 43.298969 60.465116 44.329897 53.846154 43.298969 52.873563 57.534247 55.294118 37.606838 58.974359 64.788732 54.878049 68.817204 37.623762 42.990654 45.454545 53.333333 54.666667 53.846154 47.500000 43.298969 53.846154 43.750000 51.724138 43.298969 34.351145 58.536585 56.250000 51.612903 52.380952 47.252747 54.054054 39.473684 49.397590 55.263158 43.750000 69.512195 69.512195
dre-mir-27b   54.794521 82.894737 47.435897 74.725275 50.000000 80.952381 49.382716 79.268293 46.987952 74.725275 45.054945 100.000000 40.909091 65.168539 57.142857 49.350649 82.191781 48.780488 75.862069 83.783784 53.846154 58.241758 76.923077 52.564103 75.824176 52.564103 75.824176 46.511628 73.626374 52.564103 75.824176 45.977011 83.561644 58.823529 71.428571 47.435897 61.971831 81.707317 47.252747 59.340659 53.846154 56.818182 56.000000 57.333333 52.564103 45.000000 75.824176 52.564103 75.824176 44.827586 75.824176 76.923077 45.121951 77.500000 51.612903 82.539683 76.923077 83.783784 52.631579 59.036145 53.947368 82.417582 47.560976 47.560976
dre-mir-27c   60.273973 47.368421 48.717949 39.772727 45.000000 50.793651 40.740741 40.243902 48.192771 39.772727 53.409091 40.909091 100.000000 37.500000 35.227273 46.753247 45.205479 46.341463 40.229885 47.297297 71.794872 31.818182 42.045455 42.307692 37.500000 42.307692 37.500000 46.511628 42.045455 42.307692 37.500000 40.229885 45.205479 43.529412 45.454545 48.717949 60.563380 45.121951 48.863636 35.227273 62.500000 42.045455 42.666667 52.000000 42.307692 43.750000 37.500000 42.307692 37.500000 39.080460 37.500000 37.500000 46.341463 41.250000 43.548387 50.793651 42.045455 47.297297 72.368421 39.759036 51.315789 39.772727 43.902439 43.902439
dre-mir-27d   46.575342 75.000000 46.153846 75.280899 48.333333 73.015873 49.382716 73.170732 44.578313 75.280899 40.449438 65.168539 37.500000 100.000000 51.685393 50.649351 75.342466 50.000000 74.712644 74.324324 46.153846 51.685393 76.404494 48.717949 75.280899 48.717949 75.280899 53.488372 76.404494 48.717949 75.280899 45.977011 78.082192 45.882353 73.033708 47.435897 47.887324 73.170732 43.820225 59.550562 46.067416 52.272727 62.666667 45.333333 48.717949 42.500000 75.280899 48.717949 75.280899 45.977011 75.280899 75.280899 47.560976 72.500000 50.000000 76.190476 74.157303 74.324324 50.000000 51.807229 47.368421 75.280899 45.121951 45.121951
dre-mir-27e   52.054795 61.842105 48.717949 56.701031 46.666667 63.492063 41.975309 63.414634 43.373494 54.807692 35.849057 57.142857 35.227273 51.685393 100.000000 46.753247 63.013699 40.243902 59.770115 64.864865 41.025641 75.000000 57.731959 43.589744 56.603774 43.589744 59.793814 45.348837 57.731959 43.589744 59.793814 43.678161 64.383562 47.058824 59.433962 46.153846 56.338028 60.975610 38.709677 71.287129 34.905660 60.227273 46.666667 57.333333 43.589744 38.750000 59.793814 43.589744 60.416667 43.678161 59.793814 54.716981 43.902439 61.250000 54.838710 65.079365 61.538462 64.864865 40.789474 77.108434 55.263158 58.333333 40.243902 40.243902
eca-mir-27a   50.684932 59.210526 81.818182 55.844156 95.000000 58.730159 88.311688 55.844156 85.714286 55.844156 54.545455 49.350649 46.753247 50.649351 46.753247 100.000000 58.904110 96.103896 55.844156 56.756757 46.753247 46.753247 58.441558 94.805195 55.844156 94.805195 55.844156 71.428571 53.246753 94.805195 55.844156 83.116883 58.904110 55.844156 57.142857 84.415584 60.563380 58.441558 51.948052 50.649351 49.350649 49.350649 58.666667 45.333333 94.805195 87.012987 55.844156 94.805195 55.844156 81.818182 55.844156 55.844156 84.415584 55.844156 96.774194 58.730159 55.844156 56.756757 47.368421 50.649351 57.894737 55.844156 53.246753 53.246753
eca-mir-27b   63.013699 95.890411 53.424658 100.000000 55.000000 100.000000 58.904110 98.630137 53.424658 100.000000 60.273973 82.191781 45.205479 75.342466 63.013699 58.904110 100.000000 63.013699 100.000000 93.150685 53.424658 61.643836 94.520548 60.273973 98.630137 60.273973 98.630137 64.383562 94.520548 60.273973 98.630137 61.643836 98.630137 67.123288 83.561644 53.424658 64.788732 95.890411 54.794521 63.013699 57.534247 68.493151 65.753425 53.424658 60.273973 52.054795 98.630137 60.273973 98.630137 60.273973 98.630137 93.150685 53.424658 100.000000 56.451613 98.412698 95.890411 93.150685 54.794521 63.013699 60.273973 94.520548 49.315068 49.315068
efu-mir-27a   53.424658 61.842105 83.333333 56.097561 93.333333 63.492063 87.654321 54.878049 81.707317 56.097561 56.097561 48.780488 46.341463 50.000000 40.243902 96.103896 63.013699 100.000000 56.097561 59.459459 48.717949 42.682927 57.317073 92.307692 54.878049 92.307692 54.878049 70.731707 53.658537 92.307692 54.878049 82.926829 61.643836 54.878049 57.317073 84.615385 63.380282 57.317073 51.219512 46.341463 48.780488 48.780488 64.000000 41.333333 92.307692 82.500000 54.878049 92.307692 54.878049 84.146341 54.878049 54.878049 84.146341 57.500000 91.935484 61.904762 54.878049 59.459459 48.684211 46.341463 55.263158 54.878049 50.000000 50.000000
efu-mir-27b   63.013699 93.421053 50.000000 98.850575 55.000000 100.000000 54.320988 93.902439 46.987952 98.850575 51.724138 75.862069 40.229885 74.712644 59.770115 55.844156 100.000000 56.097561 100.000000 93.243243 53.846154 57.471264 93.103448 57.692308 94.252874 57.692308 94.252874 55.813953 91.954023 57.692308 94.252874 52.873563 98.630137 60.000000 82.758621 50.000000 64.788732 92.682927 47.126437 58.620690 54.022989 64.367816 64.000000 53.333333 57.692308 48.750000 94.252874 57.692308 94.252874 50.574713 94.252874 89.655172 47.560976 98.750000 56.451613 98.412698 93.103448 93.243243 56.578947 55.421687 57.894737 91.954023 47.560976 47.560976
fru-mir-27b   61.643836 95.945946 55.405405 93.243243 55.000000 95.238095 56.756757 94.594595 55.405405 93.243243 54.054054 83.783784 47.297297 74.324324 64.864865 56.756757 93.150685 59.459459 93.243243 100.000000 51.351351 67.567568 94.594595 58.108108 94.594595 58.108108 94.594595 62.162162 91.891892 58.108108 94.594595 59.459459 94.520548 66.216216 86.486486 55.405405 63.380282 97.297297 54.054054 66.216216 55.405405 66.216216 62.162162 54.054054 58.108108 55.405405 94.594595 58.108108 94.594595 58.108108 94.594595 95.945946 52.702703 93.243243 56.451613 96.825397 95.945946 100.000000 50.000000 66.216216 60.810811 95.945946 51.351351 51.351351
fru-mir-27c   60.273973 51.315789 43.589744 53.846154 45.000000 58.730159 38.461538 50.000000 43.589744 53.846154 42.307692 53.846154 71.794872 46.153846 41.025641 46.753247 53.424658 48.717949 53.846154 51.351351 100.000000 39.743590 55.128205 42.307692 52.564103 42.307692 52.564103 47.435897 53.846154 42.307692 52.564103 39.743590 53.424658 56.410256 55.128205 43.589744 61.971831 50.000000 37.179487 44.871795 93.589744 47.435897 42.666667 52.000000 42.307692 43.589744 52.564103 42.307692 52.564103 42.307692 52.564103 50.000000 44.871795 50.000000 43.548387 58.730159 55.128205 51.351351 89.473684 44.871795 47.368421 52.564103 51.282051 51.282051
fru-mir-27e   46.575342 60.526316 46.153846 53.608247 53.333333 61.904762 48.148148 59.756098 48.192771 52.000000 40.000000 58.241758 31.818182 51.685393 75.000000 46.753247 61.643836 42.682927 57.471264 67.567568 39.743590 100.000000 54.639175 50.000000 54.000000 50.000000 55.670103 46.511628 51.546392 50.000000 55.670103 49.425287 63.013699 42.352941 54.000000 48.717949 43.661972 58.536585 39.784946 90.000000 37.000000 57.954545 50.666667 46.666667 50.000000 50.000000 55.670103 50.000000 56.250000 48.275862 55.670103 52.000000 46.341463 58.750000 54.838710 63.492063 54.945055 67.567568 32.894737 95.180723 53.947368 54.166667 41.463415 41.463415
gga-mir-27b   57.534247 96.052632 55.128205 93.814433 55.000000 93.650794 55.555556 91.463415 51.807229 93.814433 46.391753 76.923077 42.045455 76.404494 57.731959 58.441558 94.520548 57.317073 93.103448 94.594595 55.128205 54.639175 100.000000 58.974359 92.783505 58.974359 92.783505 59.302326 88.659794 58.974359 92.783505 54.022989 95.890411 62.352941 81.443299 55.128205 63.380282 96.341463 46.236559 58.762887 52.577320 61.363636 62.666667 56.000000 58.974359 50.000000 92.783505 58.974359 92.708333 52.873563 92.783505 92.783505 51.219512 92.500000 56.451613 95.238095 95.604396 94.594595 55.263158 61.445783 57.894737 91.666667 52.439024 52.439024
ggo-mir-27a   50.684932 60.526316 84.615385 57.692308 98.333333 58.730159 92.307692 56.410256 87.179487 57.692308 53.846154 52.564103 42.307692 48.717949 43.589744 94.805195 60.273973 92.307692 57.692308 58.108108 42.307692 50.000000 58.974359 100.000000 56.410256 100.000000 56.410256 75.641026 53.846154 100.000000 56.410256 87.179487 60.273973 56.410256 56.410256 85.897436 57.746479 58.974359 60.256410 53.846154 43.589744 53.846154 58.666667 42.666667 100.000000 92.307692 56.410256 100.000000 56.410256 84.615385 56.410256 56.410256 85.897436 57.692308 96.774194 58.730159 57.692308 58.108108 46.052632 51.282051 57.894737 56.410256 55.128205 55.128205
ggo-mir-27b   65.753425 93.421053 50.000000 96.907216 55.000000 98.412698 53.086420 100.000000 46.987952 96.153846 38.888889 75.824176 37.500000 75.280899 56.603774 55.844156 98.630137 54.878049 94.252874 94.594595 52.564103 54.000000 92.783505 56.410256 100.000000 56.410256 100.000000 54.651163 90.721649 56.410256 100.000000 51.724138 100.000000 61.176471 74.074074 50.000000 66.197183 92.682927 43.010753 57.425743 45.794393 61.363636 65.333333 56.000000 56.410256 47.500000 100.000000 56.410256 100.000000 50.574713 100.000000 90.740741 47.560976 97.500000 56.451613 100.000000 91.208791 94.594595 55.263158 62.650602 57.894737 92.708333 47.560976 47.560976
hsa-mir-27a   50.684932 60.526316 84.615385 57.692308 98.333333 58.730159 92.307692 56.410256 87.179487 57.692308 53.846154 52.564103 42.307692 48.717949 43.589744 94.805195 60.273973 92.307692 57.692308 58.108108 42.307692 50.000000 58.974359 100.000000 56.410256 100.000000 56.410256 75.641026 53.846154 100.000000 56.410256 87.179487 60.273973 56.410256 56.410256 85.897436 57.746479 58.974359 60.256410 53.846154 43.589744 53.846154 58.666667 42.666667 100.000000 92.307692 56.410256 100.000000 56.410256 84.615385 56.410256 56.410256 85.897436 57.692308 96.774194 58.730159 57.692308 58.108108 46.052632 51.282051 57.894737 56.410256 55.128205 55.128205
hsa-mir-27b   65.753425 93.421053 50.000000 96.907216 55.000000 98.412698 53.086420 100.000000 46.987952 96.907216 43.298969 75.824176 37.500000 75.280899 59.793814 55.844156 98.630137 54.878049 94.252874 94.594595 52.564103 55.670103 92.783505 56.410256 100.000000 56.410256 100.000000 54.651163 90.721649 56.410256 100.000000 51.724138 100.000000 61.176471 78.350515 50.000000 66.197183 92.682927 43.010753 59.793814 50.515464 61.363636 65.333333 56.000000 56.410256 47.500000 100.000000 56.410256 100.000000 50.574713 100.000000 96.907216 47.560976 97.500000 56.451613 100.000000 91.208791 94.594595 55.263158 62.650602 57.894737 92.708333 47.560976 47.560976
mdo-mir-27a   57.534247 64.473684 75.641026 55.813953 76.666667 63.492063 74.074074 57.317073 69.879518 55.813953 60.465116 46.511628 46.511628 53.488372 45.348837 71.428571 64.383562 70.731707 55.813953 62.162162 47.435897 46.511628 59.302326 75.641026 54.651163 75.641026 54.651163 100.000000 52.325581 75.641026 54.651163 67.441860 64.383562 56.470588 56.976744 73.076923 64.788732 59.756098 54.651163 47.674419 50.000000 53.488372 52.000000 46.666667 75.641026 70.000000 54.651163 75.641026 54.651163 66.279070 54.651163 54.651163 68.292683 60.000000 70.967742 63.492063 55.813953 62.162162 50.000000 51.807229 63.157895 56.976744 54.878049 54.878049
mdo-mir-27b   63.013699 90.789474 51.282051 92.783505 51.666667 93.650794 50.617284 91.463415 48.192771 92.783505 44.329897 73.626374 42.045455 76.404494 57.731959 53.246753 94.520548 53.658537 91.954023 91.891892 53.846154 51.546392 88.659794 53.846154 90.721649 53.846154 90.721649 52.325581 100.000000 53.846154 90.721649 49.425287 91.780822 57.647059 79.381443 51.282051 61.971831 90.243902 46.236559 55.670103 50.515464 57.954545 61.333333 56.000000 53.846154 45.000000 90.721649 53.846154 90.625000 48.275862 90.721649 92.783505 46.341463 93.750000 53.225806 90.476190 89.010989 91.891892 53.947368 57.831325 53.947368 89.583333 46.341463 46.341463
mml-mir-27a   50.684932 60.526316 84.615385 57.692308 98.333333 58.730159 92.307692 56.410256 87.179487 57.692308 53.846154 52.564103 42.307692 48.717949 43.589744 94.805195 60.273973 92.307692 57.692308 58.108108 42.307692 50.000000 58.974359 100.000000 56.410256 100.000000 56.410256 75.641026 53.846154 100.000000 56.410256 87.179487 60.273973 56.410256 56.410256 85.897436 57.746479 58.974359 60.256410 53.846154 43.589744 53.846154 58.666667 42.666667 100.000000 92.307692 56.410256 100.000000 56.410256 84.615385 56.410256 56.410256 85.897436 57.692308 96.774194 58.730159 57.692308 58.108108 46.052632 51.282051 57.894737 56.410256 55.128205 55.128205
mml-mir-27b   65.753425 93.421053 50.000000 96.907216 55.000000 98.412698 53.086420 100.000000 46.987952 96.907216 43.298969 75.824176 37.500000 75.280899 59.793814 55.844156 98.630137 54.878049 94.252874 94.594595 52.564103 55.670103 92.783505 56.410256 100.000000 56.410256 100.000000 54.651163 90.721649 56.410256 100.000000 51.724138 100.000000 61.176471 78.350515 50.000000 66.197183 92.682927 43.010753 59.793814 50.515464 61.363636 65.333333 56.000000 56.410256 47.500000 100.000000 56.410256 100.000000 50.574713 100.000000 96.907216 47.560976 97.500000 56.451613 100.000000 91.208791 94.594595 55.263158 62.650602 57.894737 92.708333 47.560976 47.560976
mmu-mir-27a   47.945205 61.842105 84.615385 52.873563 86.666667 60.317460 85.185185 54.878049 79.518072 52.873563 52.873563 45.977011 40.229885 45.977011 43.678161 83.116883 61.643836 82.926829 52.873563 59.459459 39.743590 49.425287 54.022989 87.179487 51.724138 87.179487 51.724138 67.441860 49.425287 87.179487 51.724138 100.000000 61.643836 52.941176 51.724138 84.615385 56.338028 57.317073 57.471264 52.873563 37.931034 50.574713 64.000000 44.000000 87.179487 77.500000 51.724138 87.179487 51.724138 97.701149 51.724138 51.724138 86.585366 57.500000 83.870968 60.317460 52.873563 59.459459 44.736842 55.421687 55.263158 51.724138 48.780488 48.780488
mmu-mir-27b   65.753425 97.260274 53.424658 98.630137 55.000000 98.412698 58.904110 100.000000 53.424658 98.630137 57.534247 83.561644 45.205479 78.082192 64.383562 58.904110 98.630137 61.643836 98.630137 94.520548 53.424658 63.013699 95.890411 60.273973 100.000000 60.273973 100.000000 64.383562 91.780822 60.273973 100.000000 61.643836 100.000000 68.493151 84.931507 53.424658 66.197183 97.260274 54.794521 64.383562 57.534247 68.493151 67.123288 56.164384 60.273973 52.054795 100.000000 60.273973 100.000000 60.273973 100.000000 95.890411 53.424658 98.630137 56.451613 100.000000 97.260274 94.520548 54.794521 64.383562 60.273973 95.890411 50.684932 50.684932
oan-mir-27a   58.904110 65.789474 61.538462 60.000000 56.666667 66.666667 59.259259 63.414634 62.650602 60.000000 55.294118 58.823529 43.529412 45.882353 47.058824 55.844156 67.123288 54.878049 60.000000 66.216216 56.410256 42.352941 62.352941 56.410256 61.176471 56.410256 61.176471 56.470588 57.647059 56.410256 61.176471 52.941176 68.493151 100.000000 60.000000 61.538462 63.380282 63.414634 56.470588 44.705882 63.529412 42.352941 54.666667 57.333333 56.410256 47.500000 61.176471 56.410256 61.176471 52.941176 61.176471 61.176471 56.097561 63.750000 56.451613 68.253968 61.176471 66.216216 56.578947 45.783133 65.789474 62.352941 52.439024 52.439024
oan-mir-27b   54.794521 84.210526 52.564103 80.412371 55.000000 87.301587 55.555556 79.268293 49.397590 76.923077 37.606838 71.428571 45.454545 73.033708 59.433962 57.142857 83.561644 57.317073 82.758621 86.486486 55.128205 54.000000 81.443299 56.410256 74.074074 56.410256 78.350515 56.976744 79.381443 56.410256 78.350515 51.724138 84.931507 60.000000 100.000000 52.564103 56.338028 81.707317 44.086022 59.405941 47.663551 53.409091 58.666667 49.333333 56.410256 50.000000 78.350515 56.410256 79.166667 51.724138 78.350515 67.521368 50.000000 81.250000 56.451613 88.888889 85.714286 86.486486 57.894737 66.265060 61.842105 79.166667 47.560976 47.560976
oar-mir-27a   54.794521 57.894737 98.717949 50.000000 88.333333 52.380952 84.615385 50.000000 100.000000 50.000000 58.974359 47.435897 48.717949 47.435897 46.153846 84.415584 53.424658 84.615385 50.000000 55.405405 43.589744 48.717949 55.128205 85.897436 50.000000 85.897436 50.000000 73.076923 51.282051 85.897436 50.000000 84.615385 53.424658 61.538462 52.564103 100.000000 64.788732 56.410256 60.256410 52.564103 50.000000 51.282051 61.333333 44.000000 85.897436 78.205128 50.000000 85.897436 50.000000 83.333333 50.000000 53.846154 98.717949 50.000000 83.870968 52.380952 51.282051 55.405405 48.684211 52.564103 61.842105 53.846154 50.000000 50.000000
oha-mir-27a   85.915493 64.788732 61.971831 64.788732 60.000000 66.666667 56.338028 66.197183 64.788732 64.788732 64.788732 61.971831 60.563380 47.887324 56.338028 60.563380 64.788732 63.380282 64.788732 63.380282 61.971831 43.661972 63.380282 57.746479 66.197183 57.746479 66.197183 64.788732 61.971831 57.746479 66.197183 56.338028 66.197183 63.380282 56.338028 64.788732 100.000000 64.788732 59.154930 45.070423 64.788732 56.338028 54.929577 60.563380 57.746479 53.521127 66.197183 57.746479 66.197183 56.338028 66.197183 64.788732 61.971831 64.788732 59.677419 68.253968 63.380282 63.380282 63.380282 45.070423 69.014085 64.788732 57.746479 57.746479
oha-mir-27b   61.643836 98.684211 56.410256 92.682927 55.000000 95.238095 55.555556 92.682927 53.658537 92.682927 54.878049 81.707317 45.121951 73.170732 60.975610 58.441558 95.890411 57.317073 92.682927 97.297297 50.000000 58.536585 96.341463 58.974359 92.682927 58.974359 92.682927 59.756098 90.243902 58.974359 92.682927 57.317073 97.260274 63.414634 81.707317 56.410256 64.788732 100.000000 52.439024 59.756098 53.658537 63.414634 65.333333 56.000000 58.974359 50.000000 92.682927 58.974359 92.682927 56.097561 92.682927 93.902439 51.219512 93.750000 56.451613 96.825397 95.121951 97.297297 50.000000 57.317073 57.894737 93.902439 48.780488 48.780488
ola-mir-27a   56.164384 56.578947 60.256410 44.086022 61.666667 50.793651 59.259259 48.780488 56.626506 44.086022 68.817204 47.252747 48.863636 43.820225 38.709677 51.948052 54.794521 51.219512 47.126437 54.054054 37.179487 39.784946 46.236559 60.256410 43.010753 60.256410 43.010753 54.651163 46.236559 60.256410 43.010753 57.471264 54.794521 56.470588 44.086022 60.256410 59.154930 52.439024 100.000000 37.634409 35.483871 48.863636 50.666667 46.666667 60.256410 50.000000 43.010753 60.256410 43.010753 52.873563 43.010753 45.161290 57.317073 51.250000 58.064516 50.793651 47.252747 54.054054 40.789474 48.192771 56.578947 47.311828 57.317073 57.317073
ola-mir-27b   45.205479 61.842105 50.000000 57.731959 53.333333 63.492063 51.851852 60.975610 51.807229 55.445545 37.623762 59.340659 35.227273 59.550562 71.287129 50.649351 63.013699 46.341463 58.620690 66.216216 44.871795 90.000000 58.762887 53.846154 57.425743 53.846154 59.793814 47.674419 55.670103 53.846154 59.793814 52.873563 64.383562 44.705882 59.405941 52.564103 45.070423 59.756098 37.634409 100.000000 37.623762 60.227273 53.333333 42.666667 53.846154 50.000000 59.793814 53.846154 60.416667 51.724138 59.793814 55.445545 50.000000 60.000000 58.064516 65.079365 60.439560 66.216216 34.210526 96.385542 56.578947 58.333333 45.121951 45.121951
ola-mir-27c   63.013699 55.263158 46.153846 51.546392 48.333333 63.492063 41.975309 53.658537 45.783133 48.076923 42.990654 53.846154 62.500000 46.067416 34.905660 49.350649 57.534247 48.780488 54.022989 55.405405 93.589744 37.000000 52.577320 43.589744 45.794393 43.589744 50.515464 50.000000 50.515464 43.589744 50.515464 37.931034 57.534247 63.529412 47.663551 50.000000 64.788732 53.658537 35.483871 37.623762 100.000000 42.045455 42.666667 49.333333 43.589744 42.500000 50.515464 43.589744 51.041667 40.229885 50.515464 43.925234 48.780488 55.000000 48.387097 63.492063 54.945055 55.405405 89.473684 48.192771 48.684211 51.041667 51.219512 51.219512
ola-mir-27d   53.424658 65.789474 51.282051 61.363636 56.666667 65.079365 51.851852 63.414634 48.192771 61.363636 45.454545 56.818182 42.045455 52.272727 60.227273 49.350649 68.493151 48.780488 64.367816 66.216216 47.435897 57.954545 61.363636 53.846154 61.363636 53.846154 61.363636 53.488372 57.954545 53.846154 61.363636 50.574713 68.493151 42.352941 53.409091 51.282051 56.338028 63.414634 48.863636 60.227273 42.045455 100.000000 56.000000 58.666667 53.846154 46.250000 61.363636 53.846154 61.363636 48.275862 61.363636 57.954545 48.780488 65.000000 54.838710 65.079365 59.090909 66.216216 47.368421 57.831325 47.368421 63.636364 40.243902 40.243902
pma-mir-27a   49.315068 65.333333 60.000000 64.000000 65.000000 61.904762 60.000000 65.333333 61.333333 64.000000 53.333333 56.000000 42.666667 62.666667 46.666667 58.666667 65.753425 64.000000 64.000000 62.162162 42.666667 50.666667 62.666667 58.666667 65.333333 58.666667 65.333333 52.000000 61.333333 58.666667 65.333333 64.000000 67.123288 54.666667 58.666667 61.333333 54.929577 65.333333 50.666667 53.333333 42.666667 56.000000 100.000000 50.666667 58.666667 56.000000 65.333333 58.666667 65.333333 66.666667 65.333333 65.333333 61.333333 64.000000 64.516129 63.492063 65.333333 62.162162 41.333333 53.333333 57.333333 62.666667 50.666667 50.666667
pma-mir-27b   57.534247 54.666667 44.000000 53.333333 45.000000 50.793651 41.333333 56.000000 44.000000 53.333333 54.666667 57.333333 52.000000 45.333333 57.333333 45.333333 53.424658 41.333333 53.333333 54.054054 52.000000 46.666667 56.000000 42.666667 56.000000 42.666667 56.000000 46.666667 56.000000 42.666667 56.000000 44.000000 56.164384 57.333333 49.333333 44.000000 60.563380 56.000000 46.666667 42.666667 49.333333 58.666667 50.666667 100.000000 42.666667 40.000000 56.000000 42.666667 56.000000 44.000000 56.000000 56.000000 44.000000 53.333333 50.000000 53.968254 56.000000 54.054054 52.000000 45.333333 50.666667 56.000000 45.333333 45.333333
ppa-mir-27a   50.684932 60.526316 84.615385 57.692308 98.333333 58.730159 92.307692 56.410256 87.179487 57.692308 53.846154 52.564103 42.307692 48.717949 43.589744 94.805195 60.273973 92.307692 57.692308 58.108108 42.307692 50.000000 58.974359 100.000000 56.410256 100.000000 56.410256 75.641026 53.846154 100.000000 56.410256 87.179487 60.273973 56.410256 56.410256 85.897436 57.746479 58.974359 60.256410 53.846154 43.589744 53.846154 58.666667 42.666667 100.000000 92.307692 56.410256 100.000000 56.410256 84.615385 56.410256 56.410256 85.897436 57.692308 96.774194 58.730159 57.692308 58.108108 46.052632 51.282051 57.894737 56.410256 55.128205 55.128205
ppy-mir-27a   46.575342 52.631579 75.641026 48.750000 96.666667 55.555556 82.500000 47.500000 77.500000 48.750000 47.500000 45.000000 43.750000 42.500000 38.750000 87.012987 52.054795 82.500000 48.750000 55.405405 43.589744 50.000000 50.000000 92.307692 47.500000 92.307692 47.500000 70.000000 45.000000 92.307692 47.500000 77.500000 52.054795 47.500000 50.000000 78.205128 53.521127 50.000000 50.000000 50.000000 42.500000 46.250000 56.000000 40.000000 92.307692 100.000000 47.500000 92.307692 47.500000 75.000000 47.500000 47.500000 76.250000 48.750000 93.548387 55.555556 48.750000 55.405405 47.368421 47.500000 55.263158 47.500000 48.750000 48.750000
ppy-mir-27b   65.753425 93.421053 50.000000 96.907216 55.000000 98.412698 53.086420 100.000000 46.987952 96.907216 43.298969 75.824176 37.500000 75.280899 59.793814 55.844156 98.630137 54.878049 94.252874 94.594595 52.564103 55.670103 92.783505 56.410256 100.000000 56.410256 100.000000 54.651163 90.721649 56.410256 100.000000 51.724138 100.000000 61.176471 78.350515 50.000000 66.197183 92.682927 43.010753 59.793814 50.515464 61.363636 65.333333 56.000000 56.410256 47.500000 100.000000 56.410256 100.000000 50.574713 100.000000 96.907216 47.560976 97.500000 56.451613 100.000000 91.208791 94.594595 55.263158 62.650602 57.894737 92.708333 47.560976 47.560976
ptr-mir-27a   50.684932 60.526316 84.615385 57.692308 98.333333 58.730159 92.307692 56.410256 87.179487 57.692308 53.846154 52.564103 42.307692 48.717949 43.589744 94.805195 60.273973 92.307692 57.692308 58.108108 42.307692 50.000000 58.974359 100.000000 56.410256 100.000000 56.410256 75.641026 53.846154 100.000000 56.410256 87.179487 60.273973 56.410256 56.410256 85.897436 57.746479 58.974359 60.256410 53.846154 43.589744 53.846154 58.666667 42.666667 100.000000 92.307692 56.410256 100.000000 56.410256 84.615385 56.410256 56.410256 85.897436 57.692308 96.774194 58.730159 57.692308 58.108108 46.052632 51.282051 57.894737 56.410256 55.128205 55.128205
ptr-mir-27b   65.753425 93.421053 50.000000 96.875000 55.000000 98.412698 53.086420 100.000000 46.987952 96.875000 43.750000 75.824176 37.500000 75.280899 60.416667 55.844156 98.630137 54.878049 94.252874 94.594595 52.564103 56.250000 92.708333 56.410256 100.000000 56.410256 100.000000 54.651163 90.625000 56.410256 100.000000 51.724138 100.000000 61.176471 79.166667 50.000000 66.197183 92.682927 43.010753 60.416667 51.041667 61.363636 65.333333 56.000000 56.410256 47.500000 100.000000 56.410256 100.000000 50.574713 100.000000 96.875000 47.560976 97.500000 56.451613 100.000000 91.208791 94.594595 55.263158 62.650602 57.894737 91.666667 47.560976 47.560976
rno-mir-27a   46.575342 60.526316 83.333333 50.574713 85.000000 60.317460 82.716049 53.658537 78.313253 50.574713 51.724138 44.827586 39.080460 45.977011 43.678161 81.818182 60.273973 84.146341 50.574713 58.108108 42.307692 48.275862 52.873563 84.615385 50.574713 84.615385 50.574713 66.279070 48.275862 84.615385 50.574713 97.701149 60.273973 52.941176 51.724138 83.333333 56.338028 56.097561 52.873563 51.724138 40.229885 48.275862 66.666667 44.000000 84.615385 75.000000 50.574713 84.615385 50.574713 100.000000 50.574713 50.574713 85.365854 55.000000 82.258065 60.317460 50.574713 58.108108 43.421053 54.216867 55.263158 50.574713 45.121951 45.121951
rno-mir-27b   65.753425 93.421053 50.000000 96.907216 55.000000 98.412698 53.086420 100.000000 46.987952 96.907216 43.298969 75.824176 37.500000 75.280899 59.793814 55.844156 98.630137 54.878049 94.252874 94.594595 52.564103 55.670103 92.783505 56.410256 100.000000 56.410256 100.000000 54.651163 90.721649 56.410256 100.000000 51.724138 100.000000 61.176471 78.350515 50.000000 66.197183 92.682927 43.010753 59.793814 50.515464 61.363636 65.333333 56.000000 56.410256 47.500000 100.000000 56.410256 100.000000 50.574713 100.000000 96.907216 47.560976 97.500000 56.451613 100.000000 91.208791 94.594595 55.263158 62.650602 57.894737 92.708333 47.560976 47.560976
sha-mir-27b   61.643836 94.736842 53.846154 92.783505 55.000000 92.063492 53.086420 96.341463 50.602410 91.346154 34.351145 76.923077 37.500000 75.280899 54.716981 55.844156 93.150685 54.878049 89.655172 95.945946 50.000000 52.000000 92.783505 56.410256 90.740741 56.410256 96.907216 54.651163 92.783505 56.410256 96.907216 51.724138 95.890411 61.176471 67.521368 53.846154 64.788732 93.902439 45.161290 55.445545 43.925234 57.954545 65.333333 56.000000 56.410256 47.500000 96.907216 56.410256 96.875000 50.574713 96.907216 100.000000 48.780488 92.500000 56.451613 95.238095 91.208791 95.945946 50.000000 60.240964 55.263158 93.750000 50.000000 50.000000
ssc-mir-27a   52.054795 55.263158 97.435897 47.560976 88.333333 52.380952 82.716049 47.560976 93.902439 47.560976 58.536585 45.121951 46.341463 47.560976 43.902439 84.415584 53.424658 84.146341 47.560976 52.702703 44.871795 46.341463 51.219512 85.897436 47.560976 85.897436 47.560976 68.292683 46.341463 85.897436 47.560976 86.585366 53.424658 56.097561 50.000000 98.717949 61.971831 51.219512 57.317073 50.000000 48.780488 48.780488 61.333333 44.000000 85.897436 76.250000 47.560976 85.897436 47.560976 85.365854 47.560976 48.780488 100.000000 48.750000 83.870968 52.380952 48.780488 52.702703 50.000000 50.000000 61.842105 48.780488 47.560976 47.560976
ssc-mir-27b   63.013699 93.421053 50.000000 100.000000 55.000000 100.000000 55.000000 97.500000 48.750000 100.000000 56.250000 77.500000 41.250000 72.500000 61.250000 55.844156 100.000000 57.500000 98.750000 93.243243 50.000000 58.750000 92.500000 57.692308 97.500000 57.692308 97.500000 60.000000 93.750000 57.692308 97.500000 57.500000 98.630137 63.750000 81.250000 50.000000 64.788732 93.750000 51.250000 60.000000 55.000000 65.000000 64.000000 53.333333 57.692308 48.750000 97.500000 57.692308 97.500000 55.000000 97.500000 92.500000 48.750000 100.000000 56.451613 98.412698 95.000000 93.243243 52.631579 57.500000 57.894737 91.250000 46.250000 46.250000
tch-mir-27a   54.838710 56.451613 80.645161 56.451613 96.666667 56.451613 90.322581 56.451613 83.870968 56.451613 51.612903 51.612903 43.548387 50.000000 54.838710 96.774194 56.451613 91.935484 56.451613 56.451613 43.548387 54.838710 56.451613 96.774194 56.451613 96.774194 56.451613 70.967742 53.225806 96.774194 56.451613 83.870968 56.451613 56.451613 56.451613 83.870968 59.677419 56.451613 58.064516 58.064516 48.387097 54.838710 64.516129 50.000000 96.774194 93.548387 56.451613 96.774194 56.451613 82.258065 56.451613 56.451613 83.870968 56.451613 100.000000 56.451613 56.451613 56.451613 50.000000 58.064516 61.290323 56.451613 54.838710 54.838710
tch-mir-27b   69.841270 96.825397 52.380952 98.412698 55.000000 98.412698 57.142857 100.000000 52.380952 98.412698 52.380952 82.539683 50.793651 76.190476 65.079365 58.730159 98.412698 61.904762 98.412698 96.825397 58.730159 63.492063 95.238095 58.730159 100.000000 58.730159 100.000000 63.492063 90.476190 58.730159 100.000000 60.317460 100.000000 68.253968 88.888889 52.380952 68.253968 96.825397 50.793651 65.079365 63.492063 65.079365 63.492063 53.968254 58.730159 55.555556 100.000000 58.730159 100.000000 60.317460 100.000000 95.238095 52.380952 98.412698 56.451613 100.000000 96.825397 96.825397 60.317460 65.079365 60.317460 95.238095 49.206349 49.206349
tgu-mir-27    61.643836 96.052632 51.282051 93.406593 55.000000 95.238095 54.320988 92.682927 48.192771 93.406593 47.252747 76.923077 42.045455 74.157303 61.538462 55.844156 95.890411 54.878049 93.103448 95.945946 55.128205 54.945055 95.604396 57.692308 91.208791 57.692308 91.208791 55.813953 89.010989 57.692308 91.208791 52.873563 97.260274 61.176471 85.714286 51.282051 63.380282 95.121951 47.252747 60.439560 54.945055 59.090909 65.333333 56.000000 57.692308 48.750000 91.208791 57.692308 91.208791 50.574713 91.208791 91.208791 48.780488 95.000000 56.451613 96.825397 100.000000 95.945946 55.263158 61.445783 57.894737 90.109890 52.439024 52.439024
tni-mir-27b   61.643836 95.945946 55.405405 93.243243 55.000000 95.238095 56.756757 94.594595 55.405405 93.243243 54.054054 83.783784 47.297297 74.324324 64.864865 56.756757 93.150685 59.459459 93.243243 100.000000 51.351351 67.567568 94.594595 58.108108 94.594595 58.108108 94.594595 62.162162 91.891892 58.108108 94.594595 59.459459 94.520548 66.216216 86.486486 55.405405 63.380282 97.297297 54.054054 66.216216 55.405405 66.216216 62.162162 54.054054 58.108108 55.405405 94.594595 58.108108 94.594595 58.108108 94.594595 95.945946 52.702703 93.243243 56.451613 96.825397 95.945946 100.000000 50.000000 66.216216 60.810811 95.945946 51.351351 51.351351
tni-mir-27c   63.013699 50.000000 46.052632 56.578947 50.000000 60.317460 44.736842 52.631579 48.684211 56.578947 39.473684 52.631579 72.368421 50.000000 40.789474 47.368421 54.794521 48.684211 56.578947 50.000000 89.473684 32.894737 55.263158 46.052632 55.263158 46.052632 55.263158 50.000000 53.947368 46.052632 55.263158 44.736842 54.794521 56.578947 57.894737 48.684211 63.380282 50.000000 40.789474 34.210526 89.473684 47.368421 41.333333 52.000000 46.052632 47.368421 55.263158 46.052632 55.263158 43.421053 55.263158 50.000000 50.000000 52.631579 50.000000 60.317460 55.263158 50.000000 100.000000 32.894737 47.368421 52.631579 48.684211 48.684211
tni-mir-27e   46.575342 61.842105 50.000000 60.240964 53.333333 63.492063 49.382716 58.536585 49.397590 60.240964 49.397590 59.036145 39.759036 51.807229 77.108434 50.649351 63.013699 46.341463 55.421687 66.216216 44.871795 95.180723 61.445783 51.282051 62.650602 51.282051 62.650602 51.807229 57.831325 51.282051 62.650602 55.421687 64.383562 45.783133 66.265060 52.564103 45.070423 57.317073 48.192771 96.385542 48.192771 57.831325 53.333333 45.333333 51.282051 47.500000 62.650602 51.282051 62.650602 54.216867 62.650602 60.240964 50.000000 57.500000 58.064516 65.079365 61.445783 66.216216 32.894737 100.000000 56.578947 60.240964 41.463415 41.463415
