14
bta-mir-874 100.000000 92.105263 97.368421 98.684211 86.666667 92.105263 92.105263 92.105263 92.105263 100.000000 92.105263 90.789474 98.684211 92.105263
cfa-mir-874 92.105263 100.000000 89.743590 91.025641 100.000000 96.153846 100.000000 100.000000 98.717949 92.105263 100.000000 100.000000 93.421053 100.000000
cgr-mir-874 97.368421 89.743590 100.000000 98.750000 86.666667 87.500000 92.500000 89.743590 89.743590 97.368421 89.743590 89.610390 98.684211 92.500000
chi-mir-874 98.684211 91.025641 98.750000 100.000000 88.333333 89.024390 93.636364 91.025641 91.025641 98.684211 91.025641 90.909091 100.000000 91.666667
eca-mir-874 86.666667 100.000000 86.666667 88.333333 100.000000 95.000000 100.000000 100.000000 98.333333 86.666667 100.000000 100.000000 88.333333 100.000000
efu-mir-874 92.105263 96.153846 87.500000 89.024390 95.000000 100.000000 96.341463 96.153846 97.435897 92.105263 96.153846 96.103896 90.789474 95.121951
ggo-mir-874 92.105263 100.000000 92.500000 93.636364 100.000000 96.341463 100.000000 100.000000 98.717949 92.105263 100.000000 100.000000 93.421053 100.000000
hsa-mir-874 92.105263 100.000000 89.743590 91.025641 100.000000 96.153846 100.000000 100.000000 98.717949 92.105263 100.000000 100.000000 93.421053 100.000000
mml-mir-874 92.105263 98.717949 89.743590 91.025641 98.333333 97.435897 98.717949 98.717949 100.000000 92.105263 98.717949 98.701299 93.421053 98.717949
mmu-mir-874 100.000000 92.105263 97.368421 98.684211 86.666667 92.105263 92.105263 92.105263 92.105263 100.000000 92.105263 90.789474 98.684211 92.105263
ppy-mir-874 92.105263 100.000000 89.743590 91.025641 100.000000 96.153846 100.000000 100.000000 98.717949 92.105263 100.000000 100.000000 93.421053 100.000000
ptr-mir-874 90.789474 100.000000 89.610390 90.909091 100.000000 96.103896 100.000000 100.000000 98.701299 90.789474 100.000000 100.000000 92.105263 100.000000
rno-mir-874 98.684211 93.421053 98.684211 100.000000 88.333333 90.789474 93.421053 93.421053 93.421053 98.684211 93.421053 92.105263 100.000000 93.421053
ssc-mir-874 92.105263 100.000000 92.500000 91.666667 100.000000 95.121951 100.000000 100.000000 98.717949 92.105263 100.000000 100.000000 93.421053 100.000000
