30
aca-mir-21   100.000000 89.552239 90.000000 89.552239 89.552239 73.134328 58.208955 89.552239 89.552239 76.119403 98.507463 89.552239 89.552239 91.044776 89.552239 91.044776 89.552239 89.552239 100.000000 71.641791 77.611940 89.552239 89.552239 89.552239 89.552239 77.611940 89.552239 90.000000 97.014925 73.134328
bta-mir-21   89.552239 100.000000 100.000000 100.000000 100.000000 68.055556 62.500000 100.000000 100.000000 70.833333 91.666667 98.611111 98.611111 95.833333 98.611111 98.611111 91.666667 100.000000 90.277778 66.666667 70.833333 98.611111 98.611111 98.611111 100.000000 80.555556 100.000000 100.000000 87.500000 70.833333
cfa-mir-21   90.000000 100.000000 100.000000 100.000000 100.000000 66.666667 58.333333 100.000000 100.000000 70.000000 91.666667 98.333333 98.333333 96.666667 98.333333 100.000000 95.000000 100.000000 90.000000 60.000000 70.000000 98.333333 98.333333 98.333333 100.000000 90.000000 100.000000 100.000000 91.666667 70.000000
cgr-mir-21   89.552239 100.000000 100.000000 100.000000 100.000000 63.043478 60.869565 100.000000 100.000000 69.863014 90.217391 98.611111 98.611111 95.945946 98.611111 98.913043 89.130435 100.000000 85.185185 65.217391 67.816092 98.611111 98.611111 98.611111 100.000000 69.565217 100.000000 100.000000 87.500000 63.043478
chi-mir-21   89.552239 100.000000 100.000000 100.000000 100.000000 63.043478 60.869565 100.000000 100.000000 69.863014 90.217391 98.611111 98.611111 95.945946 98.611111 98.913043 89.130435 100.000000 85.185185 65.217391 67.816092 98.611111 98.611111 98.611111 100.000000 69.565217 100.000000 100.000000 87.500000 63.043478
dre-mir-21-1 73.134328 68.055556 66.666667 63.043478 63.043478 100.000000 51.181102 68.055556 67.500000 89.041096 68.041237 68.055556 68.055556 70.270270 68.055556 65.217391 58.771930 68.055556 72.839506 76.842105 87.356322 68.055556 68.055556 68.055556 63.043478 33.108108 63.043478 66.666667 72.222222 71.311475
dre-mir-21-2 58.208955 62.500000 58.333333 60.869565 60.869565 51.181102 100.000000 62.500000 62.500000 64.383562 60.824742 61.111111 61.111111 63.513514 61.111111 59.782609 50.877193 62.500000 66.666667 52.631579 66.666667 61.111111 61.111111 61.111111 60.869565 34.645669 60.869565 58.333333 59.722222 50.819672
eca-mir-21   89.552239 100.000000 100.000000 100.000000 100.000000 68.055556 62.500000 100.000000 100.000000 70.833333 91.666667 98.611111 98.611111 95.833333 98.611111 98.611111 91.666667 100.000000 90.277778 66.666667 70.833333 98.611111 98.611111 98.611111 100.000000 80.555556 100.000000 100.000000 87.500000 70.833333
efu-mir-21   89.552239 100.000000 100.000000 100.000000 100.000000 67.500000 62.500000 100.000000 100.000000 69.863014 88.750000 98.611111 98.611111 95.945946 98.611111 98.750000 88.750000 100.000000 86.250000 68.750000 70.000000 98.611111 98.611111 98.611111 100.000000 72.500000 100.000000 100.000000 87.500000 67.500000
fru-mir-21   76.119403 70.833333 70.000000 69.863014 69.863014 89.041096 64.383562 70.833333 69.863014 100.000000 78.082192 70.833333 70.833333 71.232877 70.833333 71.232877 68.493151 70.833333 78.082192 80.821918 98.630137 70.833333 70.833333 70.833333 69.863014 60.273973 69.863014 70.000000 75.000000 98.630137
gga-mir-21   98.507463 91.666667 91.666667 90.217391 90.217391 68.041237 60.824742 91.666667 88.750000 78.082192 100.000000 91.666667 91.666667 93.243243 91.666667 91.304348 90.721649 91.666667 93.827160 65.263158 78.160920 91.666667 91.666667 91.666667 90.217391 68.041237 90.217391 91.666667 100.000000 70.103093
ggo-mir-21   89.552239 98.611111 98.333333 98.611111 98.611111 68.055556 61.111111 98.611111 98.611111 70.833333 91.666667 100.000000 100.000000 94.444444 100.000000 97.222222 90.277778 98.611111 90.277778 66.666667 70.833333 100.000000 100.000000 100.000000 98.611111 79.166667 98.611111 98.333333 87.500000 70.833333
hsa-mir-21   89.552239 98.611111 98.333333 98.611111 98.611111 68.055556 61.111111 98.611111 98.611111 70.833333 91.666667 100.000000 100.000000 94.444444 100.000000 97.222222 90.277778 98.611111 90.277778 66.666667 70.833333 100.000000 100.000000 100.000000 98.611111 79.166667 98.611111 98.333333 87.500000 70.833333
mdo-mir-21   91.044776 95.833333 96.666667 95.945946 95.945946 70.270270 63.513514 95.833333 95.945946 71.232877 93.243243 94.444444 94.444444 100.000000 94.444444 97.297297 93.243243 95.833333 91.891892 68.918919 74.324324 94.444444 94.444444 94.444444 95.945946 79.729730 95.945946 96.666667 88.888889 72.972973
mml-mir-21   89.552239 98.611111 98.333333 98.611111 98.611111 68.055556 61.111111 98.611111 98.611111 70.833333 91.666667 100.000000 100.000000 94.444444 100.000000 97.222222 90.277778 98.611111 90.277778 66.666667 70.833333 100.000000 100.000000 100.000000 98.611111 79.166667 98.611111 98.333333 87.500000 70.833333
mmu-mir-21a  91.044776 98.611111 100.000000 98.913043 98.913043 65.217391 59.782609 98.611111 98.750000 71.232877 91.304348 97.222222 97.222222 97.297297 97.222222 100.000000 90.217391 98.611111 86.419753 65.217391 70.114943 97.222222 97.222222 97.222222 98.913043 71.739130 98.913043 100.000000 88.888889 64.130435
oan-mir-21   89.552239 91.666667 95.000000 89.130435 89.130435 58.771930 50.877193 91.666667 88.750000 68.493151 90.721649 90.277778 90.277778 93.243243 90.277778 90.217391 100.000000 91.666667 85.185185 58.947368 71.264368 90.277778 90.277778 90.277778 89.130435 64.912281 89.130435 95.000000 90.277778 60.526316
oar-mir-21   89.552239 100.000000 100.000000 100.000000 100.000000 68.055556 62.500000 100.000000 100.000000 70.833333 91.666667 98.611111 98.611111 95.833333 98.611111 98.611111 91.666667 100.000000 90.277778 66.666667 70.833333 98.611111 98.611111 98.611111 100.000000 80.555556 100.000000 100.000000 87.500000 70.833333
oha-mir-21   100.000000 90.277778 90.000000 85.185185 85.185185 72.839506 66.666667 90.277778 86.250000 78.082192 93.827160 90.277778 90.277778 91.891892 90.277778 86.419753 85.185185 90.277778 100.000000 67.901235 77.777778 90.277778 90.277778 90.277778 85.185185 70.370370 85.185185 90.000000 95.833333 72.839506
ola-mir-21-1 71.641791 66.666667 60.000000 65.217391 65.217391 76.842105 52.631579 66.666667 68.750000 80.821918 65.263158 66.666667 66.666667 68.918919 66.666667 65.217391 58.947368 66.666667 67.901235 100.000000 77.011494 66.666667 66.666667 66.666667 65.217391 43.157895 65.217391 60.000000 69.444444 65.263158
ola-mir-21-2 77.611940 70.833333 70.000000 67.816092 67.816092 87.356322 66.666667 70.833333 70.000000 98.630137 78.160920 70.833333 70.833333 74.324324 70.833333 70.114943 71.264368 70.833333 77.777778 77.011494 100.000000 70.833333 70.833333 70.833333 67.816092 57.471264 67.816092 70.000000 79.166667 94.252874
ppa-mir-21   89.552239 98.611111 98.333333 98.611111 98.611111 68.055556 61.111111 98.611111 98.611111 70.833333 91.666667 100.000000 100.000000 94.444444 100.000000 97.222222 90.277778 98.611111 90.277778 66.666667 70.833333 100.000000 100.000000 100.000000 98.611111 79.166667 98.611111 98.333333 87.500000 70.833333
ppy-mir-21   89.552239 98.611111 98.333333 98.611111 98.611111 68.055556 61.111111 98.611111 98.611111 70.833333 91.666667 100.000000 100.000000 94.444444 100.000000 97.222222 90.277778 98.611111 90.277778 66.666667 70.833333 100.000000 100.000000 100.000000 98.611111 79.166667 98.611111 98.333333 87.500000 70.833333
ptr-mir-21   89.552239 98.611111 98.333333 98.611111 98.611111 68.055556 61.111111 98.611111 98.611111 70.833333 91.666667 100.000000 100.000000 94.444444 100.000000 97.222222 90.277778 98.611111 90.277778 66.666667 70.833333 100.000000 100.000000 100.000000 98.611111 79.166667 98.611111 98.333333 87.500000 70.833333
rno-mir-21   89.552239 100.000000 100.000000 100.000000 100.000000 63.043478 60.869565 100.000000 100.000000 69.863014 90.217391 98.611111 98.611111 95.945946 98.611111 98.913043 89.130435 100.000000 85.185185 65.217391 67.816092 98.611111 98.611111 98.611111 100.000000 69.565217 100.000000 100.000000 87.500000 63.043478
sha-mir-21   77.611940 80.555556 90.000000 69.565217 69.565217 33.108108 34.645669 80.555556 72.500000 60.273973 68.041237 79.166667 79.166667 79.729730 79.166667 71.739130 64.912281 80.555556 70.370370 43.157895 57.471264 79.166667 79.166667 79.166667 69.565217 100.000000 69.565217 90.000000 83.333333 42.622951
ssc-mir-21   89.552239 100.000000 100.000000 100.000000 100.000000 63.043478 60.869565 100.000000 100.000000 69.863014 90.217391 98.611111 98.611111 95.945946 98.611111 98.913043 89.130435 100.000000 85.185185 65.217391 67.816092 98.611111 98.611111 98.611111 100.000000 69.565217 100.000000 100.000000 87.500000 63.043478
tch-mir-21   90.000000 100.000000 100.000000 100.000000 100.000000 66.666667 58.333333 100.000000 100.000000 70.000000 91.666667 98.333333 98.333333 96.666667 98.333333 100.000000 95.000000 100.000000 90.000000 60.000000 70.000000 98.333333 98.333333 98.333333 100.000000 90.000000 100.000000 100.000000 91.666667 70.000000
tgu-mir-21   97.014925 87.500000 91.666667 87.500000 87.500000 72.222222 59.722222 87.500000 87.500000 75.000000 100.000000 87.500000 87.500000 88.888889 87.500000 88.888889 90.277778 87.500000 95.833333 69.444444 79.166667 87.500000 87.500000 87.500000 87.500000 83.333333 87.500000 91.666667 100.000000 75.000000
tni-mir-21   73.134328 70.833333 70.000000 63.043478 63.043478 71.311475 50.819672 70.833333 67.500000 98.630137 70.103093 70.833333 70.833333 72.972973 70.833333 64.130435 60.526316 70.833333 72.839506 65.263158 94.252874 70.833333 70.833333 70.833333 63.043478 42.622951 63.043478 70.000000 75.000000 100.000000
